1 Juve 1.05755 0.37238 0.4006 127.34 72.98 16 17.5 34 17.5 17.5 33 32.5 33 
1 Juve 1.09202 0.38499 0.42406 128.52 74.6 16 17.5 34 17.5 17.5 33 32.5 33 
1 Juve 1.12871 0.39722 0.42866 119.76 69.6 17.5 33 16 17.5 34 17.5 32.5 33 
1 Juve 1.06146 0.3761 0.40537 123.63 69.8 32.5 33 16 17.5 34 17.5 17.5 33 
1 Juve 1.10203 0.38866 0.42018 179.51 99.2 16 17.5 34 17.5 17.5 33 32.5 33 
1 Juve 0.967704 0.33691 0.36638 128.02 71.201 16 17.5 34 17.5 17.5 33 32.5 33 
1 Juve 1.19019 0.41953 0.45024 120.65 68.4 34 17.5 16 17.5 17.5 33 32.5 33 
1 Juve 1.12001 0.39375 0.42757 137.36 77.4 17.5 33 16 17.5 34 17.5 32.5 33 
1 Juve 1.0574 0.3704 0.40091 216.84 117.8 34 17.5 16 17.5 17.5 33 32.5 33 
1 Juve 1.10939 0.3902 0.42019 143.98 81.2 32.5 33 16 17.5 34 17.5 17.5 33 
1 Juve 1.08666 0.38388 0.41121 119.9 70 16 17.5 34 17.5 17.5 33 32.5 33 
1 Juve 1.22185 0.43212 0.46006 126.89 70.8 32.5 33 16 17.5 34 17.5 17.5 33 
1 Juve 1.2231 0.43201 0.45902 120.65 68.8 34 17.5 16 17.5 17.5 33 32.5 33 
1 Juve 1.27311 0.4504 0.48228 130.85 74.2 17.5 33 16 17.5 34 17.5 32.5 33 
1 Juve 1.22773 0.43356 0.46552 142.99 78.2 17.5 33 16 17.5 34 17.5 32.5 33 
1 Juve 1.06737 0.3767 0.41014 128.21 72.2 32.5 33 16 17.5 34 17.5 17.5 33 
1 Juve 1.11535 0.39425 0.42452 117.86 64.4 34 17.5 16 17.5 17.5 33 32.5 33 
1 Juve 1.27706 0.44968 0.48371 171.39 98.2 32.5 33 16 17.5 34 17.5 17.5 33 
1 Juve 1.23786 0.43458 0.47112 147.87 80 16 17.5 34 17.5 17.5 33 32.5 33 
1 Juve 1.2289 0.43067 0.46375 127.76 74 16 17.5 34 17.5 17.5 33 32.5 33 
1 Juve 1.23814 0.43446 0.46766 139.74 80.8 17.5 33 16 17.5 34 17.5 32.5 33 
1 Juve 1.21656 0.42782 0.45958 127.17 75.2 17.5 33 16 17.5 34 17.5 32.5 33 
1 Juve 1.26033 0.44599 0.47421 123.88 72.4 16 17.5 34 17.5 17.5 33 32.5 33 
1 Juve 1.04521 0.3641 0.39143 129.33 74.8 17.5 33 16 17.5 34 17.5 32.5 33 
1 Juve 1.14763 0.40262 0.43378 148.44 86.4 17.5 33 16 17.5 34 17.5 32.5 33 
1 Juve 1.22161 0.4307 0.4599 112.68 63.6 16 17.5 34 17.5 17.5 33 32.5 33 
1 Juve 1.04889 0.36805 0.3983 113.61 63.8 16 17.5 34 17.5 17.5 33 32.5 33 
1 Juve 1.19733 0.42218 0.4516 121.55 70.6 16 17.5 34 17.5 17.5 33 32.5 33 
1 Juve 1.26188 0.44455 0.47608 149.35 84.6 34 17.5 16 17.5 17.5 33 32.5 33 
1 Juve 1.24191 0.43807 0.46619 113.14 64.2 34 17.5 16 17.5 17.5 33 32.5 33 
1 Juve 1.2296 0.43308 0.46271 120.21 71.6 34 17.5 16 17.5 17.5 33 32.5 33 
1 Juve 1.28092 0.45257 0.48353 144.11 81.4 32.5 33 16 17.5 34 17.5 17.5 33 
1 Juve 1.12279 0.39501 0.43006 116.26 69 17.5 33 16 17.5 34 17.5 32.5 33 
1 Juve 1.09195 0.38038 0.40945 123.76 67.4 34 17.5 16 17.5 17.5 33 32.5 33 
1 Juve 1.04292 0.36286 0.39492 154.08 87.6 34 17.5 16 17.5 17.5 33 32.5 33 
1 Juve 1.20509 0.42446 0.45406 128.07 76.8 32.5 33 16 17.5 34 17.5 17.5 33 
1 Juve 1.25668 0.44442 0.47372 119.17 67.8 32.5 33 16 17.5 34 17.5 17.5 33 
1 Juve 1.2481 0.43965 0.47116 126.7 71.4 34 17.5 16 17.5 17.5 33 32.5 33 
1 Juve 1.08572 0.3781 0.40957 137.3 79.4 34 17.5 16 17.5 17.5 33 32.5 33 
1 Juve 1.20601 0.42411 0.45355 127.93 72.4 16 17.5 34 17.5 17.5 33 32.5 33 
1 Juve 1.22457 0.43202 0.46144 135.22 74.8 16 17.5 34 17.5 17.5 33 32.5 33 
1 Juve 1.26742 0.44748 0.4769 133.96 75.4 16 17.5 34 17.5 17.5 33 32.5 33 
1 Juve 1.26489 0.44844 0.48124 187.38 106.6 16 17.5 34 17.5 17.5 33 32.5 33 
1 Juve 1.23631 0.43424 0.46954 207.88 116.8 32.5 33 16 17.5 34 17.5 17.5 33 
1 Juve 1.23619 0.44182 0.47292 158.77 87.2 17.5 33 16 17.5 34 17.5 32.5 33 
1 Juve 1.23236 0.43388 0.46485 122.37 74.2 32.5 33 16 17.5 34 17.5 17.5 33 
1 Juve 1.28831 0.45688 0.48544 145.24 85.6 32.5 33 16 17.5 34 17.5 17.5 33 
1 Juve 1.24602 0.43782 0.47201 137.77 78.4 32.5 33 16 17.5 34 17.5 17.5 33 
1 Juve 1.27098 0.45009 0.48108 124.2 69.8 16 17.5 34 17.5 17.5 33 32.5 33 
1 Juve 1.25751 0.44377 0.47438 126.9 76.4 16 17.5 34 17.5 17.5 33 32.5 33 
1 Juve 1.23641 0.43563 0.471 137.83 79.6 16 17.5 34 17.5 17.5 33 32.5 33 
1 Juve 1.00717 0.34968 0.37794 110.88 64.6 34 17.5 16 17.5 17.5 33 32.5 33 
1 Juve 1.23664 0.43636 0.46613 125.23 69.2 17.5 33 16 17.5 34 17.5 32.5 33 
1 Juve 1.12575 0.39615 0.4274 117.75 65.8 17.5 33 16 17.5 34 17.5 32.5 33 
1 Juve 1.24454 0.43726 0.47189 120.43 67.4 16 17.5 34 17.5 17.5 33 32.5 33 
1 Juve 1.28827 0.45732 0.48882 156.37 86.6 17.5 33 16 17.5 34 17.5 32.5 33 
1 Juve 1.22653 0.4336 0.46332 141.95 78.6 32.5 33 16 17.5 34 17.5 17.5 33 
1 Juve 1.29011 0.4579 0.48933 138.55 77 32.5 33 16 17.5 34 17.5 17.5 33 
1 Juve 1.27752 0.45499 0.48117 133.03 80.2 17.5 33 16 17.5 34 17.5 32.5 33 
1 Juve 1.24556 0.43902 0.46939 143.15 80 34 17.5 16 17.5 17.5 33 32.5 33 
1 Juve 1.27113 0.4487 0.48095 146.99 82.4 32.5 33 16 17.5 34 17.5 17.5 33 
1 Juve 1.21513 0.42945 0.45952 148.61 84 34 17.5 16 17.5 17.5 33 32.5 33 
1 Juve 1.15345 0.40754 0.44223 178.23 98.2 34 17.5 16 17.5 17.5 33 32.5 33 
1 Juve 1.07087 0.37802 0.41176 201.56 114 16 17.5 34 17.5 17.5 33 32.5 33 
1 Juve 1.14113 0.39785 0.42562 128.63 71 34 17.5 16 17.5 17.5 33 32.5 33 
1 Juve 1.23484 0.43582 0.46332 107.75 61.4 34 17.5 16 17.5 17.5 33 32.5 33 
1 Juve 1.15564 0.40436 0.43825 123.91 71.2 17.5 33 16 17.5 34 17.5 32.5 33 
1 Juve 1.11165 0.39058 0.41961 129.13 70.4 34 17.5 16 17.5 17.5 33 32.5 33 
1 Juve 0.991573 0.3452 0.37538 122.87 70.2 16 17.5 34 17.5 17.5 33 32.5 33 
1 Juve 1.11756 0.3919 0.42213 119.34 68.8 16 17.5 34 17.5 17.5 33 32.5 33 
1 Juve 1.10383 0.38267 0.41848 176.23 99.4 16 17.5 34 17.5 17.5 33 32.5 33 
1 Juve 0.972675 0.33935 0.36671 125.66 70.6 34 17.5 16 17.5 17.5 33 32.5 33 
1 Juve 1.09693 0.38586 0.41656 145.76 80 17.5 33 16 17.5 34 17.5 32.5 33 
1 Juve 1.10268 0.3883 0.41495 151.49 83.8 32.5 33 16 17.5 34 17.5 17.5 33 
1 Juve 1.18257 0.41714 0.44823 129.44 73.4 17.5 33 16 17.5 34 17.5 32.5 33 
1 Juve 1.08631 0.38241 0.41311 143.48 81.6 32.5 33 16 17.5 34 17.5 17.5 33 
1 Juve 1.11169 0.38972 0.41981 114.74 70.6 16 17.5 34 17.5 17.5 33 32.5 33 
1 Juve 1.13104 0.39865 0.43086 137.15 75.8 16 17.5 34 17.5 17.5 33 32.5 33 
1 Juve 1.17666 0.41523 0.44475 112.14 62.2 34 17.5 16 17.5 17.5 33 32.5 33 
1 Juve 1.09058 0.38382 0.42005 151.14 84.2 17.5 33 16 17.5 34 17.5 32.5 33 
1 Juve 1.19305 0.42071 0.4493 107.56 59.2 34 17.5 16 17.5 17.5 33 32.5 33 
1 Juve 1.03891 0.36129 0.39022 134.33 76.4 32.5 33 16 17.5 34 17.5 17.5 33 
1 Juve 1.12714 0.39526 0.4267 167.85 95.6 17.5 33 16 17.5 34 17.5 32.5 33 
1 Juve 1.10427 0.38329 0.41749 138.98 78.972 32.5 33 16 17.5 34 17.5 17.5 33 
1 Juve 1.06058 0.3714 0.39578 112.03 64 17.5 33 16 17.5 34 17.5 32.5 33 
1 Juve 1.07023 0.37566 0.40547 126.38 73.4 34 17.5 16 17.5 17.5 33 32.5 33 
1 Juve 1.03982 0.36432 0.39722 127.16 73.2 32.5 33 16 17.5 34 17.5 17.5 33 
1 Juve 1.21022 0.42698 0.4572 114.77 69 34 17.5 16 17.5 17.5 33 32.5 33 
1 Juve 1.25809 0.44457 0.4745 129.37 73.2 32.5 33 16 17.5 34 17.5 17.5 33 
1 Juve 1.02003 0.35795 0.38823 121.08 71.8 17.5 33 16 17.5 34 17.5 32.5 33 
1 Juve 0.99547 0.34595 0.37523 120.56 68.6 34 17.5 16 17.5 17.5 33 32.5 33 
1 Juve 1.07339 0.37941 0.40817 122.03 71.6 34 17.5 16 17.5 17.5 33 32.5 33 
1 Juve 1.09744 0.38584 0.41223 131.56 72.383 17.5 33 16 17.5 34 17.5 32.5 33 
1 Juve 1.11053 0.38735 0.41838 151.81 88.4 34 17.5 16 17.5 17.5 33 32.5 33 
1 Juve 1.12252 0.39165 0.42936 121.62 69.543 32.5 33 16 17.5 34 17.5 17.5 33 
1 Juve 1.027 0.35976 0.3889 121.37 67.2 17.5 33 16 17.5 34 17.5 32.5 33 
1 Juve 1.12576 0.39622 0.42402 141.47 82.2 16 17.5 34 17.5 17.5 33 32.5 33 
1 Juve 1.12365 0.39358 0.42591 141.75 82.6 32.5 33 16 17.5 34 17.5 17.5 33 
1 Juve 0.989997 0.3444 0.37711 148.15 84.8 17.5 33 16 17.5 34 17.5 32.5 33 
1 Juve 1.13659 0.40278 0.43091 119.05 67.6 16 17.5 34 17.5 17.5 33 32.5 33 
1 Juve 1.02866 0.35781 0.38614 114.63 62.8 32.5 33 16 17.5 34 17.5 17.5 33 
1 Juve 0.975718 0.33588 0.37519 133.7 77.6 32.5 33 16 17.5 34 17.5 17.5 33 
1 Juve 1.09967 0.38581 0.41588 138.88 83.2 17.5 33 16 17.5 34 17.5 32.5 33 
1 Juve 1.06477 0.3753 0.40524 141.01 79.816 32.5 33 16 17.5 34 17.5 17.5 33 
1 Juve 1.16832 0.41171 0.44458 117.63 67 34 17.5 16 17.5 17.5 33 32.5 33 
1 Juve 1.21987 0.43024 0.46057 128.98 77.2 16 17.5 34 17.5 17.5 33 32.5 33 
1 Juve 1.10799 0.38884 0.42 115.31 65.2 34 17.5 16 17.5 17.5 33 32.5 33 
1 Juve 1.09187 0.38057 0.41082 173.17 101.2 16 17.5 34 17.5 17.5 33 32.5 33 
1 Juve 1.22864 0.43323 0.4642 134.62 78.2 32.5 33 16 17.5 34 17.5 17.5 33 
1 Juve 1.17376 0.41276 0.44663 131.16 77.798 34 17.5 16 17.5 17.5 33 32.5 33 
1 Juve 1.07403 0.37209 0.40372 126.5 76.4 32.5 33 16 17.5 34 17.5 17.5 33 
1 Juve 1.16226 0.4091 0.44371 139.84 85.563 17.5 33 16 17.5 34 17.5 32.5 33 
1 Juve 1.0641 0.37285 0.39912 114.14 64.8 16 17.5 34 17.5 17.5 33 32.5 33 
1 Juve 0.97454 0.34035 0.36871 125.44 68 17.5 33 16 17.5 34 17.5 32.5 33 
1 Juve 1.11343 0.3896 0.42137 127.08 71.4 32.5 33 16 17.5 34 17.5 17.5 33 
1 Juve 1.12437 0.39706 0.42733 121.78 67.8 17.5 33 16 17.5 34 17.5 32.5 33 
1 Juve 1.05031 0.36683 0.39768 130.31 76.2 17.5 33 16 17.5 34 17.5 32.5 33 
1 Juve 0.972035 0.33585 0.36803 117.72 66.986 17.5 33 16 17.5 34 17.5 32.5 33 
1 Juve 1.06583 0.37361 0.40308 117.97 66.6 32.5 33 16 17.5 34 17.5 17.5 33 
1 Juve 1.06111 0.37265 0.3983 124.72 73.4 16 17.5 34 17.5 17.5 33 32.5 33 
1 Juve 1.12983 0.39858 0.43209 143.41 82.6 32.5 33 16 17.5 34 17.5 17.5 33 
1 Juve 1.07062 0.36966 0.40664 130.21 78.181 34 17.5 16 17.5 17.5 33 32.5 33 
1 Juve 1.3154 0.46558 0.49928 132.86 74.4 32.5 33 16 17.5 34 17.5 17.5 33 
1 Juve 1.24077 0.43908 0.47159 128.13 73 16 17.5 34 17.5 17.5 33 32.5 33 
1 Juve 1.02379 0.36037 0.39083 153.35 88.8 16 17.5 34 17.5 17.5 33 32.5 33 
1 Juve 0.987757 0.34326 0.37609 127.46 72.069 32.5 33 16 17.5 34 17.5 17.5 33 
1 Juve 0.942482 0.32626 0.35968 155.89 86.4 32.5 33 16 17.5 34 17.5 17.5 33 
1 Juve 1.11721 0.39432 0.42504 165.82 91.8 17.5 33 16 17.5 34 17.5 32.5 33 
1 Juve 1.12865 0.39545 0.42558 122.21 68.8 34 17.5 16 17.5 17.5 33 32.5 33 
1 Juve 1.07847 0.37783 0.40891 130.91 75.6 32.5 33 16 17.5 34 17.5 17.5 33 
1 Juve 1.15292 0.40763 0.43582 122.86 71.2 34 17.5 16 17.5 17.5 33 32.5 33 
1 Juve 1.19545 0.42215 0.45178 155.16 85.6 16 17.5 34 17.5 17.5 33 32.5 33 
1 Juve 1.27373 0.45069 0.47961 136.52 80.8 16 17.5 34 17.5 17.5 33 32.5 33 
1 Juve 1.12476 0.39751 0.42667 125.05 72.2 16 17.5 34 17.5 17.5 33 32.5 33 
1 Juve 0.978426 0.34061 0.3702 134.74 76.4 17.5 33 16 17.5 34 17.5 32.5 33 
1 Juve 1.23103 0.43374 0.46827 159.71 92.6 16 17.5 34 17.5 17.5 33 32.5 33 
1 Juve 1.1383 0.40127 0.42923 146.54 82.2 16 17.5 34 17.5 17.5 33 32.5 33 
1 Juve 1.04789 0.3671 0.39596 135.5 75.8 34 17.5 16 17.5 17.5 33 32.5 33 
1 Juve 1.21511 0.42827 0.45761 117.72 66.8 17.5 33 16 17.5 34 17.5 32.5 33 
1 Juve 1.23472 0.43479 0.46506 129.46 74.2 17.5 33 16 17.5 34 17.5 32.5 33 
1 Juve 1.14075 0.39872 0.43665 120.92 70 32.5 33 16 17.5 34 17.5 17.5 33 
1 Juve 1.13092 0.39807 0.42963 124.14 69.2 34 17.5 16 17.5 17.5 33 32.5 33 
1 Juve 1.13212 0.40056 0.4307 121.78 69.8 16 17.5 34 17.5 17.5 33 32.5 33 
1 Juve 1.10452 0.38691 0.41721 129.56 74.2 16 17.5 34 17.5 17.5 33 32.5 33 
1 Juve 1.09586 0.38348 0.41254 116.6 68 16 17.5 34 17.5 17.5 33 32.5 33 
1 Juve 1.18089 0.41579 0.4477 171.85 92.4 34 17.5 16 17.5 17.5 33 32.5 33 
1 Juve 1.11661 0.39452 0.42384 132.21 74.8 32.5 33 16 17.5 34 17.5 17.5 33 
1 Juve 1.1052 0.39005 0.42099 151.08 86 17.5 33 16 17.5 34 17.5 32.5 33 
1 Juve 1.02483 0.35648 0.39079 124.75 72.2 32.5 33 16 17.5 34 17.5 17.5 33 
1 Juve 1.25159 0.4427 0.47054 147.52 82.2 32.5 33 16 17.5 34 17.5 17.5 33 
1 Juve 1.13038 0.39195 0.43195 128.02 75.2 34 17.5 16 17.5 17.5 33 32.5 33 
1 Juve 1.14976 0.40691 0.43411 114.55 66.8 16 17.5 34 17.5 17.5 33 32.5 33 
1 Juve 1.086 0.38149 0.41449 143.83 83.6 17.5 33 16 17.5 34 17.5 32.5 33 
1 Juve 1.08109 0.37598 0.40719 121.63 70.8 34 17.5 16 17.5 17.5 33 32.5 33 
1 Juve 1.2215 0.431 0.46357 165.22 90.6 34 17.5 16 17.5 17.5 33 32.5 33 
1 Juve 1.12674 0.39436 0.427 138.14 79.2 32.5 33 16 17.5 34 17.5 17.5 33 
1 Juve 1.21158 0.42704 0.45779 120.5 68.2 17.5 33 16 17.5 34 17.5 32.5 33 
1 Juve 1.23768 0.43777 0.46412 146.23 82 17.5 33 16 17.5 34 17.5 32.5 33 
1 Juve 1.30247 0.45908 0.49345 134.12 77.6 34 17.5 16 17.5 17.5 33 32.5 33 
1 Juve 1.22777 0.43104 0.463 136.24 80.2 32.5 33 16 17.5 34 17.5 17.5 33 
1 Juve 1.14196 0.4038 0.43261 140 79 32.5 33 16 17.5 34 17.5 17.5 33 
1 Juve 1.29594 0.45939 0.48963 150.33 84.2 34 17.5 16 17.5 17.5 33 32.5 33 
1 Juve 0.977086 0.3399 0.36985 118.04 66.4 34 17.5 16 17.5 17.5 33 32.5 33 
1 Juve 1.25539 0.44316 0.47413 120.84 70.6 16 17.5 34 17.5 17.5 33 32.5 33 
1 Juve 1.22247 0.43081 0.4637 173.63 103.8 32.5 33 16 17.5 34 17.5 17.5 33 
1 Juve 1.23338 0.43884 0.46354 127.3 71.2 16 17.5 34 17.5 17.5 33 32.5 33 
1 Juve 1.26722 0.44582 0.47787 145.08 80.4 34 17.5 16 17.5 17.5 33 32.5 33 
1 Juve 1.21611 0.43169 0.45811 138.13 79.2 17.5 33 16 17.5 34 17.5 32.5 33 
1 Juve 1.22993 0.43322 0.46637 147.97 81 32.5 33 16 17.5 34 17.5 17.5 33 
1 Juve 1.22123 0.43153 0.46139 122.73 71.2 34 17.5 16 17.5 17.5 33 32.5 33 
1 Juve 1.23406 0.43605 0.46825 156.82 88.8 17.5 33 16 17.5 34 17.5 32.5 33 
1 Juve 1.26613 0.44744 0.4802 150.16 82.6 17.5 33 16 17.5 34 17.5 32.5 33 
1 Juve 1.2314 0.43476 0.4654 144.03 77 34 17.5 16 17.5 17.5 33 32.5 33 
1 Juve 1.07822 0.38107 0.40876 127.73 73.8 17.5 33 16 17.5 34 17.5 32.5 33 
1 Juve 1.11134 0.38935 0.42196 143.26 83.2 32.5 33 16 17.5 34 17.5 17.5 33 
1 Juve 1.09968 0.38599 0.41903 125.19 69.419 34 17.5 16 17.5 17.5 33 32.5 33 
1 Juve 1.14106 0.40156 0.42789 118.19 65.6 32.5 33 16 17.5 34 17.5 17.5 33 
1 Juve 1.14246 0.40423 0.42953 120.89 68.4 16 17.5 34 17.5 17.5 33 32.5 33 
1 Juve 1.27374 0.44935 0.48095 126.2 71.27 32.5 33 16 17.5 34 17.5 17.5 33 
1 Juve 1.22204 0.43019 0.46472 179.55 103.4 17.5 33 16 17.5 34 17.5 32.5 33 
1 Juve 1.0728 0.37916 0.40849 135.16 74 32.5 33 16 17.5 34 17.5 17.5 33 
1 Juve 1.29064 0.45633 0.48859 162.51 90 17.5 33 16 17.5 34 17.5 32.5 33 
1 Juve 0.993537 0.34744 0.37302 125.28 68.2 17.5 33 16 17.5 34 17.5 32.5 33 
1 Juve 1.251 0.44025 0.46956 116.28 65.2 34 17.5 16 17.5 17.5 33 32.5 33 
1 Juve 1.05457 0.36698 0.40136 111.57 62.6 34 17.5 16 17.5 17.5 33 32.5 33 
1 Juve 1.0922 0.38512 0.41351 122.69 70 32.5 33 16 17.5 34 17.5 17.5 33 
1 Juve 1.23377 0.43213 0.46932 159.27 90.2 17.5 33 16 17.5 34 17.5 32.5 33 
1 Juve 0.964832 0.33577 0.36496 155.15 89 34 17.5 16 17.5 17.5 33 32.5 33 
1 Juve 1.12852 0.39836 0.42918 157.13 85.2 32.5 33 16 17.5 34 17.5 17.5 33 
1 Juve 1.07894 0.37901 0.41027 118.78 68.2 34 17.5 16 17.5 17.5 33 32.5 33 
1 Juve 1.13639 0.40117 0.43225 121.12 71 17.5 33 16 17.5 34 17.5 32.5 33 
1 Juve 1.07948 0.38244 0.41369 165.9 92 16 17.5 34 17.5 17.5 33 32.5 33 
1 Juve 1.10946 0.38986 0.4202 150.57 86.2 32.5 33 16 17.5 34 17.5 17.5 33 
1 Juve 1.03922 0.36065 0.39 111.32 64.8 34 17.5 16 17.5 17.5 33 32.5 33 
1 Juve 1.06156 0.37606 0.40311 140.83 77.4 32.5 33 16 17.5 34 17.5 17.5 33 
1 Juve 1.0804 0.37697 0.40794 143.79 79.4 32.5 33 16 17.5 34 17.5 17.5 33 
1 Juve 0.97104 0.33558 0.37007 117.68 67.6 16 17.5 34 17.5 17.5 33 32.5 33 
1 Juve 1.2481 0.43815 0.47761 157.71 89.6 17.5 33 16 17.5 34 17.5 32.5 33 
1 Juve 1.05309 0.37327 0.4017 126.61 70.4 34 17.5 16 17.5 17.5 33 32.5 33 
1 Juve 1.13633 0.40192 0.42961 124.05 71.6 16 17.5 34 17.5 17.5 33 32.5 33 
1 Juve 1.06837 0.37138 0.40754 154.55 85.4 34 17.5 16 17.5 17.5 33 32.5 33 
1 Juve 1.05994 0.37624 0.4043 112.08 61.2 34 17.5 16 17.5 17.5 33 32.5 33 
1 Juve 1.12761 0.39825 0.4312 149.81 88.4 17.5 33 16 17.5 34 17.5 32.5 33 
1 Juve 1.2282 0.43525 0.46303 138.82 77.6 34 17.5 16 17.5 17.5 33 32.5 33 
1 Juve 1.09109 0.38049 0.41983 120.98 72.2 32.5 33 16 17.5 34 17.5 17.5 33 
1 Juve 1.14749 0.40311 0.43227 151.39 85.2 34 17.5 16 17.5 17.5 33 32.5 33 
1 Juve 1.23892 0.43839 0.47045 143.87 78.6 17.5 33 16 17.5 34 17.5 32.5 33 
1 Juve 1.06304 0.36793 0.39945 125.16 70.8 16 17.5 34 17.5 17.5 33 32.5 33 
1 Juve 1.0853 0.38128 0.40595 136.62 77.4 17.5 33 16 17.5 34 17.5 32.5 33 
1 Juve 0.98516 0.34291 0.37208 139.9 76 32.5 33 16 17.5 34 17.5 17.5 33 
1 Juve 0.977013 0.33964 0.37071 125.66 70.2 17.5 33 16 17.5 34 17.5 32.5 33 
1 Juve 1.09407 0.38542 0.42167 149.29 83.4 32.5 33 16 17.5 34 17.5 17.5 33 
1 Juve 1.1354 0.40172 0.42834 117.19 66 34 17.5 16 17.5 17.5 33 32.5 33 
1 Juve 1.06894 0.37309 0.40373 167.15 94.2 17.5 33 16 17.5 34 17.5 32.5 33 
1 Juve 1.06551 0.37883 0.40321 113.28 60.4 34 17.5 16 17.5 17.5 33 32.5 33 
1 Juve 1.10662 0.3904 0.41837 132.02 79 17.5 33 16 17.5 34 17.5 32.5 33 
1 Juve 1.09626 0.38885 0.41608 111.64 65 34 17.5 16 17.5 17.5 33 32.5 33 
1 Juve 0.963309 0.33597 0.3652 113.82 63.6 17.5 33 16 17.5 34 17.5 32.5 33 
1 Juve 1.2523 0.44078 0.47461 134.89 77.6 16 17.5 34 17.5 17.5 33 32.5 33 
1 Juve 1.23203 0.43567 0.46554 130.4 71.995 17.5 33 16 17.5 34 17.5 32.5 33 
1 Juve 1.19095 0.41337 0.44421 120.12 69.4 34 17.5 16 17.5 17.5 33 32.5 33 
1 Juve 1.08782 0.37972 0.41161 133.06 74.8 32.5 33 16 17.5 34 17.5 17.5 33 
1 Juve 1.21725 0.42955 0.46158 158.32 89.8 16 17.5 34 17.5 17.5 33 32.5 33 
1 Juve 1.14453 0.40568 0.43668 131.94 75.8 17.5 33 16 17.5 34 17.5 32.5 33 
1 Juve 0.969029 0.33572 0.36929 125.95 70.8 16 17.5 34 17.5 17.5 33 32.5 33 
1 Juve 1.15217 0.40192 0.43419 145.68 90.2 17.5 33 16 17.5 34 17.5 32.5 33 
1 Juve 1.23191 0.43456 0.46482 128.14 72.2 34 17.5 16 17.5 17.5 33 32.5 33 
1 Juve 0.986808 0.34066 0.37528 118.67 65.8 32.5 33 16 17.5 34 17.5 17.5 33 
1 Juve 1.11207 0.38916 0.42575 137.8 79 17.5 33 16 17.5 34 17.5 32.5 33 
1 Juve 1.21891 0.42976 0.46115 135.99 79.2 16 17.5 34 17.5 17.5 33 32.5 33 
1 Juve 1.28086 0.45077 0.4877 144.99 84 34 17.5 16 17.5 17.5 33 32.5 33 
1 Juve 1.15083 0.40562 0.43604 141.32 79.6 16 17.5 34 17.5 17.5 33 32.5 33 
1 Juve 1.20902 0.427 0.46665 178.96 101.2 32.5 33 16 17.5 34 17.5 17.5 33 
1 Juve 1.27138 0.44927 0.48109 145.49 86 32.5 33 16 17.5 34 17.5 17.5 33 
1 Juve 1.19861 0.42287 0.45192 111.8 62.6 34 17.5 16 17.5 17.5 33 32.5 33 
1 Juve 1.09973 0.3835 0.41253 114.3 71.8 16 17.5 34 17.5 17.5 33 32.5 33 
1 Juve 1.13917 0.39902 0.43039 157.56 88.8 34 17.5 16 17.5 17.5 33 32.5 33 
1 Juve 1.07342 0.3803 0.41284 128.75 72.2 16 17.5 34 17.5 17.5 33 32.5 33 
1 Juve 1.18412 0.41835 0.44286 126.3 71.4 17.5 33 16 17.5 34 17.5 32.5 33 
1 Juve 1.09222 0.38626 0.41491 120.89 67.6 34 17.5 16 17.5 17.5 33 32.5 33 
1 Juve 1.11869 0.39482 0.42491 116.99 64.6 16 17.5 34 17.5 17.5 33 32.5 33 
1 Juve 1.11325 0.38936 0.41887 141.05 79.8 16 17.5 34 17.5 17.5 33 32.5 33 
1 Juve 1.26065 0.44596 0.47526 116.77 66 16 17.5 34 17.5 17.5 33 32.5 33 
1 Juve 0.974589 0.33816 0.36989 128.18 69.6 32.5 33 16 17.5 34 17.5 17.5 33 
1 Juve 1.06848 0.37088 0.40165 127.65 72 32.5 33 16 17.5 34 17.5 17.5 33 
1 Juve 1.10969 0.38998 0.42062 133.67 73.973 17.5 33 16 17.5 34 17.5 32.5 33 
1 Juve 1.29228 0.45603 0.4855 127.08 74.2 34 17.5 16 17.5 17.5 33 32.5 33 
1 Juve 1.08102 0.3793 0.4114 128.12 73.8 16 17.5 34 17.5 17.5 33 32.5 33 
1 Juve 1.10338 0.38895 0.42124 133.7 75.2 16 17.5 34 17.5 17.5 33 32.5 33 
1 Juve 1.05435 0.36842 0.39335 128.78 73.4 34 17.5 16 17.5 17.5 33 32.5 33 
1 Juve 1.07682 0.38027 0.4142 121.56 70.8 17.5 33 16 17.5 34 17.5 32.5 33 
1 Juve 1.16495 0.41068 0.44112 128.46 73.6 34 17.5 16 17.5 17.5 33 32.5 33 
1 Juve 1.11836 0.39509 0.42428 128.59 71 16 17.5 34 17.5 17.5 33 32.5 33 
1 Juve 1.24547 0.43876 0.46961 120.32 69.2 32.5 33 16 17.5 34 17.5 17.5 33 
1 Juve 1.26717 0.44635 0.47636 131.65 78.8 17.5 33 16 17.5 34 17.5 32.5 33 
1 Juve 1.1573 0.40742 0.43777 123.61 69 32.5 33 16 17.5 34 17.5 17.5 33 
1 Juve 1.13537 0.40145 0.43385 139.57 79.4 17.5 33 16 17.5 34 17.5 32.5 33 
1 Juve 1.13413 0.39963 0.42696 120.63 67.4 16 17.5 34 17.5 17.5 33 32.5 33 
1 Juve 1.06077 0.37304 0.40215 129.31 73.2 17.5 33 16 17.5 34 17.5 32.5 33 
1 Juve 1.05845 0.37403 0.40639 137.02 79.4 17.5 33 16 17.5 34 17.5 32.5 33 
1 Juve 0.984466 0.34385 0.37114 127.38 71.4 34 17.5 16 17.5 17.5 33 32.5 33 
1 Juve 1.12248 0.39737 0.42288 132.94 74.4 16 17.5 34 17.5 17.5 33 32.5 33 
1 Juve 1.25669 0.44319 0.475 130.88 72.4 17.5 33 16 17.5 34 17.5 32.5 33 
1 Juve 1.22844 0.43317 0.46467 118.1 67.2 34 17.5 16 17.5 17.5 33 32.5 33 
1 Juve 1.24598 0.44087 0.46993 147.33 82.8 32.5 33 16 17.5 34 17.5 17.5 33 
1 Juve 1.09167 0.37918 0.4094 144.22 87.8 16 17.5 34 17.5 17.5 33 32.5 33 
1 Juve 1.05586 0.37179 0.40067 159.62 91 17.5 33 16 17.5 34 17.5 32.5 33 
1 Juve 1.28643 0.45485 0.48808 142.38 80.6 32.5 33 16 17.5 34 17.5 17.5 33 
1 Juve 1.26878 0.44691 0.47736 126.43 72.6 34 17.5 16 17.5 17.5 33 32.5 33 
1 Juve 1.28461 0.45328 0.48157 135.65 79.8 34 17.5 16 17.5 17.5 33 32.5 33 
1 Juve 1.22098 0.43132 0.46044 110.68 61.4 34 17.5 16 17.5 17.5 33 32.5 33 
1 Juve 1.21785 0.42895 0.45809 115.41 67 16 17.5 34 17.5 17.5 33 32.5 33 
1 Juve 1.23095 0.43461 0.46558 204.33 113.4 34 17.5 16 17.5 17.5 33 32.5 33 
1 Juve 1.09143 0.38315 0.41308 141.09 81.6 32.5 33 16 17.5 34 17.5 17.5 33 
1 Juve 1.04451 0.37074 0.39804 147.71 85.8 32.5 33 16 17.5 34 17.5 17.5 33 
1 Juve 1.12508 0.39868 0.42381 119.29 66.396 32.5 33 16 17.5 34 17.5 17.5 33 
1 Juve 1.24514 0.44121 0.47161 120.79 67.8 16 17.5 34 17.5 17.5 33 32.5 33 
1 Juve 1.2594 0.4441 0.47478 119.04 65.4 34 17.5 16 17.5 17.5 33 32.5 33 
1 Juve 1.2797 0.45093 0.48438 135.77 75.6 17.5 33 16 17.5 34 17.5 32.5 33 
1 Juve 1.27786 0.4504 0.47991 136.36 81 32.5 33 16 17.5 34 17.5 17.5 33 
1 Juve 1.01166 0.35338 0.38264 152.8 81.4 32.5 33 16 17.5 34 17.5 17.5 33 
1 Juve 1.07209 0.37262 0.40528 117.43 70.8 34 17.5 16 17.5 17.5 33 32.5 33 
1 Juve 1.16303 0.40861 0.44294 149.32 85.6 32.5 33 16 17.5 34 17.5 17.5 33 
1 Juve 1.26578 0.44633 0.47938 130.6 71.2 34 17.5 16 17.5 17.5 33 32.5 33 
1 Juve 1.05636 0.37429 0.401 135.41 75.4 32.5 33 16 17.5 34 17.5 17.5 33 
1 Juve 1.25013 0.44041 0.47272 128.95 70.8 17.5 33 16 17.5 34 17.5 32.5 33 
1 Juve 1.2532 0.44352 0.47211 116.51 67 16 17.5 34 17.5 17.5 33 32.5 33 
1 Juve 1.2295 0.43402 0.46326 129.33 72.6 17.5 33 16 17.5 34 17.5 32.5 33 
1 Juve 1.29547 0.45842 0.49233 127.68 72 32.5 33 16 17.5 34 17.5 17.5 33 
1 Juve 1.20771 0.42739 0.45814 150.37 84.6 17.5 33 16 17.5 34 17.5 32.5 33 
1 Juve 1.24142 0.43869 0.46832 132.76 72.6 16 17.5 34 17.5 17.5 33 32.5 33 
1 Juve 1.21393 0.42884 0.45769 125.74 70.8 34 17.5 16 17.5 17.5 33 32.5 33 
1 Juve 1.07714 0.38188 0.41016 117.26 69.6 34 17.5 16 17.5 17.5 33 32.5 33 
1 Juve 1.00845 0.35518 0.38379 125.61 72 17.5 33 16 17.5 34 17.5 32.5 33 
1 Juve 1.04286 0.36444 0.3953 123.19 73.8 32.5 33 16 17.5 34 17.5 17.5 33 
1 Juve 1.15767 0.40891 0.43986 143.54 80.6 16 17.5 34 17.5 17.5 33 32.5 33 
1 Juve 1.11563 0.39367 0.42258 121.51 72.913 32.5 33 16 17.5 34 17.5 17.5 33 
1 Juve 1.14604 0.40447 0.43657 114.59 65.2 34 17.5 16 17.5 17.5 33 32.5 33 
1 Juve 1.06242 0.37261 0.40674 127.36 72.6 17.5 33 16 17.5 34 17.5 32.5 33 
1 Juve 1.1491 0.40423 0.43653 136.85 75.2 17.5 33 16 17.5 34 17.5 32.5 33 
1 Juve 1.0414 0.36302 0.39612 143.92 80.4 17.5 33 16 17.5 34 17.5 32.5 33 
1 Juve 1.09839 0.38583 0.41415 137.13 78.2 32.5 33 16 17.5 34 17.5 17.5 33 
1 Juve 1.02842 0.3638 0.39226 122.72 68.8 34 17.5 16 17.5 17.5 33 32.5 33 
1 Juve 1.02014 0.3547 0.38651 149.96 85.2 17.5 33 16 17.5 34 17.5 32.5 33 
1 Juve 1.12546 0.39344 0.42667 151.48 82.6 34 17.5 16 17.5 17.5 33 32.5 33 
1 Juve 1.0842 0.38121 0.40865 117.26 66 16 17.5 34 17.5 17.5 33 32.5 33 
1 Juve 1.13277 0.39869 0.42586 106.43 62.6 16 17.5 34 17.5 17.5 33 32.5 33 
1 Juve 1.07284 0.3789 0.40986 132.32 76.2 17.5 33 16 17.5 34 17.5 32.5 33 
1 Juve 1.03129 0.35941 0.39165 118.66 66 17.5 33 16 17.5 34 17.5 32.5 33 
1 Juve 0.99515 0.34753 0.37401 157.71 87.731 17.5 33 16 17.5 34 17.5 32.5 33 
1 Juve 1.14435 0.40242 0.43098 116.98 65.2 16 17.5 34 17.5 17.5 33 32.5 33 
1 Juve 1.02229 0.35827 0.38336 128.92 75 32.5 33 16 17.5 34 17.5 17.5 33 
1 Juve 0.985562 0.34768 0.37895 122.89 70.2 16 17.5 34 17.5 17.5 33 32.5 33 
1 Juve 1.16937 0.41236 0.44434 125.31 71.4 16 17.5 34 17.5 17.5 33 32.5 33 
1 Juve 1.23459 0.43622 0.46545 119.14 71.6 17.5 33 16 17.5 34 17.5 32.5 33 
1 Juve 1.00064 0.34814 0.37969 128.16 75 34 17.5 16 17.5 17.5 33 32.5 33 
1 Juve 1.23137 0.43118 0.46204 135.5 85.6 16 17.5 34 17.5 17.5 33 32.5 33 
1 Juve 1.0981 0.38161 0.40956 114.07 65.2 16 17.5 34 17.5 17.5 33 32.5 33 
1 Juve 1.14145 0.40545 0.43616 178.68 99.8 32.5 33 16 17.5 34 17.5 17.5 33 
1 Juve 1.06765 0.37685 0.40966 183.29 102.6 32.5 33 16 17.5 34 17.5 17.5 33 
1 Juve 1.08987 0.38567 0.41685 137.83 76.674 34 17.5 16 17.5 17.5 33 32.5 33 
1 Juve 1.33836 0.47418 0.50685 192.12 104.8 16 17.5 34 17.5 17.5 33 32.5 33 
1 Juve 1.29208 0.45652 0.48616 121.55 68.4 32.5 33 16 17.5 34 17.5 17.5 33 
1 Juve 1.25505 0.44286 0.47421 152.57 85 17.5 33 16 17.5 34 17.5 32.5 33 
1 Juve 1.13732 0.40101 0.43519 152.68 83.8 34 17.5 16 17.5 17.5 33 32.5 33 
1 Juve 1.16841 0.41413 0.44537 128.97 73.2 16 17.5 34 17.5 17.5 33 32.5 33 
1 Juve 1.22133 0.4293 0.45866 120.68 67.2 32.5 33 16 17.5 34 17.5 17.5 33 
1 Juve 1.10554 0.38809 0.42237 154.63 84.8 17.5 33 16 17.5 34 17.5 32.5 33 
1 Juve 1.19341 0.42074 0.45598 129.13 72 32.5 33 16 17.5 34 17.5 17.5 33 
1 Juve 1.26446 0.44819 0.47419 118.77 66.2 16 17.5 34 17.5 17.5 33 32.5 33 
1 Juve 1.27698 0.45134 0.48168 147.43 82.2 32.5 33 16 17.5 34 17.5 17.5 33 
1 Juve 1.25351 0.44286 0.47171 127.39 71.6 17.5 33 16 17.5 34 17.5 32.5 33 
1 Juve 1.28772 0.45523 0.48797 184.95 101.8 16 17.5 34 17.5 17.5 33 32.5 33 
1 Juve 1.246 0.43968 0.47031 125.62 73.8 16 17.5 34 17.5 17.5 33 32.5 33 
1 Juve 1.27977 0.45199 0.48736 176.34 98.6 32.5 33 16 17.5 34 17.5 17.5 33 
1 Juve 1.2252 0.43171 0.46317 128.47 74.2 32.5 33 16 17.5 34 17.5 17.5 33 
1 Juve 1.22623 0.431 0.46478 131.5 76.2 32.5 33 16 17.5 34 17.5 17.5 33 
1 Juve 1.2878 0.45471 0.48712 141.71 78.8 17.5 33 16 17.5 34 17.5 32.5 33 
1 Juve 1.23279 0.43577 0.46359 125.96 70.8 34 17.5 16 17.5 17.5 33 32.5 33 
1 Juve 1.24756 0.44035 0.47127 147.58 87.194 32.5 33 16 17.5 34 17.5 17.5 33 
1 Juve 1.26802 0.44965 0.47582 128.66 73.8 32.5 33 16 17.5 34 17.5 17.5 33 
1 Juve 1.05273 0.36453 0.39772 155.41 87.8 17.5 33 16 17.5 34 17.5 32.5 33 
1 Juve 0.958936 0.33366 0.35662 66.078 39.8 32.5 33 16 17.5 34 17.5 17.5 33 
