1 Juve 1.10731 0.38927 0.44886 188.92 117.8 20 30 10 10 20 10 30 10 40 10 10 20 20 20 30 20 40 20 10 30 30 30 40 30 10 40 20 40 30 40 40 40 
1 Juve 1.1345 0.39846 0.45709 195.24 118.4 20 20 10 10 20 10 30 10 40 10 10 20 30 20 40 20 10 30 20 30 30 30 40 30 10 40 20 40 30 40 40 40 
1 Juve 1.12826 0.39861 0.45323 182.04 109.8 40 20 10 10 20 10 30 10 40 10 10 20 20 20 30 20 10 30 20 30 30 30 40 30 10 40 20 40 30 40 40 40 
1 Juve 1.11261 0.38719 0.45341 221.75 139.8 20 40 10 10 20 10 30 10 40 10 10 20 20 20 30 20 40 20 10 30 20 30 30 30 40 30 10 40 30 40 40 40 
1 Juve 1.02232 0.35343 0.41513 228.72 143.6 30 40 10 10 20 10 30 10 40 10 10 20 20 20 30 20 40 20 10 30 20 30 30 30 40 30 10 40 20 40 40 40 
1 Juve 1.08956 0.37735 0.44317 217.77 139.2 30 40 10 10 20 10 30 10 40 10 10 20 20 20 30 20 40 20 10 30 20 30 30 30 40 30 10 40 20 40 40 40 
1 Juve 1.08868 0.38451 0.44494 201.73 123.8 20 40 10 10 20 10 30 10 40 10 10 20 20 20 30 20 40 20 10 30 20 30 30 30 40 30 10 40 30 40 40 40 
1 Juve 1.18612 0.41039 0.48409 215.95 135.8 30 10 10 10 20 10 40 10 10 20 20 20 30 20 40 20 10 30 20 30 30 30 40 30 10 40 20 40 30 40 40 40 
1 Juve 1.15014 0.40365 0.46412 217.6 139 20 20 10 10 20 10 30 10 40 10 10 20 30 20 40 20 10 30 20 30 30 30 40 30 10 40 20 40 30 40 40 40 
1 Juve 1.06521 0.36752 0.43102 216.04 137.2 40 20 10 10 20 10 30 10 40 10 10 20 20 20 30 20 10 30 20 30 30 30 40 30 10 40 20 40 30 40 40 40 
1 Juve 1.15576 0.40068 0.46105 201.91 126.2 10 30 10 10 20 10 30 10 40 10 10 20 20 20 30 20 40 20 20 30 30 30 40 30 10 40 20 40 30 40 40 40 
1 Juve 1.18847 0.41662 0.48014 189.19 118.2 10 20 10 10 20 10 30 10 40 10 20 20 30 20 40 20 10 30 20 30 30 30 40 30 10 40 20 40 30 40 40 40 
1 Juve 1.08847 0.38533 0.43722 190.61 112 40 40 10 10 20 10 30 10 40 10 10 20 20 20 30 20 40 20 10 30 20 30 30 30 40 30 10 40 20 40 30 40 
1 Juve 1.06138 0.36867 0.43229 207.11 129 40 20 10 10 20 10 30 10 40 10 10 20 20 20 30 20 10 30 20 30 30 30 40 30 10 40 20 40 30 40 40 40 
1 Juve 1.11321 0.39108 0.45339 196.42 121.4 40 40 10 10 20 10 30 10 40 10 10 20 20 20 30 20 40 20 10 30 20 30 30 30 40 30 10 40 20 40 30 40 
1 Juve 1.1169 0.39486 0.45547 209.73 136.2 20 10 10 10 30 10 40 10 10 20 20 20 30 20 40 20 10 30 20 30 30 30 40 30 10 40 20 40 30 40 40 40 
1 Juve 1.0375 0.3611 0.41728 205.63 127.4 10 40 10 10 20 10 30 10 40 10 10 20 20 20 30 20 40 20 10 30 20 30 30 30 40 30 20 40 30 40 40 40 
1 Juve 1.17095 0.41202 0.46679 201.13 129.8 20 10 10 10 30 10 40 10 10 20 20 20 30 20 40 20 10 30 20 30 30 30 40 30 10 40 20 40 30 40 40 40 
1 Juve 1.13818 0.40069 0.45626 204 126 30 40 10 10 20 10 30 10 40 10 10 20 20 20 30 20 40 20 10 30 20 30 30 30 40 30 10 40 20 40 40 40 
1 Juve 1.20937 0.42831 0.48919 206.46 129.2 30 20 10 10 20 10 30 10 40 10 10 20 20 20 40 20 10 30 20 30 30 30 40 30 10 40 20 40 30 40 40 40 
1 Juve 1.05282 0.37264 0.42615 217.45 132.4 20 10 10 10 30 10 40 10 10 20 20 20 30 20 40 20 10 30 20 30 30 30 40 30 10 40 20 40 30 40 40 40 
1 Juve 1.01698 0.35294 0.41057 200 125.6 40 10 10 10 20 10 30 10 10 20 20 20 30 20 40 20 10 30 20 30 30 30 40 30 10 40 20 40 30 40 40 40 
1 Juve 1.16981 0.40428 0.47678 202.62 124.4 30 20 10 10 20 10 30 10 40 10 10 20 20 20 40 20 10 30 20 30 30 30 40 30 10 40 20 40 30 40 40 40 
1 Juve 1.04415 0.36058 0.42919 206.9 127 20 20 10 10 20 10 30 10 40 10 10 20 30 20 40 20 10 30 20 30 30 30 40 30 10 40 20 40 30 40 40 40 
1 Juve 1.18916 0.41602 0.4817 186.05 113.76 30 40 10 10 20 10 30 10 40 10 10 20 20 20 30 20 40 20 10 30 20 30 30 30 40 30 10 40 20 40 40 40 
1 Juve 1.18214 0.41438 0.47447 196.46 121 20 40 10 10 20 10 30 10 40 10 10 20 20 20 30 20 40 20 10 30 20 30 30 30 40 30 10 40 30 40 40 40 
1 Juve 1.15764 0.40389 0.4684 217.66 137.8 20 20 10 10 20 10 30 10 40 10 10 20 30 20 40 20 10 30 20 30 30 30 40 30 10 40 20 40 30 40 40 40 
1 Juve 1.12652 0.39585 0.45091 195.22 115.8 30 10 10 10 20 10 40 10 10 20 20 20 30 20 40 20 10 30 20 30 30 30 40 30 10 40 20 40 30 40 40 40 
1 Juve 1.14376 0.40013 0.45866 202.3 122.2 20 20 10 10 20 10 30 10 40 10 10 20 30 20 40 20 10 30 20 30 30 30 40 30 10 40 20 40 30 40 40 40 
1 Juve 1.13147 0.39534 0.4613 196.89 117.8 40 20 10 10 20 10 30 10 40 10 10 20 20 20 30 20 10 30 20 30 30 30 40 30 10 40 20 40 30 40 40 40 
1 Juve 1.08656 0.38041 0.44436 197.32 123.2 40 40 10 10 20 10 30 10 40 10 10 20 20 20 30 20 40 20 10 30 20 30 30 30 40 30 10 40 20 40 30 40 
1 Juve 1.08964 0.3829 0.43837 218.18 147.23 10 20 10 10 20 10 30 10 40 10 20 20 30 20 40 20 10 30 20 30 30 30 40 30 10 40 20 40 30 40 40 40 
1 Juve 1.17727 0.41401 0.47593 205.04 128.6 40 10 10 10 20 10 30 10 10 20 20 20 30 20 40 20 10 30 20 30 30 30 40 30 10 40 20 40 30 40 40 40 
1 Juve 1.14144 0.39945 0.46118 198.85 119.6 30 30 10 10 20 10 30 10 40 10 10 20 20 20 30 20 40 20 10 30 20 30 40 30 10 40 20 40 30 40 40 40 
1 Juve 1.11246 0.38889 0.45208 202.22 123 20 30 10 10 20 10 30 10 40 10 10 20 20 20 30 20 40 20 10 30 30 30 40 30 10 40 20 40 30 40 40 40 
1 Juve 1.16009 0.40563 0.46674 197.99 119.6 20 40 10 10 20 10 30 10 40 10 10 20 20 20 30 20 40 20 10 30 20 30 30 30 40 30 10 40 30 40 40 40 
1 Juve 1.14611 0.39976 0.46364 208.59 133.6 40 20 10 10 20 10 30 10 40 10 10 20 20 20 30 20 10 30 20 30 30 30 40 30 10 40 20 40 30 40 40 40 
1 Juve 1.16801 0.41224 0.47189 227.46 145.2 30 20 10 10 20 10 30 10 40 10 10 20 20 20 40 20 10 30 20 30 30 30 40 30 10 40 20 40 30 40 40 40 
1 Juve 1.12205 0.39479 0.45063 192.12 118.2 20 30 10 10 20 10 30 10 40 10 10 20 20 20 30 20 40 20 10 30 30 30 40 30 10 40 20 40 30 40 40 40 
1 Juve 1.1284 0.39946 0.45076 188.41 112.8 20 30 10 10 20 10 30 10 40 10 10 20 20 20 30 20 40 20 10 30 30 30 40 30 10 40 20 40 30 40 40 40 
1 Juve 1.15192 0.40381 0.46494 212.76 136.6 40 20 10 10 20 10 30 10 40 10 10 20 20 20 30 20 10 30 20 30 30 30 40 30 10 40 20 40 30 40 40 40 
1 Juve 1.09846 0.38536 0.44238 186.99 108 10 40 10 10 20 10 30 10 40 10 10 20 20 20 30 20 40 20 10 30 20 30 30 30 40 30 20 40 30 40 40 40 
1 Juve 1.12109 0.39467 0.45659 213.31 132.2 30 10 10 10 20 10 40 10 10 20 20 20 30 20 40 20 10 30 20 30 30 30 40 30 10 40 20 40 30 40 40 40 
1 Juve 1.11595 0.39018 0.45029 189.42 115.6 10 20 10 10 20 10 30 10 40 10 20 20 30 20 40 20 10 30 20 30 30 30 40 30 10 40 20 40 30 40 40 40 
1 Juve 1.22313 0.43044 0.49242 198.58 121.6 30 30 10 10 20 10 30 10 40 10 10 20 20 20 30 20 40 20 10 30 20 30 40 30 10 40 20 40 30 40 40 40 
1 Juve 1.19406 0.4195 0.48116 215.54 135.2 40 20 10 10 20 10 30 10 40 10 10 20 20 20 30 20 10 30 20 30 30 30 40 30 10 40 20 40 30 40 40 40 
1 Juve 1.22177 0.42898 0.48781 234.07 150.4 40 40 10 10 20 10 30 10 40 10 10 20 20 20 30 20 40 20 10 30 20 30 30 30 40 30 10 40 20 40 30 40 
1 Juve 1.12479 0.39277 0.45608 201.82 120.8 10 20 10 10 20 10 30 10 40 10 20 20 30 20 40 20 10 30 20 30 30 30 40 30 10 40 20 40 30 40 40 40 
1 Juve 1.29942 0.45653 0.52099 202.38 126 40 10 10 10 20 10 30 10 10 20 20 20 30 20 40 20 10 30 20 30 30 30 40 30 10 40 20 40 30 40 40 40 
1 Juve 1.1205 0.38858 0.45171 203.56 127.2 40 40 10 10 20 10 30 10 40 10 10 20 20 20 30 20 40 20 10 30 20 30 30 30 40 30 10 40 20 40 30 40 
1 Juve 1.27449 0.44699 0.5126 203.78 130.97 40 20 10 10 20 10 30 10 40 10 10 20 20 20 30 20 10 30 20 30 30 30 40 30 10 40 20 40 30 40 40 40 
1 Juve 1.27674 0.4507 0.51099 201.98 124.4 20 20 10 10 20 10 30 10 40 10 10 20 30 20 40 20 10 30 20 30 30 30 40 30 10 40 20 40 30 40 40 40 
1 Juve 1.11673 0.38561 0.4475 209.88 128.72 20 20 10 10 20 10 30 10 40 10 10 20 30 20 40 20 10 30 20 30 30 30 40 30 10 40 20 40 30 40 40 40 
1 Juve 1.26314 0.44317 0.5086 187.38 111.2 20 20 10 10 20 10 30 10 40 10 10 20 30 20 40 20 10 30 20 30 30 30 40 30 10 40 20 40 30 40 40 40 
1 Juve 1.05254 0.3622 0.42941 194.89 116.4 10 30 10 10 20 10 30 10 40 10 10 20 20 20 30 20 40 20 20 30 30 30 40 30 10 40 20 40 30 40 40 40 
1 Juve 1.10561 0.38312 0.4471 199.54 120.6 10 10 20 10 30 10 40 10 10 20 20 20 30 20 40 20 10 30 20 30 30 30 40 30 10 40 20 40 30 40 40 40 
1 Juve 1.27725 0.4493 0.5176 219.66 136.8 10 30 10 10 20 10 30 10 40 10 10 20 20 20 30 20 40 20 20 30 30 30 40 30 10 40 20 40 30 40 40 40 
1 Juve 1.03189 0.36031 0.41941 189.3 113.4 10 10 20 10 30 10 40 10 10 20 20 20 30 20 40 20 10 30 20 30 30 30 40 30 10 40 20 40 30 40 40 40 
1 Juve 1.13287 0.39494 0.45561 206.7 135 30 40 10 10 20 10 30 10 40 10 10 20 20 20 30 20 40 20 10 30 20 30 30 30 40 30 10 40 20 40 40 40 
1 Juve 1.03242 0.35658 0.41773 235.16 144.32 30 20 10 10 20 10 30 10 40 10 10 20 20 20 40 20 10 30 20 30 30 30 40 30 10 40 20 40 30 40 40 40 
1 Juve 1.13388 0.39647 0.46144 199.98 123.8 10 40 10 10 20 10 30 10 40 10 10 20 20 20 30 20 40 20 10 30 20 30 30 30 40 30 20 40 30 40 40 40 
1 Juve 1.1063 0.38228 0.44697 220.04 140 20 40 10 10 20 10 30 10 40 10 10 20 20 20 30 20 40 20 10 30 20 30 30 30 40 30 10 40 30 40 40 40 
1 Juve 1.27628 0.44852 0.5113 199.81 135.4 10 10 20 10 30 10 40 10 10 20 20 20 30 20 40 20 10 30 20 30 30 30 40 30 10 40 20 40 30 40 40 40 
1 Juve 1.13342 0.39905 0.45431 190.81 114.8 40 40 10 10 20 10 30 10 40 10 10 20 20 20 30 20 40 20 10 30 20 30 30 30 40 30 10 40 20 40 30 40 
1 Juve 1.29399 0.45808 0.51351 191.67 113.2 40 10 10 10 20 10 30 10 10 20 20 20 30 20 40 20 10 30 20 30 30 30 40 30 10 40 20 40 30 40 40 40 
1 Juve 1.01017 0.34945 0.40825 197.41 127.6 40 30 10 10 20 10 30 10 40 10 10 20 20 20 30 20 40 20 10 30 20 30 30 30 10 40 20 40 30 40 40 40 
1 Juve 0.970925 0.33435 0.39514 220.7 140.6 20 20 10 10 20 10 30 10 40 10 10 20 30 20 40 20 10 30 20 30 30 30 40 30 10 40 20 40 30 40 40 40 
1 Juve 1.20305 0.41961 0.48816 215.8 137.6 10 20 10 10 20 10 30 10 40 10 20 20 30 20 40 20 10 30 20 30 30 30 40 30 10 40 20 40 30 40 40 40 
1 Juve 1.1439 0.39838 0.46074 217.28 133 20 20 10 10 20 10 30 10 40 10 10 20 30 20 40 20 10 30 20 30 30 30 40 30 10 40 20 40 30 40 40 40 
1 Juve 1.28522 0.44868 0.5182 213.48 132.8 40 40 10 10 20 10 30 10 40 10 10 20 20 20 30 20 40 20 10 30 20 30 30 30 40 30 10 40 20 40 30 40 
1 Juve 1.1579 0.40917 0.46751 211.31 132.2 30 30 10 10 20 10 30 10 40 10 10 20 20 20 30 20 40 20 10 30 20 30 40 30 10 40 20 40 30 40 40 40 
1 Juve 1.06469 0.36849 0.43198 208.09 128.8 10 20 10 10 20 10 30 10 40 10 20 20 30 20 40 20 10 30 20 30 30 30 40 30 10 40 20 40 30 40 40 40 
1 Juve 1.01997 0.35283 0.41727 218.86 133.8 30 30 10 10 20 10 30 10 40 10 10 20 20 20 30 20 40 20 10 30 20 30 40 30 10 40 20 40 30 40 40 40 
1 Juve 1.29086 0.45503 0.51653 194.71 123.8 10 20 10 10 20 10 30 10 40 10 20 20 30 20 40 20 10 30 20 30 30 30 40 30 10 40 20 40 30 40 40 40 
1 Juve 1.07926 0.37754 0.4437 204.58 124.4 40 40 10 10 20 10 30 10 40 10 10 20 20 20 30 20 40 20 10 30 20 30 30 30 40 30 10 40 20 40 30 40 
1 Juve 1.26807 0.45107 0.50398 197.65 123.8 30 10 10 10 20 10 40 10 10 20 20 20 30 20 40 20 10 30 20 30 30 30 40 30 10 40 20 40 30 40 40 40 
1 Juve 1.25664 0.44364 0.50434 195.07 115.4 10 20 10 10 20 10 30 10 40 10 20 20 30 20 40 20 10 30 20 30 30 30 40 30 10 40 20 40 30 40 40 40 
1 Juve 1.1244 0.39647 0.45674 222.17 139.8 40 30 10 10 20 10 30 10 40 10 10 20 20 20 30 20 40 20 10 30 20 30 30 30 10 40 20 40 30 40 40 40 
1 Juve 1.17309 0.4159 0.47151 195.87 116.6 30 10 10 10 20 10 40 10 10 20 20 20 30 20 40 20 10 30 20 30 30 30 40 30 10 40 20 40 30 40 40 40 
1 Juve 1.10114 0.38107 0.44868 229.57 141.64 20 20 10 10 20 10 30 10 40 10 10 20 30 20 40 20 10 30 20 30 30 30 40 30 10 40 20 40 30 40 40 40 
1 Juve 1.08364 0.37495 0.43351 217.95 139.17 30 30 10 10 20 10 30 10 40 10 10 20 20 20 30 20 40 20 10 30 20 30 40 30 10 40 20 40 30 40 40 40 
1 Juve 1.31176 0.46077 0.52442 213.49 146.4 30 30 10 10 20 10 30 10 40 10 10 20 20 20 30 20 40 20 10 30 20 30 40 30 10 40 20 40 30 40 40 40 
1 Juve 1.30771 0.46369 0.5182 199.83 123.4 10 30 10 10 20 10 30 10 40 10 10 20 20 20 30 20 40 20 20 30 30 30 40 30 10 40 20 40 30 40 40 40 
1 Juve 1.24513 0.43851 0.49586 193.7 114.8 10 30 10 10 20 10 30 10 40 10 10 20 20 20 30 20 40 20 20 30 30 30 40 30 10 40 20 40 30 40 40 40 
1 Juve 1.204 0.42345 0.49276 229.56 144.4 30 30 10 10 20 10 30 10 40 10 10 20 20 20 30 20 40 20 10 30 20 30 40 30 10 40 20 40 30 40 40 40 
1 Juve 1.30657 0.46243 0.52419 209.46 131.2 10 30 10 10 20 10 30 10 40 10 10 20 20 20 30 20 40 20 20 30 30 30 40 30 10 40 20 40 30 40 40 40 
1 Juve 1.07316 0.37919 0.43908 217.04 136.8 40 10 10 10 20 10 30 10 10 20 20 20 30 20 40 20 10 30 20 30 30 30 40 30 10 40 20 40 30 40 40 40 
1 Juve 1.09929 0.38366 0.44621 212.43 129.2 20 40 10 10 20 10 30 10 40 10 10 20 20 20 30 20 40 20 10 30 20 30 30 30 40 30 10 40 30 40 40 40 
1 Juve 1.26547 0.44585 0.5072 205.2 129.2 40 10 10 10 20 10 30 10 10 20 20 20 30 20 40 20 10 30 20 30 30 30 40 30 10 40 20 40 30 40 40 40 
1 Juve 1.19267 0.41893 0.48216 211.55 130 40 20 10 10 20 10 30 10 40 10 10 20 20 20 30 20 10 30 20 30 30 30 40 30 10 40 20 40 30 40 40 40 
1 Juve 1.25558 0.43816 0.51086 200.6 130.4 20 40 10 10 20 10 30 10 40 10 10 20 20 20 30 20 40 20 10 30 20 30 30 30 40 30 10 40 30 40 40 40 
1 Juve 1.25484 0.44148 0.49951 218.37 141 40 40 10 10 20 10 30 10 40 10 10 20 20 20 30 20 40 20 10 30 20 30 30 30 40 30 10 40 20 40 30 40 
1 Juve 1.32931 0.4699 0.5282 203.4 123.4 10 40 10 10 20 10 30 10 40 10 10 20 20 20 30 20 40 20 10 30 20 30 30 30 40 30 20 40 30 40 40 40 
1 Juve 1.04618 0.36486 0.43058 228.87 149 20 10 10 10 30 10 40 10 10 20 20 20 30 20 40 20 10 30 20 30 30 30 40 30 10 40 20 40 30 40 40 40 
1 Juve 1.17426 0.41419 0.47224 204.43 123.37 40 40 10 10 20 10 30 10 40 10 10 20 20 20 30 20 40 20 10 30 20 30 30 30 40 30 10 40 20 40 30 40 
1 Juve 1.08472 0.38306 0.43872 193.63 116.6 20 10 10 10 30 10 40 10 10 20 20 20 30 20 40 20 10 30 20 30 30 30 40 30 10 40 20 40 30 40 40 40 
1 Juve 1.10679 0.38762 0.44475 228.22 143.4 30 40 10 10 20 10 30 10 40 10 10 20 20 20 30 20 40 20 10 30 20 30 30 30 40 30 10 40 20 40 40 40 
1 Juve 1.07476 0.38104 0.43458 210.99 127.2 30 10 10 10 20 10 40 10 10 20 20 20 30 20 40 20 10 30 20 30 30 30 40 30 10 40 20 40 30 40 40 40 
1 Juve 1.15983 0.4088 0.46899 216.95 137 20 30 10 10 20 10 30 10 40 10 10 20 20 20 30 20 40 20 10 30 30 30 40 30 10 40 20 40 30 40 40 40 
1 Juve 1.34622 0.475 0.54017 219.27 140.4 20 30 10 10 20 10 30 10 40 10 10 20 20 20 30 20 40 20 10 30 30 30 40 30 10 40 20 40 30 40 40 40 
1 Juve 1.25448 0.44173 0.49479 199.23 118.8 30 20 10 10 20 10 30 10 40 10 10 20 20 20 40 20 10 30 20 30 30 30 40 30 10 40 20 40 30 40 40 40 
1 Juve 1.01658 0.35535 0.40894 188.34 113.6 40 20 10 10 20 10 30 10 40 10 10 20 20 20 30 20 10 30 20 30 30 30 40 30 10 40 20 40 30 40 40 40 
1 Juve 1.07718 0.37983 0.43563 214.1 137.6 20 10 10 10 30 10 40 10 10 20 20 20 30 20 40 20 10 30 20 30 30 30 40 30 10 40 20 40 30 40 40 40 
1 Juve 1.10949 0.38994 0.44705 195.18 116.6 30 20 10 10 20 10 30 10 40 10 10 20 20 20 40 20 10 30 20 30 30 30 40 30 10 40 20 40 30 40 40 40 
1 Juve 1.10975 0.38848 0.4503 200.49 127.6 30 20 10 10 20 10 30 10 40 10 10 20 20 20 40 20 10 30 20 30 30 30 40 30 10 40 20 40 30 40 40 40 
1 Juve 1.12106 0.39125 0.45689 201.81 120 30 10 10 10 20 10 40 10 10 20 20 20 30 20 40 20 10 30 20 30 30 30 40 30 10 40 20 40 30 40 40 40 
1 Juve 1.16321 0.41148 0.46632 202.25 123.4 30 10 10 10 20 10 40 10 10 20 20 20 30 20 40 20 10 30 20 30 30 30 40 30 10 40 20 40 30 40 40 40 
1 Juve 1.12412 0.39422 0.45331 205.05 132.8 30 20 10 10 20 10 30 10 40 10 10 20 20 20 40 20 10 30 20 30 30 30 40 30 10 40 20 40 30 40 40 40 
1 Juve 1.19464 0.42098 0.48339 208.85 136.2 30 20 10 10 20 10 30 10 40 10 10 20 20 20 40 20 10 30 20 30 30 30 40 30 10 40 20 40 30 40 40 40 
1 Juve 1.14966 0.40537 0.4622 190.89 116 40 20 10 10 20 10 30 10 40 10 10 20 20 20 30 20 10 30 20 30 30 30 40 30 10 40 20 40 30 40 40 40 
1 Juve 1.05185 0.36488 0.42326 206.79 130.2 40 40 10 10 20 10 30 10 40 10 10 20 20 20 30 20 40 20 10 30 20 30 30 30 40 30 10 40 20 40 30 40 
1 Juve 1.1966 0.41372 0.48265 185.71 110.8 10 10 20 10 30 10 40 10 10 20 20 20 30 20 40 20 10 30 20 30 30 30 40 30 10 40 20 40 30 40 40 40 
1 Juve 1.18774 0.41642 0.48177 208.19 136.8 10 10 20 10 30 10 40 10 10 20 20 20 30 20 40 20 10 30 20 30 30 30 40 30 10 40 20 40 30 40 40 40 
1 Juve 1.09978 0.3779 0.44303 211.5 134.4 20 40 10 10 20 10 30 10 40 10 10 20 20 20 30 20 40 20 10 30 20 30 30 30 40 30 10 40 30 40 40 40 
1 Juve 0.996338 0.34344 0.40875 213.48 136.6 30 20 10 10 20 10 30 10 40 10 10 20 20 20 40 20 10 30 20 30 30 30 40 30 10 40 20 40 30 40 40 40 
1 Juve 1.18198 0.41514 0.47875 212.28 132.2 10 30 10 10 20 10 30 10 40 10 10 20 20 20 30 20 40 20 20 30 30 30 40 30 10 40 20 40 30 40 40 40 
1 Juve 1.13448 0.39287 0.46429 211.62 136.4 20 10 10 10 30 10 40 10 10 20 20 20 30 20 40 20 10 30 20 30 30 30 40 30 10 40 20 40 30 40 40 40 
1 Juve 1.00531 0.34939 0.40607 230.63 145.6 30 30 10 10 20 10 30 10 40 10 10 20 20 20 30 20 40 20 10 30 20 30 40 30 10 40 20 40 30 40 40 40 
1 Juve 1.01828 0.35306 0.41187 205.61 127.8 10 20 10 10 20 10 30 10 40 10 20 20 30 20 40 20 10 30 20 30 30 30 40 30 10 40 20 40 30 40 40 40 
1 Juve 1.11427 0.39086 0.45006 213.26 134.8 40 30 10 10 20 10 30 10 40 10 10 20 20 20 30 20 40 20 10 30 20 30 30 30 10 40 20 40 30 40 40 40 
1 Juve 1.00811 0.34502 0.41324 192.98 120.6 20 40 10 10 20 10 30 10 40 10 10 20 20 20 30 20 40 20 10 30 20 30 30 30 40 30 10 40 30 40 40 40 
1 Juve 1.01579 0.35268 0.40669 188.28 115.6 10 10 20 10 30 10 40 10 10 20 20 20 30 20 40 20 10 30 20 30 30 30 40 30 10 40 20 40 30 40 40 40 
1 Juve 1.15938 0.40666 0.46987 201.52 127 40 30 10 10 20 10 30 10 40 10 10 20 20 20 30 20 40 20 10 30 20 30 30 30 10 40 20 40 30 40 40 40 
1 Juve 1.07711 0.37447 0.43792 223.05 134.4 30 20 10 10 20 10 30 10 40 10 10 20 20 20 40 20 10 30 20 30 30 30 40 30 10 40 20 40 30 40 40 40 
1 Juve 1.08514 0.38085 0.4398 189.52 113.8 40 40 10 10 20 10 30 10 40 10 10 20 20 20 30 20 40 20 10 30 20 30 30 30 40 30 10 40 20 40 30 40 
1 Juve 1.1359 0.3909 0.46043 210.87 129.19 20 40 10 10 20 10 30 10 40 10 10 20 20 20 30 20 40 20 10 30 20 30 30 30 40 30 10 40 30 40 40 40 
1 Juve 1.12752 0.39784 0.45789 204.08 125.54 10 10 20 10 30 10 40 10 10 20 20 20 30 20 40 20 10 30 20 30 30 30 40 30 10 40 20 40 30 40 40 40 
1 Juve 1.06439 0.3668 0.43358 227.35 148.6 40 40 10 10 20 10 30 10 40 10 10 20 20 20 30 20 40 20 10 30 20 30 30 30 40 30 10 40 20 40 30 40 
1 Juve 1.14439 0.39822 0.45783 196.25 118.6 40 40 10 10 20 10 30 10 40 10 10 20 20 20 30 20 40 20 10 30 20 30 30 30 40 30 10 40 20 40 30 40 
1 Juve 1.22423 0.43049 0.49182 200.06 122.6 10 10 20 10 30 10 40 10 10 20 20 20 30 20 40 20 10 30 20 30 30 30 40 30 10 40 20 40 30 40 40 40 
1 Juve 1.01175 0.34848 0.41125 193.92 123.2 40 30 10 10 20 10 30 10 40 10 10 20 20 20 30 20 40 20 10 30 20 30 30 30 10 40 20 40 30 40 40 40 
1 Juve 1.10439 0.38219 0.44137 202.3 128.4 20 20 10 10 20 10 30 10 40 10 10 20 30 20 40 20 10 30 20 30 30 30 40 30 10 40 20 40 30 40 40 40 
1 Juve 1.14754 0.40295 0.46437 218.46 132.6 40 40 10 10 20 10 30 10 40 10 10 20 20 20 30 20 40 20 10 30 20 30 30 30 40 30 10 40 20 40 30 40 
1 Juve 1.11379 0.38919 0.44952 219.88 137 20 40 10 10 20 10 30 10 40 10 10 20 20 20 30 20 40 20 10 30 20 30 30 30 40 30 10 40 30 40 40 40 
1 Juve 1.14514 0.40189 0.45667 210.1 136 40 40 10 10 20 10 30 10 40 10 10 20 20 20 30 20 40 20 10 30 20 30 30 30 40 30 10 40 20 40 30 40 
1 Juve 1.02543 0.36095 0.4167 214.67 131.4 30 40 10 10 20 10 30 10 40 10 10 20 20 20 30 20 40 20 10 30 20 30 30 30 40 30 10 40 20 40 40 40 
1 Juve 1.05819 0.36285 0.4306 225.7 143.8 40 40 10 10 20 10 30 10 40 10 10 20 20 20 30 20 40 20 10 30 20 30 30 30 40 30 10 40 20 40 30 40 
1 Juve 1.07814 0.37911 0.43684 192.29 122 20 20 10 10 20 10 30 10 40 10 10 20 30 20 40 20 10 30 20 30 30 30 40 30 10 40 20 40 30 40 40 40 
1 Juve 1.32062 0.46231 0.53349 235.93 151.15 10 30 10 10 20 10 30 10 40 10 10 20 20 20 30 20 40 20 20 30 30 30 40 30 10 40 20 40 30 40 40 40 
1 Juve 1.11554 0.38809 0.45037 215.89 141 10 20 10 10 20 10 30 10 40 10 20 20 30 20 40 20 10 30 20 30 30 30 40 30 10 40 20 40 30 40 40 40 
1 Juve 1.11675 0.3898 0.45265 200.71 130 40 10 10 10 20 10 30 10 10 20 20 20 30 20 40 20 10 30 20 30 30 30 40 30 10 40 20 40 30 40 40 40 
1 Juve 1.1724 0.41303 0.47559 215.3 133.2 40 20 10 10 20 10 30 10 40 10 10 20 20 20 30 20 10 30 20 30 30 30 40 30 10 40 20 40 30 40 40 40 
1 Juve 1.12927 0.39419 0.45904 221.28 139.6 20 30 10 10 20 10 30 10 40 10 10 20 20 20 30 20 40 20 10 30 30 30 40 30 10 40 20 40 30 40 40 40 
1 Juve 1.16945 0.41182 0.47031 206.89 127.8 40 20 10 10 20 10 30 10 40 10 10 20 20 20 30 20 10 30 20 30 30 30 40 30 10 40 20 40 30 40 40 40 
1 Juve 1.14713 0.40049 0.46595 208.35 130.4 40 40 10 10 20 10 30 10 40 10 10 20 20 20 30 20 40 20 10 30 20 30 30 30 40 30 10 40 20 40 30 40 
1 Juve 1.13568 0.39056 0.4671 205.42 127.6 10 10 20 10 30 10 40 10 10 20 20 20 30 20 40 20 10 30 20 30 30 30 40 30 10 40 20 40 30 40 40 40 
1 Juve 1.14673 0.4022 0.46485 209.69 134.92 40 30 10 10 20 10 30 10 40 10 10 20 20 20 30 20 40 20 10 30 20 30 30 30 10 40 20 40 30 40 40 40 
1 Juve 1.00911 0.35094 0.4055 187.43 116.2 20 20 10 10 20 10 30 10 40 10 10 20 30 20 40 20 10 30 20 30 30 30 40 30 10 40 20 40 30 40 40 40 
1 Juve 1.02397 0.35361 0.41799 198.48 127.8 10 10 20 10 30 10 40 10 10 20 20 20 30 20 40 20 10 30 20 30 30 30 40 30 10 40 20 40 30 40 40 40 
1 Juve 1.15931 0.40549 0.4706 191.74 117.4 10 40 10 10 20 10 30 10 40 10 10 20 20 20 30 20 40 20 10 30 20 30 30 30 40 30 20 40 30 40 40 40 
1 Juve 1.14519 0.4 0.46328 196.17 117.8 10 30 10 10 20 10 30 10 40 10 10 20 20 20 30 20 40 20 20 30 30 30 40 30 10 40 20 40 30 40 40 40 
1 Juve 1.15569 0.40831 0.46495 215.53 132.2 10 20 10 10 20 10 30 10 40 10 20 20 30 20 40 20 10 30 20 30 30 30 40 30 10 40 20 40 30 40 40 40 
1 Juve 1.1458 0.40286 0.45982 192.9 109.2 30 40 10 10 20 10 30 10 40 10 10 20 20 20 30 20 40 20 10 30 20 30 30 30 40 30 10 40 20 40 40 40 
1 Juve 1.25677 0.4451 0.50341 188.77 110.6 10 20 10 10 20 10 30 10 40 10 20 20 30 20 40 20 10 30 20 30 30 30 40 30 10 40 20 40 30 40 40 40 
1 Juve 1.13916 0.39863 0.46692 208.92 130.6 10 20 10 10 20 10 30 10 40 10 20 20 30 20 40 20 10 30 20 30 30 30 40 30 10 40 20 40 30 40 40 40 
1 Juve 1.16314 0.41043 0.46984 202.5 124.8 10 20 10 10 20 10 30 10 40 10 20 20 30 20 40 20 10 30 20 30 30 30 40 30 10 40 20 40 30 40 40 40 
1 Juve 1.08406 0.38233 0.44294 207.35 130.19 40 30 10 10 20 10 30 10 40 10 10 20 20 20 30 20 40 20 10 30 20 30 30 30 10 40 20 40 30 40 40 40 
1 Juve 1.18148 0.41264 0.47513 226.79 142.8 30 40 10 10 20 10 30 10 40 10 10 20 20 20 30 20 40 20 10 30 20 30 30 30 40 30 10 40 20 40 40 40 
1 Juve 1.11151 0.38897 0.4555 216.73 139.4 10 40 10 10 20 10 30 10 40 10 10 20 20 20 30 20 40 20 10 30 20 30 30 30 40 30 20 40 30 40 40 40 
1 Juve 1.29016 0.453 0.51778 221.2 133.6 40 10 10 10 20 10 30 10 10 20 20 20 30 20 40 20 10 30 20 30 30 30 40 30 10 40 20 40 30 40 40 40 
1 Juve 1.29992 0.45757 0.52011 213.55 132.4 40 40 10 10 20 10 30 10 40 10 10 20 20 20 30 20 40 20 10 30 20 30 30 30 40 30 10 40 20 40 30 40 
1 Juve 1.26371 0.44585 0.50261 204.08 129.4 40 40 10 10 20 10 30 10 40 10 10 20 20 20 30 20 40 20 10 30 20 30 30 30 40 30 10 40 20 40 30 40 
1 Juve 1.27018 0.44997 0.50643 211.68 134.6 10 30 10 10 20 10 30 10 40 10 10 20 20 20 30 20 40 20 20 30 30 30 40 30 10 40 20 40 30 40 40 40 
1 Juve 1.23954 0.43897 0.49523 214.23 134.8 40 20 10 10 20 10 30 10 40 10 10 20 20 20 30 20 10 30 20 30 30 30 40 30 10 40 20 40 30 40 40 40 
1 Juve 1.25035 0.43993 0.49731 213.24 133.4 30 10 10 10 20 10 40 10 10 20 20 20 30 20 40 20 10 30 20 30 30 30 40 30 10 40 20 40 30 40 40 40 
1 Juve 1.29982 0.45877 0.52151 228.87 145.6 20 30 10 10 20 10 30 10 40 10 10 20 20 20 30 20 40 20 10 30 30 30 40 30 10 40 20 40 30 40 40 40 
1 Juve 1.26918 0.45026 0.50849 208.16 129 40 30 10 10 20 10 30 10 40 10 10 20 20 20 30 20 40 20 10 30 20 30 30 30 10 40 20 40 30 40 40 40 
1 Juve 1.10491 0.38155 0.44677 213.98 133.2 20 40 10 10 20 10 30 10 40 10 10 20 20 20 30 20 40 20 10 30 20 30 30 30 40 30 10 40 30 40 40 40 
1 Juve 1.08098 0.37256 0.43923 224.34 141.4 30 20 10 10 20 10 30 10 40 10 10 20 20 20 40 20 10 30 20 30 30 30 40 30 10 40 20 40 30 40 40 40 
1 Juve 1.0586 0.3661 0.42377 218.18 137.2 10 10 20 10 30 10 40 10 10 20 20 20 30 20 40 20 10 30 20 30 30 30 40 30 10 40 20 40 30 40 40 40 
1 Juve 1.14583 0.39992 0.46412 190.49 115.6 20 10 10 10 30 10 40 10 10 20 20 20 30 20 40 20 10 30 20 30 30 30 40 30 10 40 20 40 30 40 40 40 
1 Juve 0.981548 0.34074 0.39752 203.1 127.4 40 30 10 10 20 10 30 10 40 10 10 20 20 20 30 20 40 20 10 30 20 30 30 30 10 40 20 40 30 40 40 40 
1 Juve 1.06155 0.36717 0.43287 219.39 141.2 20 20 10 10 20 10 30 10 40 10 10 20 30 20 40 20 10 30 20 30 30 30 40 30 10 40 20 40 30 40 40 40 
1 Juve 1.08982 0.38519 0.43837 212.64 132.8 40 30 10 10 20 10 30 10 40 10 10 20 20 20 30 20 40 20 10 30 20 30 30 30 10 40 20 40 30 40 40 40 
1 Juve 1.00795 0.35221 0.40921 193.65 125.4 20 10 10 10 30 10 40 10 10 20 20 20 30 20 40 20 10 30 20 30 30 30 40 30 10 40 20 40 30 40 40 40 
1 Juve 1.15443 0.4042 0.4618 206.86 135.8 20 10 10 10 30 10 40 10 10 20 20 20 30 20 40 20 10 30 20 30 30 30 40 30 10 40 20 40 30 40 40 40 
1 Juve 1.1047 0.38565 0.4464 210.21 133 10 40 10 10 20 10 30 10 40 10 10 20 20 20 30 20 40 20 10 30 20 30 30 30 40 30 20 40 30 40 40 40 
1 Juve 1.15291 0.40394 0.47223 204.73 128.8 40 10 10 10 20 10 30 10 10 20 20 20 30 20 40 20 10 30 20 30 30 30 40 30 10 40 20 40 30 40 40 40 
1 Juve 1.28904 0.45709 0.51634 216.45 136.6 30 10 10 10 20 10 40 10 10 20 20 20 30 20 40 20 10 30 20 30 30 30 40 30 10 40 20 40 30 40 40 40 
1 Juve 1.31801 0.4662 0.52315 198.94 120.8 30 20 10 10 20 10 30 10 40 10 10 20 20 20 40 20 10 30 20 30 30 30 40 30 10 40 20 40 30 40 40 40 
1 Juve 1.31473 0.46459 0.52645 191.96 116.8 30 40 10 10 20 10 30 10 40 10 10 20 20 20 30 20 40 20 10 30 20 30 30 30 40 30 10 40 20 40 40 40 
1 Juve 1.23702 0.43677 0.49122 199.23 124.4 40 10 10 10 20 10 30 10 10 20 20 20 30 20 40 20 10 30 20 30 30 30 40 30 10 40 20 40 30 40 40 40 
1 Juve 1.30481 0.46229 0.51631 190.82 114.2 20 10 10 10 30 10 40 10 10 20 20 20 30 20 40 20 10 30 20 30 30 30 40 30 10 40 20 40 30 40 40 40 
1 Juve 1.13022 0.39584 0.45474 190.94 116.4 10 20 10 10 20 10 30 10 40 10 20 20 30 20 40 20 10 30 20 30 30 30 40 30 10 40 20 40 30 40 40 40 
1 Juve 1.25217 0.44206 0.50172 198.7 123 40 40 10 10 20 10 30 10 40 10 10 20 20 20 30 20 40 20 10 30 20 30 30 30 40 30 10 40 20 40 30 40 
1 Juve 1.15694 0.40777 0.4686 207.53 130.2 40 30 10 10 20 10 30 10 40 10 10 20 20 20 30 20 40 20 10 30 20 30 30 30 10 40 20 40 30 40 40 40 
1 Juve 1.09207 0.37586 0.43965 222.47 142.4 40 30 10 10 20 10 30 10 40 10 10 20 20 20 30 20 40 20 10 30 20 30 30 30 10 40 20 40 30 40 40 40 
1 Juve 1.19583 0.42081 0.48414 202.73 118.2 10 40 10 10 20 10 30 10 40 10 10 20 20 20 30 20 40 20 10 30 20 30 30 30 40 30 20 40 30 40 40 40 
1 Juve 1.12542 0.39392 0.45457 204.68 132.2 20 30 10 10 20 10 30 10 40 10 10 20 20 20 30 20 40 20 10 30 30 30 40 30 10 40 20 40 30 40 40 40 
1 Juve 1.09591 0.38653 0.45116 198.72 119.6 40 40 10 10 20 10 30 10 40 10 10 20 20 20 30 20 40 20 10 30 20 30 30 30 40 30 10 40 20 40 30 40 
1 Juve 1.10732 0.38764 0.44476 185.9 112 10 10 20 10 30 10 40 10 10 20 20 20 30 20 40 20 10 30 20 30 30 30 40 30 10 40 20 40 30 40 40 40 
1 Juve 1.26915 0.44651 0.50778 198.65 124.8 10 20 10 10 20 10 30 10 40 10 20 20 30 20 40 20 10 30 20 30 30 30 40 30 10 40 20 40 30 40 40 40 
1 Juve 1.26913 0.44689 0.507 192.13 119.4 40 20 10 10 20 10 30 10 40 10 10 20 20 20 30 20 10 30 20 30 30 30 40 30 10 40 20 40 30 40 40 40 
1 Juve 1.15072 0.40388 0.46472 196.27 121.78 30 20 10 10 20 10 30 10 40 10 10 20 20 20 40 20 10 30 20 30 30 30 40 30 10 40 20 40 30 40 40 40 
1 Juve 1.03346 0.36028 0.41895 211.81 138.2 20 10 10 10 30 10 40 10 10 20 20 20 30 20 40 20 10 30 20 30 30 30 40 30 10 40 20 40 30 40 40 40 
1 Juve 1.18639 0.41882 0.47942 208.56 127.6 20 10 10 10 30 10 40 10 10 20 20 20 30 20 40 20 10 30 20 30 30 30 40 30 10 40 20 40 30 40 40 40 
1 Juve 1.11613 0.39063 0.45606 191.98 115.37 20 10 10 10 30 10 40 10 10 20 20 20 30 20 40 20 10 30 20 30 30 30 40 30 10 40 20 40 30 40 40 40 
1 Juve 1.20028 0.42242 0.48766 226.21 145.2 10 40 10 10 20 10 30 10 40 10 10 20 20 20 30 20 40 20 10 30 20 30 30 30 40 30 20 40 30 40 40 40 
1 Juve 1.15622 0.40846 0.46869 209.02 127 40 20 10 10 20 10 30 10 40 10 10 20 20 20 30 20 10 30 20 30 30 30 40 30 10 40 20 40 30 40 40 40 
1 Juve 1.30208 0.45976 0.51984 204.89 127.6 10 40 10 10 20 10 30 10 40 10 10 20 20 20 30 20 40 20 10 30 20 30 30 30 40 30 20 40 30 40 40 40 
1 Juve 1.17696 0.41233 0.48428 203.22 120.8 10 10 20 10 30 10 40 10 10 20 20 20 30 20 40 20 10 30 20 30 30 30 40 30 10 40 20 40 30 40 40 40 
1 Juve 1.02189 0.3577 0.41634 211.95 130 40 40 10 10 20 10 30 10 40 10 10 20 20 20 30 20 40 20 10 30 20 30 30 30 40 30 10 40 20 40 30 40 
1 Juve 1.10072 0.38306 0.44461 206.28 127.2 10 20 10 10 20 10 30 10 40 10 20 20 30 20 40 20 10 30 20 30 30 30 40 30 10 40 20 40 30 40 40 40 
1 Juve 1.07435 0.37637 0.44145 210.32 131.4 20 40 10 10 20 10 30 10 40 10 10 20 20 20 30 20 40 20 10 30 20 30 30 30 40 30 10 40 30 40 40 40 
1 Juve 1.18974 0.41984 0.48054 213.82 139.19 10 10 20 10 30 10 40 10 10 20 20 20 30 20 40 20 10 30 20 30 30 30 40 30 10 40 20 40 30 40 40 40 
1 Juve 1.29253 0.45493 0.51368 202.63 126.46 10 40 10 10 20 10 30 10 40 10 10 20 20 20 30 20 40 20 10 30 20 30 30 30 40 30 20 40 30 40 40 40 
1 Juve 1.27808 0.44937 0.51106 200.36 121.73 20 20 10 10 20 10 30 10 40 10 10 20 30 20 40 20 10 30 20 30 30 30 40 30 10 40 20 40 30 40 40 40 
1 Juve 1.0422 0.36366 0.42171 199.98 120.6 30 40 10 10 20 10 30 10 40 10 10 20 20 20 30 20 40 20 10 30 20 30 30 30 40 30 10 40 20 40 40 40 
1 Juve 1.31176 0.463 0.52032 197.45 124 20 40 10 10 20 10 30 10 40 10 10 20 20 20 30 20 40 20 10 30 20 30 30 30 40 30 10 40 30 40 40 40 
1 Juve 1.12867 0.39215 0.45354 211.41 134.2 10 20 10 10 20 10 30 10 40 10 20 20 30 20 40 20 10 30 20 30 30 30 40 30 10 40 20 40 30 40 40 40 
1 Juve 1.12472 0.39555 0.46053 209.17 125.4 20 40 10 10 20 10 30 10 40 10 10 20 20 20 30 20 40 20 10 30 20 30 30 30 40 30 10 40 30 40 40 40 
1 Juve 1.2498 0.4422 0.49547 190.9 117.94 30 30 10 10 20 10 30 10 40 10 10 20 20 20 30 20 40 20 10 30 20 30 40 30 10 40 20 40 30 40 40 40 
1 Juve 1.06861 0.37229 0.43202 216.75 131.6 40 40 10 10 20 10 30 10 40 10 10 20 20 20 30 20 40 20 10 30 20 30 30 30 40 30 10 40 20 40 30 40 
1 Juve 1.0628 0.36908 0.42923 209.55 132.6 40 40 10 10 20 10 30 10 40 10 10 20 20 20 30 20 40 20 10 30 20 30 30 30 40 30 10 40 20 40 30 40 
1 Juve 1.29705 0.45732 0.51977 208.36 129.8 40 10 10 10 20 10 30 10 10 20 20 20 30 20 40 20 10 30 20 30 30 30 40 30 10 40 20 40 30 40 40 40 
1 Juve 0.980613 0.34075 0.39535 202.6 126.2 40 30 10 10 20 10 30 10 40 10 10 20 20 20 30 20 40 20 10 30 20 30 30 30 10 40 20 40 30 40 40 40 
1 Juve 1.1795 0.41214 0.48064 222.52 140.2 40 30 10 10 20 10 30 10 40 10 10 20 20 20 30 20 40 20 10 30 20 30 30 30 10 40 20 40 30 40 40 40 
1 Juve 1.08726 0.3762 0.44192 207.27 133.59 20 20 10 10 20 10 30 10 40 10 10 20 30 20 40 20 10 30 20 30 30 30 40 30 10 40 20 40 30 40 40 40 
1 Juve 1.05703 0.36314 0.43194 206.49 139.79 40 10 10 10 20 10 30 10 10 20 20 20 30 20 40 20 10 30 20 30 30 30 40 30 10 40 20 40 30 40 40 40 
1 Juve 1.09428 0.38179 0.44426 215.39 135 10 30 10 10 20 10 30 10 40 10 10 20 20 20 30 20 40 20 20 30 30 30 40 30 10 40 20 40 30 40 40 40 
1 Juve 1.15842 0.40326 0.47283 186.99 113 40 10 10 10 20 10 30 10 10 20 20 20 30 20 40 20 10 30 20 30 30 30 40 30 10 40 20 40 30 40 40 40 
1 Juve 1.24277 0.43767 0.4938 214.89 134.8 30 10 10 10 20 10 40 10 10 20 20 20 30 20 40 20 10 30 20 30 30 30 40 30 10 40 20 40 30 40 40 40 
1 Juve 1.07443 0.37702 0.43798 216.38 135 10 20 10 10 20 10 30 10 40 10 20 20 30 20 40 20 10 30 20 30 30 30 40 30 10 40 20 40 30 40 40 40 
1 Juve 1.0709 0.37244 0.43071 221.61 142.2 20 10 10 10 30 10 40 10 10 20 20 20 30 20 40 20 10 30 20 30 30 30 40 30 10 40 20 40 30 40 40 40 
1 Juve 1.31135 0.46239 0.52953 233.24 143.2 40 30 10 10 20 10 30 10 40 10 10 20 20 20 30 20 40 20 10 30 20 30 30 30 10 40 20 40 30 40 40 40 
1 Juve 1.29663 0.45962 0.51674 192.65 122 10 30 10 10 20 10 30 10 40 10 10 20 20 20 30 20 40 20 20 30 30 30 40 30 10 40 20 40 30 40 40 40 
1 Juve 1.15327 0.40058 0.46703 213.96 132.2 30 30 10 10 20 10 30 10 40 10 10 20 20 20 30 20 40 20 10 30 20 30 40 30 10 40 20 40 30 40 40 40 
1 Juve 1.28606 0.45027 0.51783 211.61 129.4 30 10 10 10 20 10 40 10 10 20 20 20 30 20 40 20 10 30 20 30 30 30 40 30 10 40 20 40 30 40 40 40 
1 Juve 1.11175 0.38173 0.45275 221.49 143.4 10 30 10 10 20 10 30 10 40 10 10 20 20 20 30 20 40 20 20 30 30 30 40 30 10 40 20 40 30 40 40 40 
1 Juve 1.27642 0.44587 0.51491 206.81 129.8 10 20 10 10 20 10 30 10 40 10 20 20 30 20 40 20 10 30 20 30 30 30 40 30 10 40 20 40 30 40 40 40 
1 Juve 1.31342 0.46432 0.52395 210.77 134.79 30 20 10 10 20 10 30 10 40 10 10 20 20 20 40 20 10 30 20 30 30 30 40 30 10 40 20 40 30 40 40 40 
1 Juve 1.35241 0.47682 0.54342 229.83 139 30 20 10 10 20 10 30 10 40 10 10 20 20 20 40 20 10 30 20 30 30 30 40 30 10 40 20 40 30 40 40 40 
1 Juve 1.27135 0.44947 0.5059 203.61 125.8 20 40 10 10 20 10 30 10 40 10 10 20 20 20 30 20 40 20 10 30 20 30 30 30 40 30 10 40 30 40 40 40 
1 Juve 1.2561 0.44094 0.50002 214.68 132 10 30 10 10 20 10 30 10 40 10 10 20 20 20 30 20 40 20 20 30 30 30 40 30 10 40 20 40 30 40 40 40 
1 Juve 1.31131 0.46155 0.52851 211.74 137 40 40 10 10 20 10 30 10 40 10 10 20 20 20 30 20 40 20 10 30 20 30 30 30 40 30 10 40 20 40 30 40 
1 Juve 1.2945 0.4563 0.51826 217.04 135.2 40 10 10 10 20 10 30 10 10 20 20 20 30 20 40 20 10 30 20 30 30 30 40 30 10 40 20 40 30 40 40 40 
1 Juve 1.25738 0.44396 0.50299 211.27 135.4 20 30 10 10 20 10 30 10 40 10 10 20 20 20 30 20 40 20 10 30 30 30 40 30 10 40 20 40 30 40 40 40 
1 Juve 1.27815 0.4505 0.51309 200.81 126.2 30 20 10 10 20 10 30 10 40 10 10 20 20 20 40 20 10 30 20 30 30 30 40 30 10 40 20 40 30 40 40 40 
1 Juve 1.25314 0.44334 0.49835 193.04 114.2 10 20 10 10 20 10 30 10 40 10 20 20 30 20 40 20 10 30 20 30 30 30 40 30 10 40 20 40 30 40 40 40 
1 Juve 1.22188 0.43082 0.48717 207.97 128.6 20 20 10 10 20 10 30 10 40 10 10 20 30 20 40 20 10 30 20 30 30 30 40 30 10 40 20 40 30 40 40 40 
1 Juve 1.26689 0.44424 0.5071 214.67 134.4 30 30 10 10 20 10 30 10 40 10 10 20 20 20 30 20 40 20 10 30 20 30 40 30 10 40 20 40 30 40 40 40 
1 Juve 1.04122 0.35802 0.42708 217.91 137.4 30 30 10 10 20 10 30 10 40 10 10 20 20 20 30 20 40 20 10 30 20 30 40 30 10 40 20 40 30 40 40 40 
1 Juve 1.17675 0.41284 0.47774 216.65 131 10 30 10 10 20 10 30 10 40 10 10 20 20 20 30 20 40 20 20 30 30 30 40 30 10 40 20 40 30 40 40 40 
1 Juve 1.10146 0.38802 0.4408 200.84 119.8 10 40 10 10 20 10 30 10 40 10 10 20 20 20 30 20 40 20 10 30 20 30 30 30 40 30 20 40 30 40 40 40 
1 Juve 1.26299 0.44506 0.50522 222.44 141.4 20 10 10 10 30 10 40 10 10 20 20 20 30 20 40 20 10 30 20 30 30 30 40 30 10 40 20 40 30 40 40 40 
1 Juve 1.162 0.40919 0.46988 207.07 133.6 20 10 10 10 30 10 40 10 10 20 20 20 30 20 40 20 10 30 20 30 30 30 40 30 10 40 20 40 30 40 40 40 
1 Juve 1.13187 0.39618 0.45444 206.2 131.8 30 40 10 10 20 10 30 10 40 10 10 20 20 20 30 20 40 20 10 30 20 30 30 30 40 30 10 40 20 40 40 40 
1 Juve 1.16726 0.41357 0.47298 203.85 129 10 30 10 10 20 10 30 10 40 10 10 20 20 20 30 20 40 20 20 30 30 30 40 30 10 40 20 40 30 40 40 40 
1 Juve 1.16349 0.40837 0.47 206.44 133.2 10 20 10 10 20 10 30 10 40 10 20 20 30 20 40 20 10 30 20 30 30 30 40 30 10 40 20 40 30 40 40 40 
1 Juve 1.01526 0.34963 0.41666 224.34 136.15 30 10 10 10 20 10 40 10 10 20 20 20 30 20 40 20 10 30 20 30 30 30 40 30 10 40 20 40 30 40 40 40 
1 Juve 1.1761 0.41359 0.4741 202.99 125 10 40 10 10 20 10 30 10 40 10 10 20 20 20 30 20 40 20 10 30 20 30 30 30 40 30 20 40 30 40 40 40 
1 Juve 1.17652 0.41399 0.47689 207.54 129.6 20 40 10 10 20 10 30 10 40 10 10 20 20 20 30 20 40 20 10 30 20 30 30 30 40 30 10 40 30 40 40 40 
1 Juve 1.13535 0.39861 0.46585 188.12 111.6 10 10 20 10 30 10 40 10 10 20 20 20 30 20 40 20 10 30 20 30 30 30 40 30 10 40 20 40 30 40 40 40 
1 Juve 1.05593 0.36908 0.42414 201.53 126.2 30 20 10 10 20 10 30 10 40 10 10 20 20 20 40 20 10 30 20 30 30 30 40 30 10 40 20 40 30 40 40 40 
1 Juve 1.15572 0.40761 0.46261 183.91 110.2 40 20 10 10 20 10 30 10 40 10 10 20 20 20 30 20 10 30 20 30 30 30 40 30 10 40 20 40 30 40 40 40 
1 Juve 1.0628 0.37022 0.42574 195.42 121.4 10 30 10 10 20 10 30 10 40 10 10 20 20 20 30 20 40 20 20 30 30 30 40 30 10 40 20 40 30 40 40 40 
1 Juve 1.05502 0.36417 0.43267 207.52 128.4 10 30 10 10 20 10 30 10 40 10 10 20 20 20 30 20 40 20 20 30 30 30 40 30 10 40 20 40 30 40 40 40 
1 Juve 1.12266 0.3956 0.45546 205.22 132.2 40 20 10 10 20 10 30 10 40 10 10 20 20 20 30 20 10 30 20 30 30 30 40 30 10 40 20 40 30 40 40 40 
1 Juve 1.21785 0.41816 0.48861 216.09 134.6 20 20 10 10 20 10 30 10 40 10 10 20 30 20 40 20 10 30 20 30 30 30 40 30 10 40 20 40 30 40 40 40 
1 Juve 1.1488 0.40888 0.46582 196.31 118.8 20 40 10 10 20 10 30 10 40 10 10 20 20 20 30 20 40 20 10 30 20 30 30 30 40 30 10 40 30 40 40 40 
1 Juve 1.26586 0.44749 0.50229 215.18 131.45 20 40 10 10 20 10 30 10 40 10 10 20 20 20 30 20 40 20 10 30 20 30 30 30 40 30 10 40 30 40 40 40 
1 Juve 1.29498 0.45582 0.51799 204.07 124.2 10 30 10 10 20 10 30 10 40 10 10 20 20 20 30 20 40 20 20 30 30 30 40 30 10 40 20 40 30 40 40 40 
1 Juve 1.23951 0.43929 0.49282 189.16 117.4 20 30 10 10 20 10 30 10 40 10 10 20 20 20 30 20 40 20 10 30 30 30 40 30 10 40 20 40 30 40 40 40 
1 Juve 1.30789 0.46107 0.52575 224.32 143.8 40 30 10 10 20 10 30 10 40 10 10 20 20 20 30 20 40 20 10 30 20 30 30 30 10 40 20 40 30 40 40 40 
1 Juve 1.30723 0.46145 0.52423 205.48 127.8 40 40 10 10 20 10 30 10 40 10 10 20 20 20 30 20 40 20 10 30 20 30 30 30 40 30 10 40 20 40 30 40 
1 Juve 1.06559 0.38027 0.43566 207.43 131.8 10 30 10 10 20 10 30 10 40 10 10 20 20 20 30 20 40 20 20 30 30 30 40 30 10 40 20 40 30 40 40 40 
1 Juve 1.28322 0.45282 0.51306 222.58 141 40 20 10 10 20 10 30 10 40 10 10 20 20 20 30 20 10 30 20 30 30 30 40 30 10 40 20 40 30 40 40 40 
1 Juve 1.25892 0.44664 0.49952 189.7 114.2 10 40 10 10 20 10 30 10 40 10 10 20 20 20 30 20 40 20 10 30 20 30 30 30 40 30 20 40 30 40 40 40 
1 Juve 1.33293 0.47132 0.53258 206.26 125.4 10 30 10 10 20 10 30 10 40 10 10 20 20 20 30 20 40 20 20 30 30 30 40 30 10 40 20 40 30 40 40 40 
1 Juve 1.09097 0.38386 0.44904 226.26 142.2 20 10 10 10 30 10 40 10 10 20 20 20 30 20 40 20 10 30 20 30 30 30 40 30 10 40 20 40 30 40 40 40 
1 Juve 1.11698 0.39458 0.45005 192.89 119.2 20 40 10 10 20 10 30 10 40 10 10 20 20 20 30 20 40 20 10 30 20 30 30 30 40 30 10 40 30 40 40 40 
1 Juve 1.14659 0.40251 0.46224 212.39 125.4 40 20 10 10 20 10 30 10 40 10 10 20 20 20 30 20 10 30 20 30 30 30 40 30 10 40 20 40 30 40 40 40 
1 Juve 1.16456 0.41032 0.46961 202.41 122.4 30 30 10 10 20 10 30 10 40 10 10 20 20 20 30 20 40 20 10 30 20 30 40 30 10 40 20 40 30 40 40 40 
1 Juve 1.00959 0.3494 0.41144 204.16 125.6 20 40 10 10 20 10 30 10 40 10 10 20 20 20 30 20 40 20 10 30 20 30 30 30 40 30 10 40 30 40 40 40 
1 Juve 1.11144 0.38297 0.45087 207.65 130.8 20 20 10 10 20 10 30 10 40 10 10 20 30 20 40 20 10 30 20 30 30 30 40 30 10 40 20 40 30 40 40 40 
1 Juve 1.29428 0.4591 0.51724 212.21 131.8 40 30 10 10 20 10 30 10 40 10 10 20 20 20 30 20 40 20 10 30 20 30 30 30 10 40 20 40 30 40 40 40 
1 Juve 1.31323 0.46475 0.52253 187.39 111.2 40 30 10 10 20 10 30 10 40 10 10 20 20 20 30 20 40 20 10 30 20 30 30 30 10 40 20 40 30 40 40 40 
1 Juve 1.33306 0.46815 0.52752 199.29 122.4 30 10 10 10 20 10 40 10 10 20 20 20 30 20 40 20 10 30 20 30 30 30 40 30 10 40 20 40 30 40 40 40 
1 Juve 1.1191 0.38997 0.45372 203.07 126.88 40 20 10 10 20 10 30 10 40 10 10 20 20 20 30 20 10 30 20 30 30 30 40 30 10 40 20 40 30 40 40 40 
1 Juve 1.26086 0.44399 0.5037 196.91 121 10 40 10 10 20 10 30 10 40 10 10 20 20 20 30 20 40 20 10 30 20 30 30 30 40 30 20 40 30 40 40 40 
1 Juve 1.26627 0.44783 0.50806 210.57 134.8 20 30 10 10 20 10 30 10 40 10 10 20 20 20 30 20 40 20 10 30 30 30 40 30 10 40 20 40 30 40 40 40 
1 Juve 1.33753 0.47435 0.53344 212.07 131.2 40 30 10 10 20 10 30 10 40 10 10 20 20 20 30 20 40 20 10 30 20 30 30 30 10 40 20 40 30 40 40 40 
1 Juve 1.15853 0.40447 0.47449 223.79 142 30 10 10 10 20 10 40 10 10 20 20 20 30 20 40 20 10 30 20 30 30 30 40 30 10 40 20 40 30 40 40 40 
1 Juve 1.31175 0.46191 0.53014 220.61 141.4 30 30 10 10 20 10 30 10 40 10 10 20 20 20 30 20 40 20 10 30 20 30 40 30 10 40 20 40 30 40 40 40 
1 Juve 1.05481 0.36513 0.43128 233.03 148.8 30 30 10 10 20 10 30 10 40 10 10 20 20 20 30 20 40 20 10 30 20 30 40 30 10 40 20 40 30 40 40 40 
1 Juve 1.24505 0.43865 0.49824 207.36 129.4 20 40 10 10 20 10 30 10 40 10 10 20 20 20 30 20 40 20 10 30 20 30 30 30 40 30 10 40 30 40 40 40 
1 Juve 1.31543 0.46239 0.52601 217.81 135 40 30 10 10 20 10 30 10 40 10 10 20 20 20 30 20 40 20 10 30 20 30 30 30 10 40 20 40 30 40 40 40 
1 Juve 1.29367 0.45558 0.51924 211.67 132.6 30 40 10 10 20 10 30 10 40 10 10 20 20 20 30 20 40 20 10 30 20 30 30 30 40 30 10 40 20 40 40 40 
1 Juve 1.26412 0.44442 0.50553 210.98 130.6 10 20 10 10 20 10 30 10 40 10 20 20 30 20 40 20 10 30 20 30 30 30 40 30 10 40 20 40 30 40 40 40 
1 Juve 1.22247 0.43235 0.48499 193.21 117 10 10 20 10 30 10 40 10 10 20 20 20 30 20 40 20 10 30 20 30 30 30 40 30 10 40 20 40 30 40 40 40 
1 Juve 1.27956 0.45263 0.51239 191.3 117.8 40 30 10 10 20 10 30 10 40 10 10 20 20 20 30 20 40 20 10 30 20 30 30 30 10 40 20 40 30 40 40 40 
1 Juve 1.27676 0.44943 0.50982 218.48 137.8 40 20 10 10 20 10 30 10 40 10 10 20 20 20 30 20 10 30 20 30 30 30 40 30 10 40 20 40 30 40 40 40 
1 Juve 1.23317 0.43742 0.48932 203.17 126.2 30 30 10 10 20 10 30 10 40 10 10 20 20 20 30 20 40 20 10 30 20 30 40 30 10 40 20 40 30 40 40 40 
1 Juve 1.24808 0.44154 0.49919 224.39 140.8 30 20 10 10 20 10 30 10 40 10 10 20 20 20 40 20 10 30 20 30 30 30 40 30 10 40 20 40 30 40 40 40 
1 Juve 1.27406 0.45071 0.51034 204.62 127.6 10 20 10 10 20 10 30 10 40 10 20 20 30 20 40 20 10 30 20 30 30 30 40 30 10 40 20 40 30 40 40 40 
1 Juve 1.27652 0.45283 0.5092 191.83 117.6 30 40 10 10 20 10 30 10 40 10 10 20 20 20 30 20 40 20 10 30 20 30 30 30 40 30 10 40 20 40 40 40 
1 Juve 1.13816 0.39943 0.46259 224.59 138.6 20 20 10 10 20 10 30 10 40 10 10 20 30 20 40 20 10 30 20 30 30 30 40 30 10 40 20 40 30 40 40 40 
1 Juve 1.20234 0.41953 0.48604 232.52 150 20 10 10 10 30 10 40 10 10 20 20 20 30 20 40 20 10 30 20 30 30 30 40 30 10 40 20 40 30 40 40 40 
1 Juve 1.24112 0.4371 0.4983 203.02 126 40 10 10 10 20 10 30 10 10 20 20 20 30 20 40 20 10 30 20 30 30 30 40 30 10 40 20 40 30 40 40 40 
1 Juve 1.32694 0.46756 0.52978 179.74 108 20 20 10 10 20 10 30 10 40 10 10 20 30 20 40 20 10 30 20 30 30 30 40 30 10 40 20 40 30 40 40 40 
1 Juve 1.04487 0.36607 0.42926 230.62 152.4 10 30 10 10 20 10 30 10 40 10 10 20 20 20 30 20 40 20 20 30 30 30 40 30 10 40 20 40 30 40 40 40 
1 Juve 1.14968 0.40231 0.46133 207.53 128.4 20 40 10 10 20 10 30 10 40 10 10 20 20 20 30 20 40 20 10 30 20 30 30 30 40 30 10 40 30 40 40 40 
1 Juve 1.15044 0.40352 0.46887 202.04 128.8 10 30 10 10 20 10 30 10 40 10 10 20 20 20 30 20 40 20 20 30 30 30 40 30 10 40 20 40 30 40 40 40 
1 Juve 1.08114 0.37443 0.43622 205.92 124.8 10 20 10 10 20 10 30 10 40 10 20 20 30 20 40 20 10 30 20 30 30 30 40 30 10 40 20 40 30 40 40 40 
1 Juve 1.25613 0.44212 0.50135 217.29 140.6 10 30 10 10 20 10 30 10 40 10 10 20 20 20 30 20 40 20 20 30 30 30 40 30 10 40 20 40 30 40 40 40 
1 Juve 1.14811 0.40153 0.46523 209.88 133.2 30 10 10 10 20 10 40 10 10 20 20 20 30 20 40 20 10 30 20 30 30 30 40 30 10 40 20 40 30 40 40 40 
1 Juve 1.1682 0.41196 0.46908 210.71 134.4 40 40 10 10 20 10 30 10 40 10 10 20 20 20 30 20 40 20 10 30 20 30 30 30 40 30 10 40 20 40 30 40 
1 Juve 1.09195 0.37776 0.44118 202.09 121.8 20 40 10 10 20 10 30 10 40 10 10 20 20 20 30 20 40 20 10 30 20 30 30 30 40 30 10 40 30 40 40 40 
1 Juve 1.28269 0.45288 0.5117 194.45 119.8 30 40 10 10 20 10 30 10 40 10 10 20 20 20 30 20 40 20 10 30 20 30 30 30 40 30 10 40 20 40 40 40 
1 Juve 1.07394 0.37465 0.43619 201.05 124.6 40 30 10 10 20 10 30 10 40 10 10 20 20 20 30 20 40 20 10 30 20 30 30 30 10 40 20 40 30 40 40 40 
1 Juve 1.12769 0.39749 0.45679 203.24 126.8 30 10 10 10 20 10 40 10 10 20 20 20 30 20 40 20 10 30 20 30 30 30 40 30 10 40 20 40 30 40 40 40 
1 Juve 1.08117 0.37614 0.43827 201.76 129.2 20 40 10 10 20 10 30 10 40 10 10 20 20 20 30 20 40 20 10 30 20 30 30 30 40 30 10 40 30 40 40 40 
1 Juve 1.16048 0.40125 0.46235 205.26 128.8 30 30 10 10 20 10 30 10 40 10 10 20 20 20 30 20 40 20 10 30 20 30 40 30 10 40 20 40 30 40 40 40 
1 Juve 1.32807 0.46722 0.53873 202.68 122.6 10 10 20 10 30 10 40 10 10 20 20 20 30 20 40 20 10 30 20 30 30 30 40 30 10 40 20 40 30 40 40 40 
1 Juve 1.27157 0.45035 0.50605 202.7 120.2 30 40 10 10 20 10 30 10 40 10 10 20 20 20 30 20 40 20 10 30 20 30 30 30 40 30 10 40 20 40 40 40 
1 Juve 1.24134 0.43692 0.49662 200.23 121 20 10 10 10 30 10 40 10 10 20 20 20 30 20 40 20 10 30 20 30 30 30 40 30 10 40 20 40 30 40 40 40 
1 Juve 1.27717 0.45085 0.50905 208.62 129.6 40 10 10 10 20 10 30 10 10 20 20 20 30 20 40 20 10 30 20 30 30 30 40 30 10 40 20 40 30 40 40 40 
1 Juve 1.2795 0.4522 0.51093 188.72 110.6 40 10 10 10 20 10 30 10 10 20 20 20 30 20 40 20 10 30 20 30 30 30 40 30 10 40 20 40 30 40 40 40 
1 Juve 1.12898 0.39192 0.45285 187.74 118.52 20 20 10 10 20 10 30 10 40 10 10 20 30 20 40 20 10 30 20 30 30 30 40 30 10 40 20 40 30 40 40 40 
1 Juve 1.05201 0.36281 0.42772 208.78 132.2 30 30 10 10 20 10 30 10 40 10 10 20 20 20 30 20 40 20 10 30 20 30 40 30 10 40 20 40 30 40 40 40 
1 Juve 1.1858 0.42017 0.47726 210.58 128.2 30 20 10 10 20 10 30 10 40 10 10 20 20 20 40 20 10 30 20 30 30 30 40 30 10 40 20 40 30 40 40 40 
1 Juve 1.11005 0.38625 0.45039 209.95 127.4 40 40 10 10 20 10 30 10 40 10 10 20 20 20 30 20 40 20 10 30 20 30 30 30 40 30 10 40 20 40 30 40 
1 Juve 1.16174 0.41101 0.47081 201.26 128.8 40 10 10 10 20 10 30 10 10 20 20 20 30 20 40 20 10 30 20 30 30 30 40 30 10 40 20 40 30 40 40 40 
1 Juve 1.06902 0.36498 0.43628 199.06 119.8 10 20 10 10 20 10 30 10 40 10 20 20 30 20 40 20 10 30 20 30 30 30 40 30 10 40 20 40 30 40 40 40 
1 Juve 1.27438 0.45022 0.5106 204.63 128.19 30 20 10 10 20 10 30 10 40 10 10 20 20 20 40 20 10 30 20 30 30 30 40 30 10 40 20 40 30 40 40 40 
1 Juve 1.09401 0.37931 0.44127 209.21 134.2 10 40 10 10 20 10 30 10 40 10 10 20 20 20 30 20 40 20 10 30 20 30 30 30 40 30 20 40 30 40 40 40 
1 Juve 1.00343 0.34488 0.4095 216.52 134.4 20 40 10 10 20 10 30 10 40 10 10 20 20 20 30 20 40 20 10 30 20 30 30 30 40 30 10 40 30 40 40 40 
1 Juve 1.24945 0.44163 0.50096 214.62 135.8 30 20 10 10 20 10 30 10 40 10 10 20 20 20 40 20 10 30 20 30 30 30 40 30 10 40 20 40 30 40 40 40 
1 Juve 1.27788 0.45183 0.5061 202.81 124.6 40 20 10 10 20 10 30 10 40 10 10 20 20 20 30 20 10 30 20 30 30 30 40 30 10 40 20 40 30 40 40 40 
1 Juve 1.03262 0.3576 0.41703 204.75 122.6 40 20 10 10 20 10 30 10 40 10 10 20 20 20 30 20 10 30 20 30 30 30 40 30 10 40 20 40 30 40 40 40 
1 Juve 1.25816 0.44451 0.50196 194.49 113.4 30 10 10 10 20 10 40 10 10 20 20 20 30 20 40 20 10 30 20 30 30 30 40 30 10 40 20 40 30 40 40 40 
1 Juve 1.31254 0.46238 0.52604 204.51 125.2 20 20 10 10 20 10 30 10 40 10 10 20 30 20 40 20 10 30 20 30 30 30 40 30 10 40 20 40 30 40 40 40 
1 Juve 1.27869 0.45179 0.50719 195.13 119.2 20 40 10 10 20 10 30 10 40 10 10 20 20 20 30 20 40 20 10 30 20 30 30 30 40 30 10 40 30 40 40 40 
1 Juve 1.29337 0.45968 0.51612 219.93 133 20 30 10 10 20 10 30 10 40 10 10 20 20 20 30 20 40 20 10 30 30 30 40 30 10 40 20 40 30 40 40 40 
1 Juve 1.31708 0.46513 0.52463 210.11 126.2 10 10 20 10 30 10 40 10 10 20 20 20 30 20 40 20 10 30 20 30 30 30 40 30 10 40 20 40 30 40 40 40 
1 Juve 1.2939 0.45881 0.51665 188.7 117.2 30 20 10 10 20 10 30 10 40 10 10 20 20 20 40 20 10 30 20 30 30 30 40 30 10 40 20 40 30 40 40 40 
1 Juve 1.27337 0.4497 0.50648 205.97 123.34 10 10 20 10 30 10 40 10 10 20 20 20 30 20 40 20 10 30 20 30 30 30 40 30 10 40 20 40 30 40 40 40 
1 Juve 1.16898 0.41019 0.47157 214.28 135.2 30 10 10 10 20 10 40 10 10 20 20 20 30 20 40 20 10 30 20 30 30 30 40 30 10 40 20 40 30 40 40 40 
1 Juve 1.01526 0.35453 0.40828 197.01 124.8 20 10 10 10 30 10 40 10 10 20 20 20 30 20 40 20 10 30 20 30 30 30 40 30 10 40 20 40 30 40 40 40 
1 Juve 1.05033 0.36372 0.42394 183.14 106.8 10 10 20 10 30 10 40 10 10 20 20 20 30 20 40 20 10 30 20 30 30 30 40 30 10 40 20 40 30 40 40 40 
1 Juve 1.0811 0.37044 0.4388 205.87 125.8 30 30 10 10 20 10 30 10 40 10 10 20 20 20 30 20 40 20 10 30 20 30 40 30 10 40 20 40 30 40 40 40 
1 Juve 1.18103 0.41422 0.47789 204.12 125.6 30 40 10 10 20 10 30 10 40 10 10 20 20 20 30 20 40 20 10 30 20 30 30 30 40 30 10 40 20 40 40 40 
1 Juve 1.30372 0.46134 0.52129 201.21 121.6 30 10 10 10 20 10 40 10 10 20 20 20 30 20 40 20 10 30 20 30 30 30 40 30 10 40 20 40 30 40 40 40 
1 Juve 1.28765 0.45362 0.5128 204.8 131.2 30 40 10 10 20 10 30 10 40 10 10 20 20 20 30 20 40 20 10 30 20 30 30 30 40 30 10 40 20 40 40 40 
1 Juve 1.27764 0.44957 0.51403 229.25 140.71 20 40 10 10 20 10 30 10 40 10 10 20 20 20 30 20 40 20 10 30 20 30 30 30 40 30 10 40 30 40 40 40 
1 Juve 1.23514 0.43362 0.49734 208.96 127.28 40 40 10 10 20 10 30 10 40 10 10 20 20 20 30 20 40 20 10 30 20 30 30 30 40 30 10 40 20 40 30 40 
1 Juve 1.16566 0.40941 0.46905 206.52 135 20 40 10 10 20 10 30 10 40 10 10 20 20 20 30 20 40 20 10 30 20 30 30 30 40 30 10 40 30 40 40 40 
1 Juve 1.11026 0.38846 0.44455 215.59 135.58 40 20 10 10 20 10 30 10 40 10 10 20 20 20 30 20 10 30 20 30 30 30 40 30 10 40 20 40 30 40 40 40 
1 Juve 1.25809 0.44229 0.50347 205.62 125 30 40 10 10 20 10 30 10 40 10 10 20 20 20 30 20 40 20 10 30 20 30 30 30 40 30 10 40 20 40 40 40 
1 Juve 1.28636 0.45002 0.51935 206.06 129.8 10 10 20 10 30 10 40 10 10 20 20 20 30 20 40 20 10 30 20 30 30 30 40 30 10 40 20 40 30 40 40 40 
1 Juve 1.10133 0.39019 0.4507 201.19 128.6 40 30 10 10 20 10 30 10 40 10 10 20 20 20 30 20 40 20 10 30 20 30 30 30 10 40 20 40 30 40 40 40 
1 Juve 1.11847 0.38866 0.44788 222.38 139 20 40 10 10 20 10 30 10 40 10 10 20 20 20 30 20 40 20 10 30 20 30 30 30 40 30 10 40 30 40 40 40 
1 Juve 1.12353 0.39441 0.45351 213.46 131.38 40 20 10 10 20 10 30 10 40 10 10 20 20 20 30 20 10 30 20 30 30 30 40 30 10 40 20 40 30 40 40 40 
1 Juve 1.01725 0.35426 0.41037 201.1 127.8 30 10 10 10 20 10 40 10 10 20 20 20 30 20 40 20 10 30 20 30 30 30 40 30 10 40 20 40 30 40 40 40 
1 Juve 1.29132 0.45822 0.51205 193.28 117.4 40 20 10 10 20 10 30 10 40 10 10 20 20 20 30 20 10 30 20 30 30 30 40 30 10 40 20 40 30 40 40 40 
1 Juve 1.24862 0.44113 0.49869 210.61 134.4 30 10 10 10 20 10 40 10 10 20 20 20 30 20 40 20 10 30 20 30 30 30 40 30 10 40 20 40 30 40 40 40 
1 Juve 1.28558 0.4547 0.51634 202.96 127.2 40 40 10 10 20 10 30 10 40 10 10 20 20 20 30 20 40 20 10 30 20 30 30 30 40 30 10 40 20 40 30 40 
1 Juve 1.27585 0.44877 0.50769 210.82 128.2 30 10 10 10 20 10 40 10 10 20 20 20 30 20 40 20 10 30 20 30 30 30 40 30 10 40 20 40 30 40 40 40 
1 Juve 1.2534 0.44428 0.49754 207.57 131.4 30 30 10 10 20 10 30 10 40 10 10 20 20 20 30 20 40 20 10 30 20 30 40 30 10 40 20 40 30 40 40 40 
1 Juve 1.28147 0.45499 0.51075 209.67 128.8 20 20 10 10 20 10 30 10 40 10 10 20 30 20 40 20 10 30 20 30 30 30 40 30 10 40 20 40 30 40 40 40 
1 Juve 1.10406 0.38666 0.4465 196.41 125.91 10 20 10 10 20 10 30 10 40 10 20 20 30 20 40 20 10 30 20 30 30 30 40 30 10 40 20 40 30 40 40 40 
1 Juve 1.09284 0.38414 0.44133 211.89 131.2 10 20 10 10 20 10 30 10 40 10 20 20 30 20 40 20 10 30 20 30 30 30 40 30 10 40 20 40 30 40 40 40 
1 Juve 1.23474 0.42644 0.4881 194.22 120.4 20 30 10 10 20 10 30 10 40 10 10 20 20 20 30 20 40 20 10 30 30 30 40 30 10 40 20 40 30 40 40 40 
1 Juve 1.09196 0.38267 0.4408 214.65 132.8 10 40 10 10 20 10 30 10 40 10 10 20 20 20 30 20 40 20 10 30 20 30 30 30 40 30 20 40 30 40 40 40 
1 Juve 1.0974 0.38299 0.44105 207.62 133.2 10 30 10 10 20 10 30 10 40 10 10 20 20 20 30 20 40 20 20 30 30 30 40 30 10 40 20 40 30 40 40 40 
1 Juve 1.12212 0.38976 0.44982 192.65 121 20 20 10 10 20 10 30 10 40 10 10 20 30 20 40 20 10 30 20 30 30 30 40 30 10 40 20 40 30 40 40 40 
1 Juve 1.16949 0.41171 0.47328 208.21 130.2 40 20 10 10 20 10 30 10 40 10 10 20 20 20 30 20 10 30 20 30 30 30 40 30 10 40 20 40 30 40 40 40 
1 Juve 1.28019 0.44934 0.51977 216.37 136.4 20 30 10 10 20 10 30 10 40 10 10 20 20 20 30 20 40 20 10 30 30 30 40 30 10 40 20 40 30 40 40 40 
1 Juve 1.30201 0.4592 0.52038 184.11 111.6 40 20 10 10 20 10 30 10 40 10 10 20 20 20 30 20 10 30 20 30 30 30 40 30 10 40 20 40 30 40 40 40 
1 Juve 1.28912 0.45314 0.51338 221.57 139.6 10 40 10 10 20 10 30 10 40 10 10 20 20 20 30 20 40 20 10 30 20 30 30 30 40 30 20 40 30 40 40 40 
1 Juve 1.28683 0.45632 0.50953 187.27 111.8 30 10 10 10 20 10 40 10 10 20 20 20 30 20 40 20 10 30 20 30 30 30 40 30 10 40 20 40 30 40 40 40 
1 Juve 1.2777 0.45305 0.5064 209.02 133.6 10 30 10 10 20 10 30 10 40 10 10 20 20 20 30 20 40 20 20 30 30 30 40 30 10 40 20 40 30 40 40 40 
1 Juve 1.24416 0.43737 0.49532 201.13 120.53 30 40 10 10 20 10 30 10 40 10 10 20 20 20 30 20 40 20 10 30 20 30 30 30 40 30 10 40 20 40 40 40 
1 Juve 1.29072 0.45605 0.51455 223.74 146.4 40 30 10 10 20 10 30 10 40 10 10 20 20 20 30 20 40 20 10 30 20 30 30 30 10 40 20 40 30 40 40 40 
1 Juve 1.24906 0.44118 0.49625 196.66 121.6 30 10 10 10 20 10 40 10 10 20 20 20 30 20 40 20 10 30 20 30 30 30 40 30 10 40 20 40 30 40 40 40 
1 Juve 1.28683 0.45634 0.51338 210.25 127.8 40 10 10 10 20 10 30 10 10 20 20 20 30 20 40 20 10 30 20 30 30 30 40 30 10 40 20 40 30 40 40 40 
1 Juve 1.26901 0.445 0.50799 197.43 126.2 10 30 10 10 20 10 30 10 40 10 10 20 20 20 30 20 40 20 20 30 30 30 40 30 10 40 20 40 30 40 40 40 
1 Juve 1.31514 0.46306 0.52632 211.22 130.6 30 40 10 10 20 10 30 10 40 10 10 20 20 20 30 20 40 20 10 30 20 30 30 30 40 30 10 40 20 40 40 40 
1 Juve 1.27613 0.45027 0.51057 201.73 125.2 40 10 10 10 20 10 30 10 10 20 20 20 30 20 40 20 10 30 20 30 30 30 40 30 10 40 20 40 30 40 40 40 
1 Juve 1.24061 0.43698 0.4958 222.53 141.4 10 30 10 10 20 10 30 10 40 10 10 20 20 20 30 20 40 20 20 30 30 30 40 30 10 40 20 40 30 40 40 40 
1 Juve 1.14626 0.39872 0.46962 226.67 142.2 40 20 10 10 20 10 30 10 40 10 10 20 20 20 30 20 10 30 20 30 30 30 40 30 10 40 20 40 30 40 40 40 
1 Juve 1.25278 0.44292 0.50286 200.15 122.2 10 40 10 10 20 10 30 10 40 10 10 20 20 20 30 20 40 20 10 30 20 30 30 30 40 30 20 40 30 40 40 40 
1 Juve 1.28856 0.45694 0.51317 195.61 116.8 20 30 10 10 20 10 30 10 40 10 10 20 20 20 30 20 40 20 10 30 30 30 40 30 10 40 20 40 30 40 40 40 
1 Juve 1.28276 0.45121 0.51032 196.24 118.2 40 40 10 10 20 10 30 10 40 10 10 20 20 20 30 20 40 20 10 30 20 30 30 30 40 30 10 40 20 40 30 40 
1 Juve 1.2937 0.45672 0.517 241.37 153.4 10 20 10 10 20 10 30 10 40 10 20 20 30 20 40 20 10 30 20 30 30 30 40 30 10 40 20 40 30 40 40 40 
1 Juve 1.25592 0.44312 0.50062 191.85 116.6 10 40 10 10 20 10 30 10 40 10 10 20 20 20 30 20 40 20 10 30 20 30 30 30 40 30 20 40 30 40 40 40 
1 Juve 1.26436 0.44392 0.50757 213.87 126.4 20 10 10 10 30 10 40 10 10 20 20 20 30 20 40 20 10 30 20 30 30 30 40 30 10 40 20 40 30 40 40 40 
1 Juve 1.28296 0.45435 0.51184 190.3 118.4 40 30 10 10 20 10 30 10 40 10 10 20 20 20 30 20 40 20 10 30 20 30 30 30 10 40 20 40 30 40 40 40 
1 Juve 1.35037 0.47706 0.53994 207.46 136 30 40 10 10 20 10 30 10 40 10 10 20 20 20 30 20 40 20 10 30 20 30 30 30 40 30 10 40 20 40 40 40 
1 Juve 1.28847 0.45321 0.51521 214.71 131.6 40 40 10 10 20 10 30 10 40 10 10 20 20 20 30 20 40 20 10 30 20 30 30 30 40 30 10 40 20 40 30 40 
1 Juve 1.27647 0.44419 0.51724 238.17 158.6 20 40 10 10 20 10 30 10 40 10 10 20 20 20 30 20 40 20 10 30 20 30 30 30 40 30 10 40 30 40 40 40 
1 Juve 1.26258 0.44627 0.50378 192.7 118.2 10 10 20 10 30 10 40 10 10 20 20 20 30 20 40 20 10 30 20 30 30 30 40 30 10 40 20 40 30 40 40 40 
1 Juve 1.26438 0.44684 0.50531 208.15 128.43 30 20 10 10 20 10 30 10 40 10 10 20 20 20 40 20 10 30 20 30 30 30 40 30 10 40 20 40 30 40 40 40 
1 Juve 1.29098 0.45154 0.51923 214.85 130.16 10 20 10 10 20 10 30 10 40 10 20 20 30 20 40 20 10 30 20 30 30 30 40 30 10 40 20 40 30 40 40 40 
1 Juve 1.29313 0.45658 0.5121 193.71 120.2 10 10 20 10 30 10 40 10 10 20 20 20 30 20 40 20 10 30 20 30 30 30 40 30 10 40 20 40 30 40 40 40 
1 Juve 1.28264 0.45009 0.51336 223.16 140.2 40 10 10 10 20 10 30 10 10 20 20 20 30 20 40 20 10 30 20 30 30 30 40 30 10 40 20 40 30 40 40 40 
1 Juve 1.17178 0.40951 0.47307 201.45 123.4 20 20 10 10 20 10 30 10 40 10 10 20 30 20 40 20 10 30 20 30 30 30 40 30 10 40 20 40 30 40 40 40 
1 Juve 1.29938 0.45474 0.51849 197.51 123.4 10 40 10 10 20 10 30 10 40 10 10 20 20 20 30 20 40 20 10 30 20 30 30 30 40 30 20 40 30 40 40 40 
1 Juve 1.15208 0.40754 0.46719 231.33 145.8 40 20 10 10 20 10 30 10 40 10 10 20 20 20 30 20 10 30 20 30 30 30 40 30 10 40 20 40 30 40 40 40 
1 Juve 0.952388 0.33115 0.389 215.55 135.8 30 40 10 10 20 10 30 10 40 10 10 20 20 20 30 20 40 20 10 30 20 30 30 30 40 30 10 40 20 40 40 40 
