1 Juve 1.18697 0.41753 0.44356 87.571 47.8 25 42 25 7.5 8 25 42.5 25 
1 Juve 1.1475 0.40334 0.42941 98.219 59.8 42.5 25 25 7.5 8 25 25 42 
1 Juve 1.19726 0.42037 0.44875 88.9 49.8 25 7.5 8 25 42.5 25 25 42 
1 Juve 1.18364 0.4184 0.44168 83.172 47.4 42.5 25 25 7.5 8 25 25 42 
1 Juve 1.19096 0.41871 0.44359 85.657 47.8 25 7.5 8 25 42.5 25 25 42 
1 Juve 1.15649 0.40743 0.42978 101.01 61.8 8 25 25 7.5 42.5 25 25 42 
1 Juve 1.16739 0.41155 0.43942 90.625 51.4 25 7.5 8 25 42.5 25 25 42 
1 Juve 1.1966 0.4179 0.44997 96.658 59.185 25 7.5 8 25 42.5 25 25 42 
1 Juve 1.20996 0.4242 0.45472 92.448 50 25 42 25 7.5 8 25 42.5 25 
1 Juve 1.16808 0.41061 0.43829 83.273 48.8 25 42 25 7.5 8 25 42.5 25 
1 Juve 1.01739 0.35454 0.38398 81.82 43 25 42 25 7.5 8 25 42.5 25 
1 Juve 1.09208 0.37896 0.4161 85.671 47.2 42.5 25 25 7.5 8 25 25 42 
1 Juve 1.16907 0.41099 0.43783 84.993 48.611 42.5 25 25 7.5 8 25 25 42 
1 Juve 1.04722 0.36693 0.39518 92.002 54.395 25 42 25 7.5 8 25 42.5 25 
1 Juve 1.07093 0.37444 0.40113 91.758 48.8 8 25 25 7.5 42.5 25 25 42 
1 Juve 1.15412 0.4059 0.43071 89.141 52.8 42.5 25 25 7.5 8 25 25 42 
1 Juve 1.07426 0.3786 0.4035 87.623 50 25 7.5 8 25 42.5 25 25 42 
1 Juve 1.28175 0.45667 0.481 92.827 52.8 42.5 25 25 7.5 8 25 25 42 
1 Juve 1.51865 0.53583 0.5674 86.065 48.6 25 42 25 7.5 8 25 42.5 25 
1 Juve 1.04347 0.36544 0.38709 87.263 46.4 42.5 25 25 7.5 8 25 25 42 
1 Juve 1.04288 0.36612 0.39283 92.698 54 8 25 25 7.5 42.5 25 25 42 
1 Juve 1.15842 0.40857 0.43221 97.758 55.8 25 42 25 7.5 8 25 42.5 25 
1 Juve 1.01013 0.35325 0.38606 92.12 55 25 7.5 8 25 42.5 25 25 42 
1 Juve 1.20933 0.42427 0.45715 89.079 50.4 8 25 25 7.5 42.5 25 25 42 
1 Juve 1.00368 0.34986 0.37837 94.064 51.8 25 7.5 8 25 42.5 25 25 42 
1 Juve 1.07113 0.36874 0.40316 88.895 48.6 25 7.5 8 25 42.5 25 25 42 
1 Juve 1.0013 0.34924 0.37263 105.42 60 8 25 25 7.5 42.5 25 25 42 
1 Juve 1.03881 0.36667 0.39136 93.972 52.2 25 7.5 8 25 42.5 25 25 42 
1 Juve 1.01475 0.35619 0.38518 89.408 50.4 25 42 25 7.5 8 25 42.5 25 
1 Juve 0.959343 0.33251 0.35753 98.08 58.4 8 25 25 7.5 42.5 25 25 42 
1 Juve 1.12458 0.39666 0.42371 110.72 62.4 42.5 25 25 7.5 8 25 25 42 
1 Juve 1.03456 0.3608 0.38321 96.521 56 42.5 25 25 7.5 8 25 25 42 
1 Juve 1.16644 0.41012 0.438 102.79 59.2 42.5 25 25 7.5 8 25 25 42 
1 Juve 1.22248 0.43093 0.45761 88.885 49 8 25 25 7.5 42.5 25 25 42 
1 Juve 0.988165 0.34698 0.37577 88.152 50.2 42.5 25 25 7.5 8 25 25 42 
1 Juve 1.1854 0.41874 0.44472 88.403 50.4 8 25 25 7.5 42.5 25 25 42 
1 Juve 1.21172 0.42718 0.45292 86.932 47.4 8 25 25 7.5 42.5 25 25 42 
1 Juve 1.14358 0.40173 0.42869 96.482 53.2 25 7.5 8 25 42.5 25 25 42 
1 Juve 1.23222 0.434 0.46382 98.222 54.8 42.5 25 25 7.5 8 25 25 42 
1 Juve 1.01304 0.35464 0.37843 84.563 44.4 25 42 25 7.5 8 25 42.5 25 
1 Juve 1.04803 0.36873 0.3941 86.456 48 8 25 25 7.5 42.5 25 25 42 
1 Juve 1.2146 0.42822 0.456 112.56 66.6 8 25 25 7.5 42.5 25 25 42 
1 Juve 1.19187 0.41568 0.45855 96.646 55.2 25 42 25 7.5 8 25 42.5 25 
1 Juve 1.05709 0.36866 0.39105 81.263 44 42.5 25 25 7.5 8 25 25 42 
1 Juve 1.22089 0.4243 0.44571 83.336 45.4 25 42 25 7.5 8 25 42.5 25 
1 Juve 1.09761 0.38371 0.41243 88.205 50.2 42.5 25 25 7.5 8 25 25 42 
1 Juve 1.20567 0.41675 0.44084 93.163 55 25 42 25 7.5 8 25 42.5 25 
1 Juve 1.01758 0.35703 0.38337 87.231 49.6 25 7.5 8 25 42.5 25 25 42 
1 Juve 0.926528 0.3218 0.34453 99.635 54.8 25 7.5 8 25 42.5 25 25 42 
1 Juve 1.00002 0.34676 0.37584 91.69 51.4 42.5 25 25 7.5 8 25 25 42 
1 Juve 1.03405 0.35572 0.38442 84.629 48 25 7.5 8 25 42.5 25 25 42 
1 Juve 1.00038 0.34753 0.3771 86.557 47.6 42.5 25 25 7.5 8 25 25 42 
1 Juve 1.04017 0.36469 0.39063 85.141 46 25 7.5 8 25 42.5 25 25 42 
1 Juve 0.910047 0.31385 0.3424 88.285 49.4 25 42 25 7.5 8 25 42.5 25 
1 Juve 1.0927 0.38335 0.4091 93.134 49.8 25 7.5 8 25 42.5 25 25 42 
1 Juve 1.0124 0.3517 0.37751 105.67 62 8 25 25 7.5 42.5 25 25 42 
1 Juve 0.945331 0.32498 0.35638 81.48 42.8 8 25 25 7.5 42.5 25 25 42 
1 Juve 1.20046 0.42161 0.4486 85.024 47.8 25 7.5 8 25 42.5 25 25 42 
1 Juve 0.99615 0.34844 0.3754 89.019 51.2 25 42 25 7.5 8 25 42.5 25 
1 Juve 0.965005 0.33529 0.36046 96.456 55.6 25 7.5 8 25 42.5 25 25 42 
1 Juve 1.04169 0.36348 0.39046 88.799 49.8 42.5 25 25 7.5 8 25 25 42 
1 Juve 1.0359 0.3644 0.39054 91.273 51.8 25 42 25 7.5 8 25 42.5 25 
1 Juve 1.19033 0.4207 0.44434 88.931 49.2 8 25 25 7.5 42.5 25 25 42 
1 Juve 1.1792 0.41593 0.43778 93.841 52 8 25 25 7.5 42.5 25 25 42 
1 Juve 1.21723 0.42847 0.45744 83.259 45.8 25 7.5 8 25 42.5 25 25 42 
1 Juve 1.02156 0.35803 0.38179 102.86 55 25 7.5 8 25 42.5 25 25 42 
1 Juve 1.00148 0.35101 0.37856 103.28 56.6 8 25 25 7.5 42.5 25 25 42 
1 Juve 0.977638 0.34316 0.36705 85.17 53.6 42.5 25 25 7.5 8 25 25 42 
1 Juve 1.04179 0.36246 0.39159 83.017 46.6 8 25 25 7.5 42.5 25 25 42 
1 Juve 1.1897 0.41762 0.44496 88.002 47.6 25 42 25 7.5 8 25 42.5 25 
1 Juve 1.04102 0.36384 0.39325 99.358 54.4 25 42 25 7.5 8 25 42.5 25 
1 Juve 1.02341 0.36077 0.382 88.851 51.6 8 25 25 7.5 42.5 25 25 42 
1 Juve 0.999619 0.35059 0.3772 84.169 45 42.5 25 25 7.5 8 25 25 42 
1 Juve 1.0735 0.38023 0.40592 83.316 43.6 25 7.5 8 25 42.5 25 25 42 
1 Juve 0.970193 0.34074 0.36479 108.48 61.4 42.5 25 25 7.5 8 25 25 42 
1 Juve 0.968282 0.33758 0.3651 85.133 46.2 25 7.5 8 25 42.5 25 25 42 
1 Juve 0.986636 0.33781 0.3732 87.645 51 25 42 25 7.5 8 25 42.5 25 
1 Juve 1.19476 0.41834 0.44642 92.027 53.6 8 25 25 7.5 42.5 25 25 42 
1 Juve 0.947288 0.32859 0.35426 96.505 54.6 25 7.5 8 25 42.5 25 25 42 
1 Juve 1.21855 0.4301 0.45434 83.035 47.6 42.5 25 25 7.5 8 25 25 42 
1 Juve 1.22363 0.43136 0.45827 84.502 48.6 42.5 25 25 7.5 8 25 25 42 
1 Juve 1.19809 0.42308 0.44988 102.75 56 25 7.5 8 25 42.5 25 25 42 
1 Juve 1.2127 0.4276 0.45565 87.215 49 42.5 25 25 7.5 8 25 25 42 
1 Juve 1.03163 0.3615 0.39182 116.51 67.4 42.5 25 25 7.5 8 25 25 42 
1 Juve 0.946786 0.33034 0.35716 92.339 52.6 42.5 25 25 7.5 8 25 25 42 
1 Juve 1.18945 0.41843 0.44483 89.434 53.4 25 42 25 7.5 8 25 42.5 25 
1 Juve 1.21578 0.42855 0.45598 83.425 45.2 8 25 25 7.5 42.5 25 25 42 
1 Juve 1.19678 0.42126 0.44803 98.58 61.136 42.5 25 25 7.5 8 25 25 42 
1 Juve 1.03384 0.36066 0.38709 84.767 47.4 25 42 25 7.5 8 25 42.5 25 
1 Juve 1.17912 0.40908 0.43206 87.466 50.2 25 7.5 8 25 42.5 25 25 42 
1 Juve 0.969069 0.33588 0.36333 84.96 46.4 25 42 25 7.5 8 25 42.5 25 
1 Juve 1.11392 0.39324 0.41912 82.463 44.6 25 7.5 8 25 42.5 25 25 42 
1 Juve 1.13183 0.39984 0.42849 112.32 64.2 42.5 25 25 7.5 8 25 25 42 
1 Juve 1.18284 0.41563 0.43842 112.88 63.4 42.5 25 25 7.5 8 25 25 42 
1 Juve 1.2188 0.42965 0.45857 97.709 56.4 25 42 25 7.5 8 25 42.5 25 
1 Juve 1.01273 0.35425 0.38401 99.315 56 25 42 25 7.5 8 25 42.5 25 
1 Juve 0.928814 0.32342 0.34833 86.467 48 8 25 25 7.5 42.5 25 25 42 
1 Juve 1.06518 0.37385 0.4035 86.29 49 42.5 25 25 7.5 8 25 25 42 
1 Juve 1.2265 0.43081 0.45853 93.476 54.2 25 7.5 8 25 42.5 25 25 42 
1 Juve 1.21544 0.4253 0.45523 89.526 49 42.5 25 25 7.5 8 25 25 42 
1 Juve 1.22578 0.4334 0.45731 89.304 48.6 42.5 25 25 7.5 8 25 25 42 
1 Juve 1.17021 0.40918 0.44214 104.44 59 8 25 25 7.5 42.5 25 25 42 
1 Juve 1.26907 0.448 0.47351 90.811 50.4 42.5 25 25 7.5 8 25 25 42 
1 Juve 1.22862 0.43031 0.46329 90.794 49.4 8 25 25 7.5 42.5 25 25 42 
1 Juve 1.2113 0.42807 0.45091 90.807 51.2 25 7.5 8 25 42.5 25 25 42 
1 Juve 1.01882 0.35551 0.38686 101.8 62.8 25 7.5 8 25 42.5 25 25 42 
1 Juve 1.17286 0.41071 0.44325 93.49 55 42.5 25 25 7.5 8 25 25 42 
1 Juve 1.19521 0.42097 0.44763 89.587 49 25 7.5 8 25 42.5 25 25 42 
1 Juve 0.997771 0.3484 0.37759 89.596 55.4 42.5 25 25 7.5 8 25 25 42 
1 Juve 1.03002 0.35784 0.38999 92.743 53.8 8 25 25 7.5 42.5 25 25 42 
1 Juve 1.0454 0.36729 0.392 95.711 51.4 25 42 25 7.5 8 25 42.5 25 
1 Juve 1.02989 0.3627 0.3882 84.469 46.6 42.5 25 25 7.5 8 25 25 42 
1 Juve 1.03951 0.36595 0.39713 90.231 52 25 42 25 7.5 8 25 42.5 25 
1 Juve 0.970004 0.33935 0.36692 87.393 50.8 25 42 25 7.5 8 25 42.5 25 
1 Juve 1.1846 0.41568 0.44273 89.872 50.6 25 42 25 7.5 8 25 42.5 25 
1 Juve 1.18221 0.41462 0.44159 87.485 48.4 42.5 25 25 7.5 8 25 25 42 
1 Juve 0.977053 0.34108 0.37 85.59 45.6 8 25 25 7.5 42.5 25 25 42 
1 Juve 1.05302 0.3725 0.39515 90.503 49.8 25 42 25 7.5 8 25 42.5 25 
1 Juve 0.965645 0.33553 0.35864 91.121 54.8 25 7.5 8 25 42.5 25 25 42 
1 Juve 1.18349 0.41673 0.44038 95.058 56.6 25 42 25 7.5 8 25 42.5 25 
1 Juve 1.18155 0.41589 0.44425 110.42 59.8 8 25 25 7.5 42.5 25 25 42 
1 Juve 1.01924 0.35592 0.38196 95.492 55.551 25 42 25 7.5 8 25 42.5 25 
1 Juve 1.01732 0.3582 0.38337 90.071 51 25 7.5 8 25 42.5 25 25 42 
1 Juve 1.05389 0.37096 0.39573 85.515 45.8 42.5 25 25 7.5 8 25 25 42 
1 Juve 1.10932 0.38946 0.41702 96.847 54.331 8 25 25 7.5 42.5 25 25 42 
1 Juve 1.03249 0.36187 0.38881 93.988 56.2 25 7.5 8 25 42.5 25 25 42 
1 Juve 1.01542 0.35684 0.38251 94.865 53.4 25 42 25 7.5 8 25 42.5 25 
1 Juve 1.12189 0.39181 0.41922 84.08 47.6 25 42 25 7.5 8 25 42.5 25 
1 Juve 1.02108 0.35623 0.3849 87.818 49 8 25 25 7.5 42.5 25 25 42 
1 Juve 0.920189 0.31807 0.34518 82.479 45.2 25 7.5 8 25 42.5 25 25 42 
1 Juve 0.990898 0.34223 0.37446 116.48 64.6 25 7.5 8 25 42.5 25 25 42 
1 Juve 1.00284 0.34812 0.37195 91.346 53.8 8 25 25 7.5 42.5 25 25 42 
1 Juve 1.00957 0.34858 0.37731 88.513 48.4 8 25 25 7.5 42.5 25 25 42 
1 Juve 1.04861 0.36847 0.39696 103.2 58 42.5 25 25 7.5 8 25 25 42 
1 Juve 1.04196 0.36013 0.39066 87.688 47.4 42.5 25 25 7.5 8 25 25 42 
1 Juve 0.974332 0.33829 0.36709 109.37 61.2 25 7.5 8 25 42.5 25 25 42 
1 Juve 1.0439 0.3669 0.39255 85.51 48.599 25 42 25 7.5 8 25 42.5 25 
1 Juve 1.19278 0.41287 0.45734 106.42 64.394 42.5 25 25 7.5 8 25 25 42 
1 Juve 1.18164 0.41651 0.44257 91.449 52.4 25 42 25 7.5 8 25 42.5 25 
1 Juve 1.05196 0.36681 0.40009 85.416 47.2 42.5 25 25 7.5 8 25 25 42 
1 Juve 1.16911 0.41031 0.43717 83.499 46.4 25 42 25 7.5 8 25 42.5 25 
1 Juve 0.976796 0.33975 0.36634 94.81 58.6 42.5 25 25 7.5 8 25 25 42 
1 Juve 0.968043 0.33807 0.36317 92.162 52.4 42.5 25 25 7.5 8 25 25 42 
1 Juve 1.19829 0.42304 0.44481 87.365 48.2 42.5 25 25 7.5 8 25 25 42 
1 Juve 1.24114 0.44026 0.46573 86.52 48.8 42.5 25 25 7.5 8 25 25 42 
1 Juve 1.05878 0.37118 0.39957 95.987 57.2 25 42 25 7.5 8 25 42.5 25 
1 Juve 0.993502 0.34372 0.37829 89.267 49.8 8 25 25 7.5 42.5 25 25 42 
1 Juve 1.02361 0.36005 0.38271 92.943 53.8 25 7.5 8 25 42.5 25 25 42 
1 Juve 1.03259 0.36028 0.38738 89.819 50.4 25 42 25 7.5 8 25 42.5 25 
1 Juve 1.13441 0.3994 0.42733 94.262 53.2 42.5 25 25 7.5 8 25 25 42 
1 Juve 1.21402 0.42636 0.45228 85.835 47.4 42.5 25 25 7.5 8 25 25 42 
1 Juve 1.0923 0.383 0.41412 85.561 48.2 25 42 25 7.5 8 25 42.5 25 
1 Juve 1.19853 0.42062 0.44756 85.523 47.8 25 42 25 7.5 8 25 42.5 25 
1 Juve 1.20796 0.42483 0.45274 98.82 57.4 42.5 25 25 7.5 8 25 25 42 
1 Juve 1.0627 0.372 0.39874 91.061 53.2 25 7.5 8 25 42.5 25 25 42 
1 Juve 1.04005 0.36601 0.3921 84.271 45.2 8 25 25 7.5 42.5 25 25 42 
1 Juve 1.02735 0.36106 0.38618 87.733 49 42.5 25 25 7.5 8 25 25 42 
1 Juve 1.17093 0.41064 0.43834 87.694 50 25 7.5 8 25 42.5 25 25 42 
1 Juve 1.0721 0.3757 0.40587 85.121 48.2 25 7.5 8 25 42.5 25 25 42 
1 Juve 1.056 0.37163 0.39179 84.271 44 8 25 25 7.5 42.5 25 25 42 
1 Juve 1.03739 0.36357 0.38897 94.001 54 8 25 25 7.5 42.5 25 25 42 
1 Juve 1.20888 0.42317 0.45779 95.452 55 25 42 25 7.5 8 25 42.5 25 
1 Juve 0.979719 0.33975 0.36824 83.43 46.8 42.5 25 25 7.5 8 25 25 42 
1 Juve 1.02374 0.36432 0.3933 94.095 53.6 25 42 25 7.5 8 25 42.5 25 
1 Juve 0.974105 0.33738 0.36349 90.821 53 42.5 25 25 7.5 8 25 25 42 
1 Juve 1.20677 0.42591 0.45059 92.403 52.4 25 42 25 7.5 8 25 42.5 25 
1 Juve 1.04863 0.3613 0.38743 84.199 45.6 25 42 25 7.5 8 25 42.5 25 
1 Juve 1.05189 0.3636 0.39792 93.352 55 25 7.5 8 25 42.5 25 25 42 
1 Juve 1.04804 0.36963 0.40053 89.033 54.8 25 7.5 8 25 42.5 25 25 42 
1 Juve 1.02078 0.35343 0.38275 86.696 48 25 42 25 7.5 8 25 42.5 25 
1 Juve 1.00099 0.34833 0.37492 84.322 45.8 25 42 25 7.5 8 25 42.5 25 
1 Juve 1.20386 0.42336 0.44997 90.135 52.8 25 7.5 8 25 42.5 25 25 42 
1 Juve 1.01949 0.35574 0.38237 80.134 41.6 25 7.5 8 25 42.5 25 25 42 
1 Juve 0.955831 0.33301 0.35466 87.751 49.2 8 25 25 7.5 42.5 25 25 42 
1 Juve 1.01896 0.35471 0.38112 83.73 46.2 42.5 25 25 7.5 8 25 25 42 
1 Juve 1.17365 0.41127 0.43916 94.339 54 42.5 25 25 7.5 8 25 25 42 
1 Juve 1.17389 0.41099 0.44265 97.191 56 25 7.5 8 25 42.5 25 25 42 
1 Juve 1.00332 0.34861 0.37407 83.356 43.4 25 42 25 7.5 8 25 42.5 25 
1 Juve 1.0205 0.35569 0.38393 91.465 52.8 25 42 25 7.5 8 25 42.5 25 
1 Juve 0.980951 0.3408 0.365 93.292 53.8 25 42 25 7.5 8 25 42.5 25 
1 Juve 1.04334 0.36662 0.3957 99.089 57.8 8 25 25 7.5 42.5 25 25 42 
1 Juve 1.03098 0.35692 0.38505 105.4 60.794 25 42 25 7.5 8 25 42.5 25 
1 Juve 1.25674 0.44536 0.46931 93.761 53.8 25 7.5 8 25 42.5 25 25 42 
1 Juve 1.06396 0.37469 0.40091 90.342 50.8 25 7.5 8 25 42.5 25 25 42 
1 Juve 0.973821 0.33874 0.36264 89.632 49.6 8 25 25 7.5 42.5 25 25 42 
1 Juve 0.981753 0.34484 0.37231 83.651 44.2 25 7.5 8 25 42.5 25 25 42 
1 Juve 1.19372 0.42034 0.44663 97.204 59 25 42 25 7.5 8 25 42.5 25 
1 Juve 0.982456 0.34525 0.36771 96.106 56.2 25 42 25 7.5 8 25 42.5 25 
1 Juve 1.19648 0.41992 0.44633 80.553 43.4 25 7.5 8 25 42.5 25 25 42 
1 Juve 1.02154 0.35664 0.3858 84.649 44.8 25 42 25 7.5 8 25 42.5 25 
1 Juve 1.16863 0.41066 0.43778 89.268 49.2 42.5 25 25 7.5 8 25 25 42 
1 Juve 1.16459 0.40834 0.43669 88.951 50.8 8 25 25 7.5 42.5 25 25 42 
1 Juve 1.17242 0.41421 0.43984 91.829 51.2 25 7.5 8 25 42.5 25 25 42 
1 Juve 1.33059 0.46479 0.49219 90.862 51 25 7.5 8 25 42.5 25 25 42 
1 Juve 1.12832 0.39684 0.42528 93.107 53.2 8 25 25 7.5 42.5 25 25 42 
1 Juve 1.2035 0.42311 0.44915 90.927 53.6 42.5 25 25 7.5 8 25 25 42 
1 Juve 1.179 0.41298 0.44381 90.523 51.8 25 7.5 8 25 42.5 25 25 42 
1 Juve 1.01391 0.35352 0.37952 91.443 51.2 42.5 25 25 7.5 8 25 25 42 
1 Juve 1.02528 0.35854 0.38543 86.942 49.6 25 42 25 7.5 8 25 42.5 25 
1 Juve 1.03713 0.36119 0.38715 95.121 55.6 8 25 25 7.5 42.5 25 25 42 
1 Juve 1.21069 0.42792 0.45036 85.967 48 8 25 25 7.5 42.5 25 25 42 
1 Juve 1.08372 0.38234 0.40917 111.44 63.6 8 25 25 7.5 42.5 25 25 42 
1 Juve 1.0691 0.37463 0.40234 85.883 45.683 8 25 25 7.5 42.5 25 25 42 
1 Juve 1.17796 0.41528 0.44237 88.028 47.588 25 42 25 7.5 8 25 42.5 25 
1 Juve 1.19017 0.41123 0.44695 103.95 62.8 25 42 25 7.5 8 25 42.5 25 
1 Juve 1.04907 0.36774 0.39603 83.115 44.2 42.5 25 25 7.5 8 25 25 42 
1 Juve 1.02151 0.3591 0.38831 87.436 50.8 25 42 25 7.5 8 25 42.5 25 
1 Juve 1.2204 0.4294 0.45786 86.23 48.4 42.5 25 25 7.5 8 25 25 42 
1 Juve 1.14554 0.4021 0.43349 91.18 51.983 42.5 25 25 7.5 8 25 25 42 
1 Juve 1.0226 0.35713 0.3829 93.637 53 25 7.5 8 25 42.5 25 25 42 
1 Juve 1.19545 0.41875 0.45168 102.39 55.8 8 25 25 7.5 42.5 25 25 42 
1 Juve 1.03493 0.36459 0.38916 95.772 54.8 8 25 25 7.5 42.5 25 25 42 
1 Juve 1.05696 0.36801 0.39667 87.817 48.6 25 42 25 7.5 8 25 42.5 25 
1 Juve 1.20131 0.4221 0.44932 97.29 58.6 25 7.5 8 25 42.5 25 25 42 
1 Juve 0.971814 0.33716 0.36038 87.233 50.4 8 25 25 7.5 42.5 25 25 42 
1 Juve 1.0817 0.38402 0.41059 92.38 52 42.5 25 25 7.5 8 25 25 42 
1 Juve 1.22841 0.43394 0.4571 88.525 51.4 25 42 25 7.5 8 25 42.5 25 
1 Juve 1.06585 0.37346 0.40029 83.407 45.6 8 25 25 7.5 42.5 25 25 42 
1 Juve 1.20514 0.42078 0.4552 85.377 49.8 25 42 25 7.5 8 25 42.5 25 
1 Juve 1.06638 0.37574 0.40471 93.282 55 25 42 25 7.5 8 25 42.5 25 
1 Juve 0.999974 0.34918 0.37575 91.123 50.8 42.5 25 25 7.5 8 25 25 42 
1 Juve 1.00299 0.35046 0.3755 92.265 53.2 42.5 25 25 7.5 8 25 25 42 
1 Juve 0.983958 0.3447 0.37251 85.815 47.6 8 25 25 7.5 42.5 25 25 42 
1 Juve 1.15282 0.40211 0.43002 83.181 45.6 25 42 25 7.5 8 25 42.5 25 
1 Juve 1.05528 0.38255 0.40977 93.33 53 42.5 25 25 7.5 8 25 25 42 
1 Juve 1.04516 0.36011 0.39675 93.89 54.6 25 42 25 7.5 8 25 42.5 25 
1 Juve 1.0729 0.37569 0.40336 85.687 48.6 25 7.5 8 25 42.5 25 25 42 
1 Juve 1.36813 0.47842 0.50671 91.181 50.2 25 42 25 7.5 8 25 42.5 25 
1 Juve 1.24417 0.43835 0.46764 100.85 59.4 42.5 25 25 7.5 8 25 25 42 
1 Juve 1.19035 0.41806 0.44393 90.735 50 42.5 25 25 7.5 8 25 25 42 
1 Juve 1.03756 0.36528 0.38967 85.803 46.4 25 42 25 7.5 8 25 42.5 25 
1 Juve 0.999904 0.34927 0.37672 99.283 53.4 8 25 25 7.5 42.5 25 25 42 
1 Juve 1.19878 0.42152 0.4497 91.038 51 25 42 25 7.5 8 25 42.5 25 
1 Juve 1.15098 0.40125 0.42795 87.508 47.2 25 7.5 8 25 42.5 25 25 42 
1 Juve 1.0383 0.36241 0.38981 88.153 49 25 7.5 8 25 42.5 25 25 42 
1 Juve 0.994584 0.34079 0.37506 81.827 45.8 42.5 25 25 7.5 8 25 25 42 
1 Juve 1.03775 0.35705 0.39517 100.61 60.8 25 7.5 8 25 42.5 25 25 42 
1 Juve 1.22179 0.43064 0.45819 94.065 53.4 42.5 25 25 7.5 8 25 25 42 
1 Juve 1.05982 0.37013 0.395 92.553 54.8 42.5 25 25 7.5 8 25 25 42 
1 Juve 1.05964 0.37142 0.40203 95.425 54.4 42.5 25 25 7.5 8 25 25 42 
1 Juve 1.09882 0.38266 0.4167 114.01 61.2 25 7.5 8 25 42.5 25 25 42 
1 Juve 1.05489 0.37213 0.39504 86.564 48.4 25 42 25 7.5 8 25 42.5 25 
1 Juve 1.01068 0.35616 0.38243 90.083 51.4 42.5 25 25 7.5 8 25 25 42 
1 Juve 1.04589 0.36755 0.39414 86.137 46 42.5 25 25 7.5 8 25 25 42 
1 Juve 1.07218 0.37741 0.39952 81.165 43.6 25 7.5 8 25 42.5 25 25 42 
1 Juve 1.07479 0.3763 0.40599 92.177 54.2 25 42 25 7.5 8 25 42.5 25 
1 Juve 1.12162 0.39591 0.42002 82.996 46.2 25 42 25 7.5 8 25 42.5 25 
1 Juve 1.07632 0.37298 0.40067 115.36 66.8 42.5 25 25 7.5 8 25 25 42 
1 Juve 1.36449 0.47828 0.50572 87.889 50.4 25 42 25 7.5 8 25 42.5 25 
1 Juve 1.07719 0.378 0.40844 90.332 50.2 42.5 25 25 7.5 8 25 25 42 
1 Juve 1.21264 0.42435 0.45682 86.613 48.4 42.5 25 25 7.5 8 25 25 42 
1 Juve 1.18755 0.41653 0.44474 94.31 56.4 8 25 25 7.5 42.5 25 25 42 
1 Juve 1.17596 0.41408 0.44005 87.454 48 25 42 25 7.5 8 25 42.5 25 
1 Juve 0.968471 0.3363 0.36626 88.795 51.8 25 42 25 7.5 8 25 42.5 25 
1 Juve 1.08988 0.37984 0.40924 96.947 54 25 42 25 7.5 8 25 42.5 25 
1 Juve 0.919139 0.3186 0.34677 88.155 49.8 42.5 25 25 7.5 8 25 25 42 
1 Juve 1.19029 0.4177 0.44517 88.402 50.6 25 42 25 7.5 8 25 42.5 25 
1 Juve 1.24583 0.43876 0.47072 92.429 51.8 25 7.5 8 25 42.5 25 25 42 
1 Juve 1.20575 0.42184 0.45414 92.807 53.8 42.5 25 25 7.5 8 25 25 42 
1 Juve 1.01449 0.35533 0.38434 87.7 49 25 42 25 7.5 8 25 42.5 25 
1 Juve 1.16908 0.41214 0.43776 85.35 47 25 7.5 8 25 42.5 25 25 42 
1 Juve 0.976786 0.34016 0.36853 94.967 55.4 8 25 25 7.5 42.5 25 25 42 
1 Juve 0.972309 0.33765 0.36491 92.701 52.4 42.5 25 25 7.5 8 25 25 42 
1 Juve 1.01201 0.3523 0.38384 101.3 58.8 8 25 25 7.5 42.5 25 25 42 
1 Juve 1.18845 0.41763 0.44014 82.634 44.4 8 25 25 7.5 42.5 25 25 42 
1 Juve 1.23874 0.43799 0.46392 90.186 52.6 25 7.5 8 25 42.5 25 25 42 
1 Juve 1.04826 0.36627 0.39169 85.5 45.4 25 7.5 8 25 42.5 25 25 42 
1 Juve 1.07784 0.37626 0.40453 99.962 54.6 25 7.5 8 25 42.5 25 25 42 
1 Juve 1.09873 0.38911 0.41419 94.08 53 25 7.5 8 25 42.5 25 25 42 
1 Juve 1.37939 0.48325 0.5124 113.44 68 25 42 25 7.5 8 25 42.5 25 
1 Juve 1.05093 0.36749 0.39786 101.44 61 8 25 25 7.5 42.5 25 25 42 
1 Juve 1.10586 0.39006 0.41506 92.577 50 42.5 25 25 7.5 8 25 25 42 
1 Juve 1.00974 0.35076 0.37804 90.921 51 42.5 25 25 7.5 8 25 25 42 
1 Juve 0.994803 0.3494 0.37773 105.56 58 8 25 25 7.5 42.5 25 25 42 
1 Juve 0.956669 0.33176 0.36616 94.037 56 25 7.5 8 25 42.5 25 25 42 
1 Juve 1.1559 0.40605 0.42905 103.15 52.65 25 7.5 8 25 42.5 25 25 42 
1 Juve 1.07305 0.37379 0.40265 91.056 52.6 25 42 25 7.5 8 25 42.5 25 
1 Juve 1.04978 0.36337 0.39034 87.824 53.6 25 7.5 8 25 42.5 25 25 42 
1 Juve 1.04802 0.36375 0.39667 98.906 53.4 25 7.5 8 25 42.5 25 25 42 
1 Juve 1.07066 0.37857 0.40219 91.871 51.282 25 42 25 7.5 8 25 42.5 25 
1 Juve 1.22179 0.43352 0.46167 106.34 55.8 25 7.5 8 25 42.5 25 25 42 
1 Juve 1.28912 0.45628 0.48268 85.536 46.4 25 42 25 7.5 8 25 42.5 25 
1 Juve 1.10059 0.38528 0.41196 90.033 48.6 25 7.5 8 25 42.5 25 25 42 
1 Juve 1.02459 0.35471 0.38456 96.059 55.8 42.5 25 25 7.5 8 25 25 42 
1 Juve 1.05922 0.37375 0.39496 86.927 50.8 25 42 25 7.5 8 25 42.5 25 
1 Juve 1.21617 0.43005 0.45859 87.273 51 42.5 25 25 7.5 8 25 25 42 
1 Juve 1.16045 0.4056 0.42749 83.453 46.8 25 7.5 8 25 42.5 25 25 42 
1 Juve 1.07458 0.38039 0.40846 86.702 51 25 42 25 7.5 8 25 42.5 25 
1 Juve 1.19537 0.42254 0.4496 85.533 46.8 8 25 25 7.5 42.5 25 25 42 
1 Juve 1.15463 0.40548 0.43386 88.175 48.4 42.5 25 25 7.5 8 25 25 42 
1 Juve 1.14431 0.39639 0.43049 84.292 47.2 25 7.5 8 25 42.5 25 25 42 
1 Juve 1.03514 0.35894 0.38658 88.231 50.6 8 25 25 7.5 42.5 25 25 42 
1 Juve 1.08929 0.3774 0.40401 90.529 52.4 25 42 25 7.5 8 25 42.5 25 
1 Juve 1.01288 0.35376 0.38003 85.651 47.6 25 42 25 7.5 8 25 42.5 25 
1 Juve 1.20162 0.42211 0.44993 81.758 43.8 25 42 25 7.5 8 25 42.5 25 
1 Juve 1.23716 0.43383 0.45864 88.513 46.6 8 25 25 7.5 42.5 25 25 42 
1 Juve 1.02588 0.3611 0.38522 87.545 47.6 8 25 25 7.5 42.5 25 25 42 
1 Juve 0.951077 0.33159 0.35892 95.712 54 8 25 25 7.5 42.5 25 25 42 
1 Juve 1.15935 0.39884 0.43221 88.144 49 8 25 25 7.5 42.5 25 25 42 
1 Juve 1.06697 0.37183 0.403 87.287 51.2 42.5 25 25 7.5 8 25 25 42 
1 Juve 1.01971 0.36333 0.38464 95.766 56.2 42.5 25 25 7.5 8 25 25 42 
1 Juve 1.05722 0.36902 0.39585 90.778 52.8 25 7.5 8 25 42.5 25 25 42 
1 Juve 1.26391 0.44342 0.4738 85.967 47.2 8 25 25 7.5 42.5 25 25 42 
1 Juve 1.22198 0.42866 0.45932 95.593 54.8 42.5 25 25 7.5 8 25 25 42 
1 Juve 1.2196 0.43118 0.45752 81.604 42 25 42 25 7.5 8 25 42.5 25 
1 Juve 1.18644 0.41704 0.44483 94.673 57 25 42 25 7.5 8 25 42.5 25 
1 Juve 1.20418 0.42276 0.45152 100.2 54.6 25 42 25 7.5 8 25 42.5 25 
1 Juve 1.21563 0.42809 0.45595 90.529 52.2 25 7.5 8 25 42.5 25 25 42 
1 Juve 1.1698 0.4109 0.43956 86.079 47.4 25 7.5 8 25 42.5 25 25 42 
1 Juve 1.14275 0.3955 0.42023 91.19 49.2 8 25 25 7.5 42.5 25 25 42 
1 Juve 1.2174 0.42751 0.45873 93.844 53.8 42.5 25 25 7.5 8 25 25 42 
1 Juve 1.09864 0.38277 0.40797 95.814 56.6 25 7.5 8 25 42.5 25 25 42 
1 Juve 1.00087 0.34665 0.37269 83.998 44.6 42.5 25 25 7.5 8 25 25 42 
1 Juve 0.933095 0.32187 0.34972 90.448 51 42.5 25 25 7.5 8 25 25 42 
1 Juve 1.05879 0.36466 0.40314 91.489 52.2 25 42 25 7.5 8 25 42.5 25 
1 Juve 1.26699 0.44566 0.48167 86.194 50.2 25 7.5 8 25 42.5 25 25 42 
1 Juve 1.2541 0.43994 0.46541 89.933 50.2 25 42 25 7.5 8 25 42.5 25 
1 Juve 1.10885 0.38235 0.40957 92.648 52 8 25 25 7.5 42.5 25 25 42 
1 Juve 0.980839 0.34188 0.36385 88.41 48.4 8 25 25 7.5 42.5 25 25 42 
1 Juve 1.24446 0.43791 0.46456 91.162 52.8 25 7.5 8 25 42.5 25 25 42 
1 Juve 1.18535 0.41747 0.44396 92.905 55.4 25 42 25 7.5 8 25 42.5 25 
1 Juve 1.2489 0.43898 0.46781 114.24 64.4 42.5 25 25 7.5 8 25 25 42 
1 Juve 1.00809 0.35138 0.37138 88.588 50.4 8 25 25 7.5 42.5 25 25 42 
1 Juve 0.936226 0.32425 0.35384 109.96 66.6 8 25 25 7.5 42.5 25 25 42 
1 Juve 1.02421 0.35641 0.38625 84.7 47.2 8 25 25 7.5 42.5 25 25 42 
1 Juve 1.09582 0.38254 0.40797 86.084 48.8 8 25 25 7.5 42.5 25 25 42 
1 Juve 1.01028 0.3524 0.37624 96.481 53.746 42.5 25 25 7.5 8 25 25 42 
1 Juve 1.05884 0.36839 0.39341 89.327 53.4 8 25 25 7.5 42.5 25 25 42 
1 Juve 1.12983 0.39179 0.41882 89.943 51.4 25 7.5 8 25 42.5 25 25 42 
1 Juve 1.20646 0.41636 0.4513 92.042 54.8 25 7.5 8 25 42.5 25 25 42 
1 Juve 1.05759 0.37282 0.40032 102.94 61.4 8 25 25 7.5 42.5 25 25 42 
1 Juve 1.12706 0.39779 0.42342 88.67 50.8 25 42 25 7.5 8 25 42.5 25 
1 Juve 1.01745 0.35623 0.38317 103.42 56.2 25 7.5 8 25 42.5 25 25 42 
1 Juve 1.11738 0.38622 0.41463 89.403 50.2 25 7.5 8 25 42.5 25 25 42 
1 Juve 1.06601 0.37525 0.39991 96.905 55.8 8 25 25 7.5 42.5 25 25 42 
1 Juve 1.19321 0.41913 0.44612 90.607 51.2 8 25 25 7.5 42.5 25 25 42 
1 Juve 1.21254 0.4257 0.44994 99.01 58.4 42.5 25 25 7.5 8 25 25 42 
1 Juve 1.23057 0.43113 0.46405 89.098 50.4 25 42 25 7.5 8 25 42.5 25 
1 Juve 1.30667 0.45841 0.48459 91.235 52.4 25 7.5 8 25 42.5 25 25 42 
1 Juve 1.35317 0.47324 0.49963 83.574 47.8 25 42 25 7.5 8 25 42.5 25 
1 Juve 1.22815 0.43202 0.4591 93.036 51.8 25 42 25 7.5 8 25 42.5 25 
1 Juve 1.15161 0.40449 0.43004 83.461 44 8 25 25 7.5 42.5 25 25 42 
1 Juve 1.21579 0.42726 0.45677 96.081 57.2 25 7.5 8 25 42.5 25 25 42 
1 Juve 1.22105 0.42987 0.45723 97.566 55.6 25 7.5 8 25 42.5 25 25 42 
1 Juve 1.27613 0.45096 0.47767 89.738 50.6 25 42 25 7.5 8 25 42.5 25 
1 Juve 1.24633 0.43755 0.46841 83.389 47 25 7.5 8 25 42.5 25 25 42 
1 Juve 1.07052 0.3755 0.40281 87.436 47.2 42.5 25 25 7.5 8 25 25 42 
1 Juve 1.15678 0.40132 0.4394 130.9 76 42.5 25 25 7.5 8 25 25 42 
1 Juve 1.02152 0.35471 0.38219 82.898 45.8 25 42 25 7.5 8 25 42.5 25 
1 Juve 1.06802 0.37618 0.40454 90.042 54.6 8 25 25 7.5 42.5 25 25 42 
1 Juve 1.08849 0.38739 0.40874 85.002 47.2 25 7.5 8 25 42.5 25 25 42 
1 Juve 0.970104 0.33926 0.36165 86.203 46.6 25 7.5 8 25 42.5 25 25 42 
1 Juve 1.16663 0.41139 0.43706 94.423 54 25 42 25 7.5 8 25 42.5 25 
1 Juve 1.20258 0.42205 0.45298 89.095 51.8 42.5 25 25 7.5 8 25 25 42 
1 Juve 1.18187 0.41577 0.4408 83.54 45.4 25 7.5 8 25 42.5 25 25 42 
1 Juve 1.14355 0.3964 0.4239 83.759 44.6 8 25 25 7.5 42.5 25 25 42 
1 Juve 1.16228 0.40898 0.43702 88.562 50.6 25 42 25 7.5 8 25 42.5 25 
1 Juve 1.18045 0.41473 0.44326 99.399 57 25 42 25 7.5 8 25 42.5 25 
1 Juve 0.960632 0.33319 0.36225 90.293 49.8 42.5 25 25 7.5 8 25 25 42 
1 Juve 1.21103 0.42633 0.45371 103.15 56 25 42 25 7.5 8 25 42.5 25 
1 Juve 1.20701 0.4268 0.45045 88.065 48.6 8 25 25 7.5 42.5 25 25 42 
1 Juve 1.23102 0.43391 0.45673 89.284 51 8 25 25 7.5 42.5 25 25 42 
1 Juve 1.00476 0.35261 0.38013 89.338 48.6 25 7.5 8 25 42.5 25 25 42 
1 Juve 1.03618 0.35722 0.39088 85.181 45.8 25 7.5 8 25 42.5 25 25 42 
1 Juve 1.07006 0.37347 0.40079 85.559 47.6 42.5 25 25 7.5 8 25 25 42 
1 Juve 1.04342 0.36264 0.39095 94.237 59.8 25 7.5 8 25 42.5 25 25 42 
1 Juve 0.995495 0.34717 0.37314 91.486 51.6 42.5 25 25 7.5 8 25 25 42 
1 Juve 1.01678 0.35352 0.37909 99.166 57.6 25 42 25 7.5 8 25 42.5 25 
1 Juve 1.26845 0.44655 0.47619 105.24 60.8 8 25 25 7.5 42.5 25 25 42 
1 Juve 1.09849 0.38768 0.41467 94.459 55.8 25 7.5 8 25 42.5 25 25 42 
1 Juve 1.0604 0.37897 0.40292 105.62 58 25 7.5 8 25 42.5 25 25 42 
1 Juve 1.21568 0.42885 0.45325 91.265 51.2 25 7.5 8 25 42.5 25 25 42 
1 Juve 1.01738 0.3537 0.3813 88.175 49.8 42.5 25 25 7.5 8 25 25 42 
1 Juve 1.29467 0.45543 0.4792 89.234 52 42.5 25 25 7.5 8 25 25 42 
1 Juve 1.04166 0.37037 0.40474 95.922 55.2 8 25 25 7.5 42.5 25 25 42 
1 Juve 1.01983 0.35483 0.37868 85.671 49 42.5 25 25 7.5 8 25 25 42 
1 Juve 0.955011 0.33166 0.35983 87.627 50.4 8 25 25 7.5 42.5 25 25 42 
1 Juve 0.908534 0.31363 0.34155 109.84 61.6 25 7.5 8 25 42.5 25 25 42 
1 Juve 1.17653 0.41389 0.44191 87.308 49.8 8 25 25 7.5 42.5 25 25 42 
1 Juve 0.991634 0.34872 0.37374 86.586 50 42.5 25 25 7.5 8 25 25 42 
1 Juve 1.20799 0.42609 0.45373 93.006 51 25 7.5 8 25 42.5 25 25 42 
1 Juve 1.2048 0.42604 0.45488 86.448 51.6 42.5 25 25 7.5 8 25 25 42 
1 Juve 1.17066 0.41129 0.4367 81.984 43.2 42.5 25 25 7.5 8 25 25 42 
1 Juve 1.01173 0.35236 0.38007 89.159 51.4 8 25 25 7.5 42.5 25 25 42 
1 Juve 1.13527 0.39454 0.41808 86.986 46.2 25 42 25 7.5 8 25 42.5 25 
1 Juve 1.00545 0.34902 0.3792 88.051 49.6 8 25 25 7.5 42.5 25 25 42 
1 Juve 0.930521 0.32345 0.35441 86.958 48.4 8 25 25 7.5 42.5 25 25 42 
1 Juve 1.0127 0.3557 0.38277 86.363 46 25 7.5 8 25 42.5 25 25 42 
1 Juve 1.26979 0.44737 0.47252 86.372 46 25 7.5 8 25 42.5 25 25 42 
1 Juve 1.1207 0.39981 0.42647 85.251 46 25 7.5 8 25 42.5 25 25 42 
1 Juve 1.08737 0.38546 0.41883 92.499 49.4 25 42 25 7.5 8 25 42.5 25 
1 Juve 1.00196 0.35129 0.37517 95.864 53.6 25 42 25 7.5 8 25 42.5 25 
1 Juve 1.18794 0.40993 0.43536 86.291 46.8 25 7.5 8 25 42.5 25 25 42 
1 Juve 1.02914 0.35998 0.3863 87.704 48.4 42.5 25 25 7.5 8 25 25 42 
1 Juve 1.03804 0.36462 0.39238 128.24 67.4 25 7.5 8 25 42.5 25 25 42 
1 Juve 1.16909 0.40659 0.43375 86.231 45.8 8 25 25 7.5 42.5 25 25 42 
1 Juve 1.20376 0.42287 0.44931 96.486 54 42.5 25 25 7.5 8 25 25 42 
1 Juve 1.04462 0.36612 0.38766 91.478 50.742 8 25 25 7.5 42.5 25 25 42 
1 Juve 1.00788 0.35175 0.379 89.253 49.6 25 42 25 7.5 8 25 42.5 25 
1 Juve 0.800171 0.27519 0.29454 82.498 46.4 8 25 25 7.5 42.5 25 25 42 
