1 Juve 1.15877 0.40392 0.46885 255.45 156.4 18 11 5 5 32 11 45 5 7 21 15 21 35 21 43 21 7 29 15 29 35 29 43 29 5 45 18 39 32 39 45 45 
1 Juve 1.19957 0.42268 0.48483 256.88 150.2 43 21 5 5 18 11 32 11 45 5 7 21 15 21 35 21 7 29 15 29 35 29 43 29 5 45 18 39 32 39 45 45 
1 Juve 1.20181 0.41842 0.48565 257.97 153.4 43 21 5 5 18 11 32 11 45 5 7 21 15 21 35 21 7 29 15 29 35 29 43 29 5 45 18 39 32 39 45 45 
1 Juve 1.1661 0.40875 0.47043 273.42 167.76 5 5 18 11 32 11 45 5 7 21 15 21 35 21 43 21 7 29 15 29 35 29 43 29 5 45 18 39 32 39 45 45 
1 Juve 1.15768 0.40804 0.47312 255.23 153.2 43 21 5 5 18 11 32 11 45 5 7 21 15 21 35 21 7 29 15 29 35 29 43 29 5 45 18 39 32 39 45 45 
1 Juve 1.15138 0.40661 0.46808 252.93 150.59 45 5 5 5 18 11 32 11 7 21 15 21 35 21 43 21 7 29 15 29 35 29 43 29 5 45 18 39 32 39 45 45 
1 Juve 1.13241 0.39324 0.46911 262.68 154 43 29 5 5 18 11 32 11 45 5 7 21 15 21 35 21 43 21 7 29 15 29 35 29 5 45 18 39 32 39 45 45 
1 Juve 1.08989 0.37884 0.44345 267.88 164.2 45 45 5 5 18 11 32 11 45 5 7 21 15 21 35 21 43 21 7 29 15 29 35 29 43 29 5 45 18 39 32 39 
1 Juve 1.20336 0.42089 0.48908 269.18 159.8 35 21 5 5 18 11 32 11 45 5 7 21 15 21 43 21 7 29 15 29 35 29 43 29 5 45 18 39 32 39 45 45 
1 Juve 1.29664 0.45232 0.52668 258.96 152.8 45 45 5 5 18 11 32 11 45 5 7 21 15 21 35 21 43 21 7 29 15 29 35 29 43 29 5 45 18 39 32 39 
1 Juve 1.36823 0.47997 0.55353 263.44 156.4 15 21 5 5 18 11 32 11 45 5 7 21 35 21 43 21 7 29 15 29 35 29 43 29 5 45 18 39 32 39 45 45 
1 Juve 1.268 0.444 0.51917 282.02 171.6 18 39 5 5 18 11 32 11 45 5 7 21 15 21 35 21 43 21 7 29 15 29 35 29 43 29 5 45 32 39 45 45 
1 Juve 1.24774 0.43922 0.50368 242.9 142.56 15 21 5 5 18 11 32 11 45 5 7 21 35 21 43 21 7 29 15 29 35 29 43 29 5 45 18 39 32 39 45 45 
1 Juve 1.42748 0.49825 0.58066 259.67 159.4 45 45 5 5 18 11 32 11 45 5 7 21 15 21 35 21 43 21 7 29 15 29 35 29 43 29 5 45 18 39 32 39 
1 Juve 1.44051 0.50587 0.57613 266.02 159.2 18 11 5 5 32 11 45 5 7 21 15 21 35 21 43 21 7 29 15 29 35 29 43 29 5 45 18 39 32 39 45 45 
1 Juve 1.16755 0.409 0.47697 266.32 164.6 32 11 5 5 18 11 45 5 7 21 15 21 35 21 43 21 7 29 15 29 35 29 43 29 5 45 18 39 32 39 45 45 
1 Juve 1.1887 0.41074 0.47911 263.62 161.48 15 29 5 5 18 11 32 11 45 5 7 21 15 21 35 21 43 21 7 29 35 29 43 29 5 45 18 39 32 39 45 45 
1 Juve 1.15235 0.39964 0.47573 286.43 174 15 29 5 5 18 11 32 11 45 5 7 21 15 21 35 21 43 21 7 29 35 29 43 29 5 45 18 39 32 39 45 45 
1 Juve 1.34391 0.47645 0.54066 255.86 148.14 7 29 5 5 18 11 32 11 45 5 7 21 15 21 35 21 43 21 15 29 35 29 43 29 5 45 18 39 32 39 45 45 
1 Juve 1.33923 0.47533 0.54014 266.48 161.8 15 29 5 5 18 11 32 11 45 5 7 21 15 21 35 21 43 21 7 29 35 29 43 29 5 45 18 39 32 39 45 45 
1 Juve 1.41465 0.5029 0.56579 270.67 163.2 5 45 5 5 18 11 32 11 45 5 7 21 15 21 35 21 43 21 7 29 15 29 35 29 43 29 18 39 32 39 45 45 
1 Juve 1.22666 0.43153 0.50078 269.65 164.2 43 29 5 5 18 11 32 11 45 5 7 21 15 21 35 21 43 21 7 29 15 29 35 29 5 45 18 39 32 39 45 45 
1 Juve 1.21879 0.42782 0.49672 274.9 165.27 32 39 5 5 18 11 32 11 45 5 7 21 15 21 35 21 43 21 7 29 15 29 35 29 43 29 5 45 18 39 45 45 
1 Juve 1.27079 0.45201 0.52149 314.95 180.4 18 11 5 5 32 11 45 5 7 21 15 21 35 21 43 21 7 29 15 29 35 29 43 29 5 45 18 39 32 39 45 45 
1 Juve 1.25613 0.4421 0.51189 263.68 159.75 18 39 5 5 18 11 32 11 45 5 7 21 15 21 35 21 43 21 7 29 15 29 35 29 43 29 5 45 32 39 45 45 
1 Juve 1.34433 0.47383 0.54065 273.77 168.58 5 45 5 5 18 11 32 11 45 5 7 21 15 21 35 21 43 21 7 29 15 29 35 29 43 29 18 39 32 39 45 45 
1 Juve 1.3629 0.4826 0.54855 272.98 166.6 35 21 5 5 18 11 32 11 45 5 7 21 15 21 43 21 7 29 15 29 35 29 43 29 5 45 18 39 32 39 45 45 
1 Juve 1.31249 0.45682 0.52793 281.19 169.6 7 29 5 5 18 11 32 11 45 5 7 21 15 21 35 21 43 21 15 29 35 29 43 29 5 45 18 39 32 39 45 45 
1 Juve 1.22705 0.42731 0.50351 268.87 161 45 45 5 5 18 11 32 11 45 5 7 21 15 21 35 21 43 21 7 29 15 29 35 29 43 29 5 45 18 39 32 39 
1 Juve 1.22629 0.42888 0.49881 277.73 168.4 7 29 5 5 18 11 32 11 45 5 7 21 15 21 35 21 43 21 15 29 35 29 43 29 5 45 18 39 32 39 45 45 
1 Juve 1.15932 0.40555 0.46967 276.98 172.96 43 29 5 5 18 11 32 11 45 5 7 21 15 21 35 21 43 21 7 29 15 29 35 29 5 45 18 39 32 39 45 45 
1 Juve 1.18113 0.41054 0.48795 278.18 177.09 15 29 5 5 18 11 32 11 45 5 7 21 15 21 35 21 43 21 7 29 35 29 43 29 5 45 18 39 32 39 45 45 
1 Juve 1.19844 0.42428 0.49725 303.44 183 32 39 5 5 18 11 32 11 45 5 7 21 15 21 35 21 43 21 7 29 15 29 35 29 43 29 5 45 18 39 45 45 
1 Juve 1.22383 0.43196 0.50697 287.25 170.6 45 5 5 5 18 11 32 11 7 21 15 21 35 21 43 21 7 29 15 29 35 29 43 29 5 45 18 39 32 39 45 45 
1 Juve 1.20489 0.42265 0.49549 281.84 174.2 45 45 5 5 18 11 32 11 45 5 7 21 15 21 35 21 43 21 7 29 15 29 35 29 43 29 5 45 18 39 32 39 
1 Juve 1.33084 0.46447 0.53492 263 160.6 15 21 5 5 18 11 32 11 45 5 7 21 35 21 43 21 7 29 15 29 35 29 43 29 5 45 18 39 32 39 45 45 
1 Juve 1.33754 0.47113 0.53711 251.24 152.4 35 29 5 5 18 11 32 11 45 5 7 21 15 21 35 21 43 21 7 29 15 29 43 29 5 45 18 39 32 39 45 45 
1 Juve 1.36532 0.48428 0.55202 257.06 154.14 5 45 5 5 18 11 32 11 45 5 7 21 15 21 35 21 43 21 7 29 15 29 35 29 43 29 18 39 32 39 45 45 
1 Juve 1.33114 0.46951 0.53051 246.47 149 5 45 5 5 18 11 32 11 45 5 7 21 15 21 35 21 43 21 7 29 15 29 35 29 43 29 18 39 32 39 45 45 
1 Juve 1.38292 0.48714 0.56531 255.87 161.6 45 5 5 5 18 11 32 11 7 21 15 21 35 21 43 21 7 29 15 29 35 29 43 29 5 45 18 39 32 39 45 45 
1 Juve 1.32423 0.46974 0.53214 246.71 149 5 45 5 5 18 11 32 11 45 5 7 21 15 21 35 21 43 21 7 29 15 29 35 29 43 29 18 39 32 39 45 45 
1 Juve 1.11938 0.39194 0.46514 272.92 163.4 32 11 5 5 18 11 45 5 7 21 15 21 35 21 43 21 7 29 15 29 35 29 43 29 5 45 18 39 32 39 45 45 
1 Juve 1.36443 0.48119 0.55186 272.45 163.6 35 21 5 5 18 11 32 11 45 5 7 21 15 21 43 21 7 29 15 29 35 29 43 29 5 45 18 39 32 39 45 45 
1 Juve 1.2165 0.42516 0.49149 253.56 147.8 32 39 5 5 18 11 32 11 45 5 7 21 15 21 35 21 43 21 7 29 15 29 35 29 43 29 5 45 18 39 45 45 
1 Juve 1.17571 0.4168 0.48487 249.31 146 35 21 5 5 18 11 32 11 45 5 7 21 15 21 43 21 7 29 15 29 35 29 43 29 5 45 18 39 32 39 45 45 
1 Juve 1.1069 0.38246 0.45463 257.56 158.39 32 39 5 5 18 11 32 11 45 5 7 21 15 21 35 21 43 21 7 29 15 29 35 29 43 29 5 45 18 39 45 45 
1 Juve 1.38868 0.49281 0.55426 261.4 158.4 18 11 5 5 32 11 45 5 7 21 15 21 35 21 43 21 7 29 15 29 35 29 43 29 5 45 18 39 32 39 45 45 
1 Juve 1.38863 0.49012 0.55893 276.4 165.8 32 11 5 5 18 11 45 5 7 21 15 21 35 21 43 21 7 29 15 29 35 29 43 29 5 45 18 39 32 39 45 45 
1 Juve 1.4069 0.49988 0.56352 260.57 155.6 5 5 18 11 32 11 45 5 7 21 15 21 35 21 43 21 7 29 15 29 35 29 43 29 5 45 18 39 32 39 45 45 
1 Juve 1.37412 0.48597 0.55219 264.2 155.6 32 39 5 5 18 11 32 11 45 5 7 21 15 21 35 21 43 21 7 29 15 29 35 29 43 29 5 45 18 39 45 45 
1 Juve 1.39673 0.49504 0.55936 250.58 152.18 7 21 5 5 18 11 32 11 45 5 15 21 35 21 43 21 7 29 15 29 35 29 43 29 5 45 18 39 32 39 45 45 
1 Juve 1.35702 0.48089 0.5456 274.3 165.4 32 11 5 5 18 11 45 5 7 21 15 21 35 21 43 21 7 29 15 29 35 29 43 29 5 45 18 39 32 39 45 45 
1 Juve 1.1281 0.3967 0.4606 268.5 160.2 18 11 5 5 32 11 45 5 7 21 15 21 35 21 43 21 7 29 15 29 35 29 43 29 5 45 18 39 32 39 45 45 
1 Juve 1.08004 0.37535 0.44253 293.23 178.8 15 21 5 5 18 11 32 11 45 5 7 21 35 21 43 21 7 29 15 29 35 29 43 29 5 45 18 39 32 39 45 45 
1 Juve 1.25638 0.44186 0.50739 281.34 167 7 21 5 5 18 11 32 11 45 5 15 21 35 21 43 21 7 29 15 29 35 29 43 29 5 45 18 39 32 39 45 45 
1 Juve 1.13307 0.39377 0.46051 263.84 158 5 5 18 11 32 11 45 5 7 21 15 21 35 21 43 21 7 29 15 29 35 29 43 29 5 45 18 39 32 39 45 45 
1 Juve 1.17373 0.40725 0.47819 251.22 149.8 45 5 5 5 18 11 32 11 7 21 15 21 35 21 43 21 7 29 15 29 35 29 43 29 5 45 18 39 32 39 45 45 
1 Juve 1.2383 0.433 0.50325 260.33 155.6 45 45 5 5 18 11 32 11 45 5 7 21 15 21 35 21 43 21 7 29 15 29 35 29 43 29 5 45 18 39 32 39 
1 Juve 1.37867 0.48855 0.54997 284.15 169.19 7 29 5 5 18 11 32 11 45 5 7 21 15 21 35 21 43 21 15 29 35 29 43 29 5 45 18 39 32 39 45 45 
1 Juve 1.21001 0.4226 0.50441 316.33 197.6 43 29 5 5 18 11 32 11 45 5 7 21 15 21 35 21 43 21 7 29 15 29 35 29 5 45 18 39 32 39 45 45 
1 Juve 1.2515 0.44055 0.51364 296.58 184.8 35 29 5 5 18 11 32 11 45 5 7 21 15 21 35 21 43 21 7 29 15 29 43 29 5 45 18 39 32 39 45 45 
1 Juve 1.14164 0.40129 0.46592 258.75 154.4 18 11 5 5 32 11 45 5 7 21 15 21 35 21 43 21 7 29 15 29 35 29 43 29 5 45 18 39 32 39 45 45 
1 Juve 1.26215 0.44375 0.51114 258.89 157.14 45 45 5 5 18 11 32 11 45 5 7 21 15 21 35 21 43 21 7 29 15 29 35 29 43 29 5 45 18 39 32 39 
1 Juve 1.23736 0.43305 0.50115 281.45 166.2 15 21 5 5 18 11 32 11 45 5 7 21 35 21 43 21 7 29 15 29 35 29 43 29 5 45 18 39 32 39 45 45 
1 Juve 1.24743 0.43776 0.51139 275.48 166.2 18 39 5 5 18 11 32 11 45 5 7 21 15 21 35 21 43 21 7 29 15 29 35 29 43 29 5 45 32 39 45 45 
1 Juve 1.3663 0.48165 0.55014 245.15 144.8 5 45 5 5 18 11 32 11 45 5 7 21 15 21 35 21 43 21 7 29 15 29 35 29 43 29 18 39 32 39 45 45 
1 Juve 1.23076 0.43171 0.50578 256.4 154 15 21 5 5 18 11 32 11 45 5 7 21 35 21 43 21 7 29 15 29 35 29 43 29 5 45 18 39 32 39 45 45 
1 Juve 1.19584 0.41703 0.48389 276.73 168.4 18 39 5 5 18 11 32 11 45 5 7 21 15 21 35 21 43 21 7 29 15 29 35 29 43 29 5 45 32 39 45 45 
1 Juve 1.18412 0.41369 0.47898 264.41 152.18 35 21 5 5 18 11 32 11 45 5 7 21 15 21 43 21 7 29 15 29 35 29 43 29 5 45 18 39 32 39 45 45 
1 Juve 1.38949 0.49429 0.55987 291.98 177.2 7 29 5 5 18 11 32 11 45 5 7 21 15 21 35 21 43 21 15 29 35 29 43 29 5 45 18 39 32 39 45 45 
1 Juve 1.24588 0.43359 0.51055 276.92 174.4 15 29 5 5 18 11 32 11 45 5 7 21 15 21 35 21 43 21 7 29 35 29 43 29 5 45 18 39 32 39 45 45 
1 Juve 1.36196 0.48068 0.55101 268.37 157.1 43 29 5 5 18 11 32 11 45 5 7 21 15 21 35 21 43 21 7 29 15 29 35 29 5 45 18 39 32 39 45 45 
1 Juve 1.39739 0.4928 0.56379 273.11 165.2 35 21 5 5 18 11 32 11 45 5 7 21 15 21 43 21 7 29 15 29 35 29 43 29 5 45 18 39 32 39 45 45 
1 Juve 1.39123 0.49331 0.55948 258.09 150.2 18 11 5 5 32 11 45 5 7 21 15 21 35 21 43 21 7 29 15 29 35 29 43 29 5 45 18 39 32 39 45 45 
1 Juve 1.16624 0.40023 0.48429 269.84 164 45 45 5 5 18 11 32 11 45 5 7 21 15 21 35 21 43 21 7 29 15 29 35 29 43 29 5 45 18 39 32 39 
1 Juve 1.33 0.47021 0.52976 260.09 155.2 18 11 5 5 32 11 45 5 7 21 15 21 35 21 43 21 7 29 15 29 35 29 43 29 5 45 18 39 32 39 45 45 
1 Juve 1.35878 0.48172 0.54777 264.81 150.2 43 21 5 5 18 11 32 11 45 5 7 21 15 21 35 21 7 29 15 29 35 29 43 29 5 45 18 39 32 39 45 45 
1 Juve 1.38499 0.49036 0.55411 267.28 166.8 32 11 5 5 18 11 45 5 7 21 15 21 35 21 43 21 7 29 15 29 35 29 43 29 5 45 18 39 32 39 45 45 
1 Juve 1.23153 0.42278 0.50736 275.55 168.8 15 29 5 5 18 11 32 11 45 5 7 21 15 21 35 21 43 21 7 29 35 29 43 29 5 45 18 39 32 39 45 45 
1 Juve 1.35678 0.48115 0.54709 276.24 171.79 45 45 5 5 18 11 32 11 45 5 7 21 15 21 35 21 43 21 7 29 15 29 35 29 43 29 5 45 18 39 32 39 
1 Juve 1.31655 0.46203 0.53108 257.76 156.2 45 5 5 5 18 11 32 11 7 21 15 21 35 21 43 21 7 29 15 29 35 29 43 29 5 45 18 39 32 39 45 45 
1 Juve 1.1978 0.42078 0.48703 271.83 169.2 15 29 5 5 18 11 32 11 45 5 7 21 15 21 35 21 43 21 7 29 35 29 43 29 5 45 18 39 32 39 45 45 
1 Juve 1.32635 0.46042 0.53676 268.39 164.1 7 29 5 5 18 11 32 11 45 5 7 21 15 21 35 21 43 21 15 29 35 29 43 29 5 45 18 39 32 39 45 45 
1 Juve 1.41151 0.497 0.57155 252.15 157.4 45 5 5 5 18 11 32 11 7 21 15 21 35 21 43 21 7 29 15 29 35 29 43 29 5 45 18 39 32 39 45 45 
1 Juve 1.40877 0.49555 0.57127 261.92 153.6 5 45 5 5 18 11 32 11 45 5 7 21 15 21 35 21 43 21 7 29 15 29 35 29 43 29 18 39 32 39 45 45 
1 Juve 1.37478 0.48517 0.55473 245.18 146.06 45 5 5 5 18 11 32 11 7 21 15 21 35 21 43 21 7 29 15 29 35 29 43 29 5 45 18 39 32 39 45 45 
1 Juve 1.37521 0.48491 0.5545 249.07 145.6 45 5 5 5 18 11 32 11 7 21 15 21 35 21 43 21 7 29 15 29 35 29 43 29 5 45 18 39 32 39 45 45 
1 Juve 1.1918 0.41368 0.49517 255.34 151.2 18 11 5 5 32 11 45 5 7 21 15 21 35 21 43 21 7 29 15 29 35 29 43 29 5 45 18 39 32 39 45 45 
1 Juve 1.3587 0.48305 0.54303 262.32 152.12 43 21 5 5 18 11 32 11 45 5 7 21 15 21 35 21 7 29 15 29 35 29 43 29 5 45 18 39 32 39 45 45 
1 Juve 1.20882 0.42329 0.489 244.97 150.2 45 5 5 5 18 11 32 11 7 21 15 21 35 21 43 21 7 29 15 29 35 29 43 29 5 45 18 39 32 39 45 45 
1 Juve 1.3714 0.48168 0.56029 276.6 171.4 15 21 5 5 18 11 32 11 45 5 7 21 35 21 43 21 7 29 15 29 35 29 43 29 5 45 18 39 32 39 45 45 
1 Juve 1.31585 0.46531 0.52769 256.83 146.11 15 29 5 5 18 11 32 11 45 5 7 21 15 21 35 21 43 21 7 29 35 29 43 29 5 45 18 39 32 39 45 45 
1 Juve 1.34938 0.4779 0.54054 261.64 160.46 7 21 5 5 18 11 32 11 45 5 15 21 35 21 43 21 7 29 15 29 35 29 43 29 5 45 18 39 32 39 45 45 
1 Juve 1.3223 0.46647 0.53188 245.28 145.8 32 39 5 5 18 11 32 11 45 5 7 21 15 21 35 21 43 21 7 29 15 29 35 29 43 29 5 45 18 39 45 45 
1 Juve 1.39982 0.49611 0.56411 261.77 153 45 5 5 5 18 11 32 11 7 21 15 21 35 21 43 21 7 29 15 29 35 29 43 29 5 45 18 39 32 39 45 45 
1 Juve 1.4289 0.50446 0.57803 256.74 156.19 5 5 18 11 32 11 45 5 7 21 15 21 35 21 43 21 7 29 15 29 35 29 43 29 5 45 18 39 32 39 45 45 
1 Juve 1.32102 0.46927 0.52783 245.85 142.8 18 11 5 5 32 11 45 5 7 21 15 21 35 21 43 21 7 29 15 29 35 29 43 29 5 45 18 39 32 39 45 45 
1 Juve 1.16461 0.40563 0.48216 271.89 162.2 15 21 5 5 18 11 32 11 45 5 7 21 35 21 43 21 7 29 15 29 35 29 43 29 5 45 18 39 32 39 45 45 
1 Juve 1.208 0.42498 0.49403 265.28 160.8 18 39 5 5 18 11 32 11 45 5 7 21 15 21 35 21 43 21 7 29 15 29 35 29 43 29 5 45 32 39 45 45 
1 Juve 1.33986 0.47359 0.53931 273.88 162.4 15 21 5 5 18 11 32 11 45 5 7 21 35 21 43 21 7 29 15 29 35 29 43 29 5 45 18 39 32 39 45 45 
1 Juve 1.30131 0.456 0.53815 288.33 176.8 35 29 5 5 18 11 32 11 45 5 7 21 15 21 35 21 43 21 7 29 15 29 43 29 5 45 18 39 32 39 45 45 
1 Juve 1.26183 0.4442 0.51048 241.95 139 7 21 5 5 18 11 32 11 45 5 15 21 35 21 43 21 7 29 15 29 35 29 43 29 5 45 18 39 32 39 45 45 
1 Juve 1.37674 0.47766 0.56436 307.88 184.19 7 29 5 5 18 11 32 11 45 5 7 21 15 21 35 21 43 21 15 29 35 29 43 29 5 45 18 39 32 39 45 45 
1 Juve 1.36797 0.48518 0.55429 274.45 166.2 45 5 5 5 18 11 32 11 7 21 15 21 35 21 43 21 7 29 15 29 35 29 43 29 5 45 18 39 32 39 45 45 
1 Juve 1.22421 0.43215 0.49578 258.33 152.8 15 21 5 5 18 11 32 11 45 5 7 21 35 21 43 21 7 29 15 29 35 29 43 29 5 45 18 39 32 39 45 45 
1 Juve 1.26623 0.44261 0.51638 261.47 156.8 5 5 18 11 32 11 45 5 7 21 15 21 35 21 43 21 7 29 15 29 35 29 43 29 5 45 18 39 32 39 45 45 
1 Juve 1.37387 0.48747 0.55005 252.44 153 15 21 5 5 18 11 32 11 45 5 7 21 35 21 43 21 7 29 15 29 35 29 43 29 5 45 18 39 32 39 45 45 
1 Juve 1.35765 0.48494 0.54609 257.09 149.8 15 21 5 5 18 11 32 11 45 5 7 21 35 21 43 21 7 29 15 29 35 29 43 29 5 45 18 39 32 39 45 45 
1 Juve 1.17865 0.41412 0.47715 269.42 162.4 43 21 5 5 18 11 32 11 45 5 7 21 15 21 35 21 7 29 15 29 35 29 43 29 5 45 18 39 32 39 45 45 
1 Juve 1.13463 0.39832 0.46414 277.1 168 18 11 5 5 32 11 45 5 7 21 15 21 35 21 43 21 7 29 15 29 35 29 43 29 5 45 18 39 32 39 45 45 
1 Juve 1.17566 0.41267 0.48115 277.45 164.4 7 29 5 5 18 11 32 11 45 5 7 21 15 21 35 21 43 21 15 29 35 29 43 29 5 45 18 39 32 39 45 45 
1 Juve 1.37114 0.47641 0.5648 270.05 164.75 45 45 5 5 18 11 32 11 45 5 7 21 15 21 35 21 43 21 7 29 15 29 35 29 43 29 5 45 18 39 32 39 
1 Juve 1.37331 0.48436 0.55077 244.77 144.8 5 45 5 5 18 11 32 11 45 5 7 21 15 21 35 21 43 21 7 29 15 29 35 29 43 29 18 39 32 39 45 45 
1 Juve 1.38891 0.49145 0.55987 267.41 159.2 7 21 5 5 18 11 32 11 45 5 15 21 35 21 43 21 7 29 15 29 35 29 43 29 5 45 18 39 32 39 45 45 
1 Juve 1.13005 0.39646 0.46278 265.72 156.2 43 21 5 5 18 11 32 11 45 5 7 21 15 21 35 21 7 29 15 29 35 29 43 29 5 45 18 39 32 39 45 45 
1 Juve 1.43681 0.50553 0.58636 270.39 163.6 15 29 5 5 18 11 32 11 45 5 7 21 15 21 35 21 43 21 7 29 35 29 43 29 5 45 18 39 32 39 45 45 
1 Juve 1.1941 0.41572 0.48941 274.25 165 32 39 5 5 18 11 32 11 45 5 7 21 15 21 35 21 43 21 7 29 15 29 35 29 43 29 5 45 18 39 45 45 
1 Juve 1.39229 0.49402 0.56041 283.75 174 35 21 5 5 18 11 32 11 45 5 7 21 15 21 43 21 7 29 15 29 35 29 43 29 5 45 18 39 32 39 45 45 
1 Juve 1.17432 0.41245 0.47644 264.18 163.8 7 29 5 5 18 11 32 11 45 5 7 21 15 21 35 21 43 21 15 29 35 29 43 29 5 45 18 39 32 39 45 45 
1 Juve 1.20886 0.42358 0.49484 264.63 163.4 15 21 5 5 18 11 32 11 45 5 7 21 35 21 43 21 7 29 15 29 35 29 43 29 5 45 18 39 32 39 45 45 
1 Juve 1.34303 0.47576 0.53875 254.78 153.4 15 21 5 5 18 11 32 11 45 5 7 21 35 21 43 21 7 29 15 29 35 29 43 29 5 45 18 39 32 39 45 45 
1 Juve 1.36318 0.48231 0.55146 279.27 174 35 21 5 5 18 11 32 11 45 5 7 21 15 21 43 21 7 29 15 29 35 29 43 29 5 45 18 39 32 39 45 45 
1 Juve 1.322 0.46811 0.52802 254.86 151.8 43 29 5 5 18 11 32 11 45 5 7 21 15 21 35 21 43 21 7 29 15 29 35 29 5 45 18 39 32 39 45 45 
1 Juve 1.24402 0.43669 0.51178 254.36 152.2 15 29 5 5 18 11 32 11 45 5 7 21 15 21 35 21 43 21 7 29 35 29 43 29 5 45 18 39 32 39 45 45 
1 Juve 1.37541 0.48553 0.55667 271.38 156.8 18 39 5 5 18 11 32 11 45 5 7 21 15 21 35 21 43 21 7 29 15 29 35 29 43 29 5 45 32 39 45 45 
1 Juve 1.37859 0.48789 0.55325 255.59 150.47 15 21 5 5 18 11 32 11 45 5 7 21 35 21 43 21 7 29 15 29 35 29 43 29 5 45 18 39 32 39 45 45 
1 Juve 1.34879 0.47583 0.54179 251.11 152.8 5 45 5 5 18 11 32 11 45 5 7 21 15 21 35 21 43 21 7 29 15 29 35 29 43 29 18 39 32 39 45 45 
1 Juve 1.18329 0.41235 0.48262 282.35 166.18 43 21 5 5 18 11 32 11 45 5 7 21 15 21 35 21 7 29 15 29 35 29 43 29 5 45 18 39 32 39 45 45 
1 Juve 1.23575 0.43786 0.50245 289.23 177 43 29 5 5 18 11 32 11 45 5 7 21 15 21 35 21 43 21 7 29 15 29 35 29 5 45 18 39 32 39 45 45 
1 Juve 1.26581 0.44747 0.51025 255.37 151 32 39 5 5 18 11 32 11 45 5 7 21 15 21 35 21 43 21 7 29 15 29 35 29 43 29 5 45 18 39 45 45 
1 Juve 1.19825 0.41921 0.49114 279.21 172.2 18 39 5 5 18 11 32 11 45 5 7 21 15 21 35 21 43 21 7 29 15 29 35 29 43 29 5 45 32 39 45 45 
1 Juve 1.22045 0.42819 0.48828 259.47 148.8 15 29 5 5 18 11 32 11 45 5 7 21 15 21 35 21 43 21 7 29 35 29 43 29 5 45 18 39 32 39 45 45 
1 Juve 1.15286 0.39966 0.4654 260.15 149.6 35 29 5 5 18 11 32 11 45 5 7 21 15 21 35 21 43 21 7 29 15 29 43 29 5 45 18 39 32 39 45 45 
1 Juve 1.107 0.38454 0.45204 271.34 166 7 21 5 5 18 11 32 11 45 5 15 21 35 21 43 21 7 29 15 29 35 29 43 29 5 45 18 39 32 39 45 45 
1 Juve 1.17225 0.40678 0.47686 273.72 168.4 32 39 5 5 18 11 32 11 45 5 7 21 15 21 35 21 43 21 7 29 15 29 35 29 43 29 5 45 18 39 45 45 
1 Juve 1.15847 0.40882 0.4711 264.98 159 7 21 5 5 18 11 32 11 45 5 15 21 35 21 43 21 7 29 15 29 35 29 43 29 5 45 18 39 32 39 45 45 
1 Juve 1.2071 0.41881 0.49446 289.92 181.8 32 11 5 5 18 11 45 5 7 21 15 21 35 21 43 21 7 29 15 29 35 29 43 29 5 45 18 39 32 39 45 45 
1 Juve 1.32319 0.4628 0.54368 269.43 161.6 32 39 5 5 18 11 32 11 45 5 7 21 15 21 35 21 43 21 7 29 15 29 35 29 43 29 5 45 18 39 45 45 
1 Juve 1.11184 0.38696 0.45266 255.27 153 5 45 5 5 18 11 32 11 45 5 7 21 15 21 35 21 43 21 7 29 15 29 35 29 43 29 18 39 32 39 45 45 
1 Juve 1.08342 0.37711 0.4431 249.51 146.6 5 45 5 5 18 11 32 11 45 5 7 21 15 21 35 21 43 21 7 29 15 29 35 29 43 29 18 39 32 39 45 45 
1 Juve 1.20927 0.42407 0.49092 256.41 152.8 43 21 5 5 18 11 32 11 45 5 7 21 15 21 35 21 7 29 15 29 35 29 43 29 5 45 18 39 32 39 45 45 
1 Juve 1.16701 0.41725 0.47888 262.09 158.4 7 29 5 5 18 11 32 11 45 5 7 21 15 21 35 21 43 21 15 29 35 29 43 29 5 45 18 39 32 39 45 45 
1 Juve 1.2459 0.44634 0.51698 275.27 172.2 18 39 5 5 18 11 32 11 45 5 7 21 15 21 35 21 43 21 7 29 15 29 35 29 43 29 5 45 32 39 45 45 
1 Juve 1.33163 0.47127 0.53551 263.04 154.6 18 39 5 5 18 11 32 11 45 5 7 21 15 21 35 21 43 21 7 29 15 29 35 29 43 29 5 45 32 39 45 45 
1 Juve 1.25349 0.43948 0.506 252.69 161.8 45 5 5 5 18 11 32 11 7 21 15 21 35 21 43 21 7 29 15 29 35 29 43 29 5 45 18 39 32 39 45 45 
1 Juve 1.1462 0.40434 0.46956 268.35 159.6 5 45 5 5 18 11 32 11 45 5 7 21 15 21 35 21 43 21 7 29 15 29 35 29 43 29 18 39 32 39 45 45 
1 Juve 1.13848 0.3988 0.46749 261.96 159.6 43 21 5 5 18 11 32 11 45 5 7 21 15 21 35 21 7 29 15 29 35 29 43 29 5 45 18 39 32 39 45 45 
1 Juve 1.13973 0.39445 0.47072 279.15 166.2 43 29 5 5 18 11 32 11 45 5 7 21 15 21 35 21 43 21 7 29 15 29 35 29 5 45 18 39 32 39 45 45 
1 Juve 1.18709 0.41832 0.4867 257.87 155.2 35 21 5 5 18 11 32 11 45 5 7 21 15 21 43 21 7 29 15 29 35 29 43 29 5 45 18 39 32 39 45 45 
1 Juve 1.23908 0.43452 0.50633 271.34 160.19 43 29 5 5 18 11 32 11 45 5 7 21 15 21 35 21 43 21 7 29 15 29 35 29 5 45 18 39 32 39 45 45 
1 Juve 1.18981 0.41795 0.48392 263.3 156.4 35 29 5 5 18 11 32 11 45 5 7 21 15 21 35 21 43 21 7 29 15 29 43 29 5 45 18 39 32 39 45 45 
1 Juve 1.2666 0.44451 0.51739 299.19 181 32 39 5 5 18 11 32 11 45 5 7 21 15 21 35 21 43 21 7 29 15 29 35 29 43 29 5 45 18 39 45 45 
1 Juve 1.22133 0.4278 0.50317 272.51 160.8 35 21 5 5 18 11 32 11 45 5 7 21 15 21 43 21 7 29 15 29 35 29 43 29 5 45 18 39 32 39 45 45 
1 Juve 1.13728 0.39905 0.47147 263.91 156.6 35 21 5 5 18 11 32 11 45 5 7 21 15 21 43 21 7 29 15 29 35 29 43 29 5 45 18 39 32 39 45 45 
1 Juve 1.35696 0.47862 0.55158 260.13 158.6 18 39 5 5 18 11 32 11 45 5 7 21 15 21 35 21 43 21 7 29 15 29 35 29 43 29 5 45 32 39 45 45 
1 Juve 1.38813 0.49434 0.55813 259.02 149.2 45 5 5 5 18 11 32 11 7 21 15 21 35 21 43 21 7 29 15 29 35 29 43 29 5 45 18 39 32 39 45 45 
1 Juve 1.22773 0.42882 0.4978 255.04 147.8 45 5 5 5 18 11 32 11 7 21 15 21 35 21 43 21 7 29 15 29 35 29 43 29 5 45 18 39 32 39 45 45 
1 Juve 1.33836 0.47475 0.53709 256.51 157.6 45 45 5 5 18 11 32 11 45 5 7 21 15 21 35 21 43 21 7 29 15 29 35 29 43 29 5 45 18 39 32 39 
1 Juve 1.34679 0.47515 0.54729 272.85 168.8 35 21 5 5 18 11 32 11 45 5 7 21 15 21 43 21 7 29 15 29 35 29 43 29 5 45 18 39 32 39 45 45 
1 Juve 1.27352 0.44746 0.51734 258.22 155.8 15 21 5 5 18 11 32 11 45 5 7 21 35 21 43 21 7 29 15 29 35 29 43 29 5 45 18 39 32 39 45 45 
1 Juve 1.21212 0.42626 0.49585 262.92 161.2 7 29 5 5 18 11 32 11 45 5 7 21 15 21 35 21 43 21 15 29 35 29 43 29 5 45 18 39 32 39 45 45 
1 Juve 1.08935 0.37961 0.44926 282.52 174.8 15 21 5 5 18 11 32 11 45 5 7 21 35 21 43 21 7 29 15 29 35 29 43 29 5 45 18 39 32 39 45 45 
1 Juve 1.33731 0.47313 0.53423 298.26 183.4 35 29 5 5 18 11 32 11 45 5 7 21 15 21 35 21 43 21 7 29 15 29 43 29 5 45 18 39 32 39 45 45 
1 Juve 1.28122 0.45301 0.51761 282.36 167.6 43 29 5 5 18 11 32 11 45 5 7 21 15 21 35 21 43 21 7 29 15 29 35 29 5 45 18 39 32 39 45 45 
1 Juve 1.26769 0.44851 0.5101 275.22 159.06 45 5 5 5 18 11 32 11 7 21 15 21 35 21 43 21 7 29 15 29 35 29 43 29 5 45 18 39 32 39 45 45 
1 Juve 1.3032 0.45925 0.52818 255.11 151.2 32 11 5 5 18 11 45 5 7 21 15 21 35 21 43 21 7 29 15 29 35 29 43 29 5 45 18 39 32 39 45 45 
1 Juve 1.37366 0.4879 0.55793 269.26 163 18 39 5 5 18 11 32 11 45 5 7 21 15 21 35 21 43 21 7 29 15 29 35 29 43 29 5 45 32 39 45 45 
1 Juve 1.12521 0.39283 0.45873 252.57 153.8 5 5 18 11 32 11 45 5 7 21 15 21 35 21 43 21 7 29 15 29 35 29 43 29 5 45 18 39 32 39 45 45 
1 Juve 1.35904 0.47806 0.54867 250.73 148 15 21 5 5 18 11 32 11 45 5 7 21 35 21 43 21 7 29 15 29 35 29 43 29 5 45 18 39 32 39 45 45 
1 Juve 1.18182 0.41176 0.47804 267.26 159 7 29 5 5 18 11 32 11 45 5 7 21 15 21 35 21 43 21 15 29 35 29 43 29 5 45 18 39 32 39 45 45 
1 Juve 1.24778 0.44051 0.50866 261.98 155.2 18 11 5 5 32 11 45 5 7 21 15 21 35 21 43 21 7 29 15 29 35 29 43 29 5 45 18 39 32 39 45 45 
1 Juve 1.30828 0.46265 0.53323 289.11 169 35 21 5 5 18 11 32 11 45 5 7 21 15 21 43 21 7 29 15 29 35 29 43 29 5 45 18 39 32 39 45 45 
1 Juve 1.32899 0.47062 0.53177 254.51 151.8 43 21 5 5 18 11 32 11 45 5 7 21 15 21 35 21 7 29 15 29 35 29 43 29 5 45 18 39 32 39 45 45 
1 Juve 1.20617 0.42236 0.49113 265.05 159.2 18 39 5 5 18 11 32 11 45 5 7 21 15 21 35 21 43 21 7 29 15 29 35 29 43 29 5 45 32 39 45 45 
1 Juve 1.37203 0.48568 0.54956 265.49 156.6 43 21 5 5 18 11 32 11 45 5 7 21 15 21 35 21 7 29 15 29 35 29 43 29 5 45 18 39 32 39 45 45 
1 Juve 1.40062 0.49422 0.56686 259.33 157.4 45 45 5 5 18 11 32 11 45 5 7 21 15 21 35 21 43 21 7 29 15 29 35 29 43 29 5 45 18 39 32 39 
1 Juve 1.16834 0.40959 0.4809 272.7 173.2 43 29 5 5 18 11 32 11 45 5 7 21 15 21 35 21 43 21 7 29 15 29 35 29 5 45 18 39 32 39 45 45 
1 Juve 1.22734 0.432 0.50076 299.72 178.6 35 21 5 5 18 11 32 11 45 5 7 21 15 21 43 21 7 29 15 29 35 29 43 29 5 45 18 39 32 39 45 45 
1 Juve 1.38483 0.48606 0.56369 273.37 157.8 15 21 5 5 18 11 32 11 45 5 7 21 35 21 43 21 7 29 15 29 35 29 43 29 5 45 18 39 32 39 45 45 
1 Juve 1.22831 0.43 0.50627 254.41 155.6 5 5 18 11 32 11 45 5 7 21 15 21 35 21 43 21 7 29 15 29 35 29 43 29 5 45 18 39 32 39 45 45 
1 Juve 1.14844 0.4026 0.47425 281.32 177.4 35 29 5 5 18 11 32 11 45 5 7 21 15 21 35 21 43 21 7 29 15 29 43 29 5 45 18 39 32 39 45 45 
1 Juve 1.20043 0.42022 0.48239 260.66 163.2 35 21 5 5 18 11 32 11 45 5 7 21 15 21 43 21 7 29 15 29 35 29 43 29 5 45 18 39 32 39 45 45 
1 Juve 1.18863 0.41797 0.48529 268.36 161.2 32 11 5 5 18 11 45 5 7 21 15 21 35 21 43 21 7 29 15 29 35 29 43 29 5 45 18 39 32 39 45 45 
1 Juve 1.1467 0.39869 0.47002 256.28 157.2 45 45 5 5 18 11 32 11 45 5 7 21 15 21 35 21 43 21 7 29 15 29 35 29 43 29 5 45 18 39 32 39 
1 Juve 1.24715 0.44052 0.50557 294.1 180 15 29 5 5 18 11 32 11 45 5 7 21 15 21 35 21 43 21 7 29 35 29 43 29 5 45 18 39 32 39 45 45 
1 Juve 1.34931 0.47995 0.54184 242.7 146.4 45 5 5 5 18 11 32 11 7 21 15 21 35 21 43 21 7 29 15 29 35 29 43 29 5 45 18 39 32 39 45 45 
1 Juve 1.34875 0.47831 0.55468 312.63 191.8 15 21 5 5 18 11 32 11 45 5 7 21 35 21 43 21 7 29 15 29 35 29 43 29 5 45 18 39 32 39 45 45 
1 Juve 1.22206 0.43034 0.49783 257.78 152 43 21 5 5 18 11 32 11 45 5 7 21 15 21 35 21 7 29 15 29 35 29 43 29 5 45 18 39 32 39 45 45 
1 Juve 1.21066 0.42433 0.4914 265.64 156.6 35 21 5 5 18 11 32 11 45 5 7 21 15 21 43 21 7 29 15 29 35 29 43 29 5 45 18 39 32 39 45 45 
1 Juve 1.3773 0.48409 0.55455 278.71 171.18 45 45 5 5 18 11 32 11 45 5 7 21 15 21 35 21 43 21 7 29 15 29 35 29 43 29 5 45 18 39 32 39 
1 Juve 1.15207 0.40319 0.4834 269.75 163 5 5 18 11 32 11 45 5 7 21 15 21 35 21 43 21 7 29 15 29 35 29 43 29 5 45 18 39 32 39 45 45 
1 Juve 1.19302 0.41407 0.48379 264.5 161.8 35 21 5 5 18 11 32 11 45 5 7 21 15 21 43 21 7 29 15 29 35 29 43 29 5 45 18 39 32 39 45 45 
1 Juve 1.06631 0.369 0.43494 264.24 154.8 35 21 5 5 18 11 32 11 45 5 7 21 15 21 43 21 7 29 15 29 35 29 43 29 5 45 18 39 32 39 45 45 
1 Juve 1.20387 0.41734 0.48853 277.83 161.4 18 39 5 5 18 11 32 11 45 5 7 21 15 21 35 21 43 21 7 29 15 29 35 29 43 29 5 45 32 39 45 45 
1 Juve 1.20087 0.42186 0.48843 279.06 169.87 32 11 5 5 18 11 45 5 7 21 15 21 35 21 43 21 7 29 15 29 35 29 43 29 5 45 18 39 32 39 45 45 
1 Juve 1.10124 0.38114 0.45005 259.67 158 45 5 5 5 18 11 32 11 7 21 15 21 35 21 43 21 7 29 15 29 35 29 43 29 5 45 18 39 32 39 45 45 
1 Juve 1.15426 0.40941 0.47117 263.83 155 7 21 5 5 18 11 32 11 45 5 15 21 35 21 43 21 7 29 15 29 35 29 43 29 5 45 18 39 32 39 45 45 
1 Juve 1.35714 0.48101 0.54765 256.31 154 45 5 5 5 18 11 32 11 7 21 15 21 35 21 43 21 7 29 15 29 35 29 43 29 5 45 18 39 32 39 45 45 
1 Juve 1.23129 0.43261 0.50137 242.75 146.54 7 21 5 5 18 11 32 11 45 5 15 21 35 21 43 21 7 29 15 29 35 29 43 29 5 45 18 39 32 39 45 45 
1 Juve 1.07309 0.37096 0.43784 298.92 186 18 11 5 5 32 11 45 5 7 21 15 21 35 21 43 21 7 29 15 29 35 29 43 29 5 45 18 39 32 39 45 45 
1 Juve 1.27032 0.44899 0.5147 270.67 164.8 35 21 5 5 18 11 32 11 45 5 7 21 15 21 43 21 7 29 15 29 35 29 43 29 5 45 18 39 32 39 45 45 
1 Juve 1.25807 0.44242 0.51188 264.78 155.4 18 11 5 5 32 11 45 5 7 21 15 21 35 21 43 21 7 29 15 29 35 29 43 29 5 45 18 39 32 39 45 45 
1 Juve 1.20969 0.42194 0.49204 270.42 163.4 35 21 5 5 18 11 32 11 45 5 7 21 15 21 43 21 7 29 15 29 35 29 43 29 5 45 18 39 32 39 45 45 
1 Juve 1.08946 0.37804 0.4455 272.77 170.6 32 39 5 5 18 11 32 11 45 5 7 21 15 21 35 21 43 21 7 29 15 29 35 29 43 29 5 45 18 39 45 45 
1 Juve 1.18356 0.41253 0.48143 252.51 145.6 32 11 5 5 18 11 45 5 7 21 15 21 35 21 43 21 7 29 15 29 35 29 43 29 5 45 18 39 32 39 45 45 
1 Juve 1.21324 0.42089 0.49937 275.69 168.2 7 21 5 5 18 11 32 11 45 5 15 21 35 21 43 21 7 29 15 29 35 29 43 29 5 45 18 39 32 39 45 45 
1 Juve 1.10463 0.38144 0.45442 269.32 161.2 32 39 5 5 18 11 32 11 45 5 7 21 15 21 35 21 43 21 7 29 15 29 35 29 43 29 5 45 18 39 45 45 
1 Juve 1.22521 0.4315 0.49544 258.3 160 18 11 5 5 32 11 45 5 7 21 15 21 35 21 43 21 7 29 15 29 35 29 43 29 5 45 18 39 32 39 45 45 
1 Juve 1.20204 0.42064 0.50155 290.22 181.2 43 21 5 5 18 11 32 11 45 5 7 21 15 21 35 21 7 29 15 29 35 29 43 29 5 45 18 39 32 39 45 45 
1 Juve 1.18697 0.40594 0.48824 279.55 170 35 21 5 5 18 11 32 11 45 5 7 21 15 21 43 21 7 29 15 29 35 29 43 29 5 45 18 39 32 39 45 45 
1 Juve 1.22881 0.43303 0.49728 266.78 158 7 29 5 5 18 11 32 11 45 5 7 21 15 21 35 21 43 21 15 29 35 29 43 29 5 45 18 39 32 39 45 45 
1 Juve 1.21433 0.42667 0.49579 252.46 149 7 21 5 5 18 11 32 11 45 5 15 21 35 21 43 21 7 29 15 29 35 29 43 29 5 45 18 39 32 39 45 45 
1 Juve 1.36004 0.48123 0.54868 256.61 159.6 45 45 5 5 18 11 32 11 45 5 7 21 15 21 35 21 43 21 7 29 15 29 35 29 43 29 5 45 18 39 32 39 
1 Juve 1.22229 0.42696 0.49178 286.49 173.2 7 21 5 5 18 11 32 11 45 5 15 21 35 21 43 21 7 29 15 29 35 29 43 29 5 45 18 39 32 39 45 45 
1 Juve 1.36212 0.48075 0.54833 268.92 164.4 15 29 5 5 18 11 32 11 45 5 7 21 15 21 35 21 43 21 7 29 35 29 43 29 5 45 18 39 32 39 45 45 
1 Juve 1.22226 0.42645 0.50178 262.04 160.2 32 11 5 5 18 11 45 5 7 21 15 21 35 21 43 21 7 29 15 29 35 29 43 29 5 45 18 39 32 39 45 45 
1 Juve 1.15889 0.40154 0.46929 260.27 157.4 5 5 18 11 32 11 45 5 7 21 15 21 35 21 43 21 7 29 15 29 35 29 43 29 5 45 18 39 32 39 45 45 
1 Juve 1.35695 0.47777 0.54694 262.68 157.2 35 21 5 5 18 11 32 11 45 5 7 21 15 21 43 21 7 29 15 29 35 29 43 29 5 45 18 39 32 39 45 45 
1 Juve 1.16962 0.40764 0.47618 256.56 150.8 35 29 5 5 18 11 32 11 45 5 7 21 15 21 35 21 43 21 7 29 15 29 43 29 5 45 18 39 32 39 45 45 
1 Juve 1.2252 0.43106 0.49508 264.15 158.12 35 29 5 5 18 11 32 11 45 5 7 21 15 21 35 21 43 21 7 29 15 29 43 29 5 45 18 39 32 39 45 45 
1 Juve 1.3231 0.46593 0.53311 265.08 161.4 15 29 5 5 18 11 32 11 45 5 7 21 15 21 35 21 43 21 7 29 35 29 43 29 5 45 18 39 32 39 45 45 
1 Juve 1.29902 0.45707 0.5257 288.04 171.15 15 21 5 5 18 11 32 11 45 5 7 21 35 21 43 21 7 29 15 29 35 29 43 29 5 45 18 39 32 39 45 45 
1 Juve 1.33157 0.4723 0.53445 284.17 175.5 35 29 5 5 18 11 32 11 45 5 7 21 15 21 35 21 43 21 7 29 15 29 43 29 5 45 18 39 32 39 45 45 
1 Juve 1.11569 0.392 0.45372 257.6 146.2 18 11 5 5 32 11 45 5 7 21 15 21 35 21 43 21 7 29 15 29 35 29 43 29 5 45 18 39 32 39 45 45 
1 Juve 1.30853 0.4632 0.5235 254.95 156 18 11 5 5 32 11 45 5 7 21 15 21 35 21 43 21 7 29 15 29 35 29 43 29 5 45 18 39 32 39 45 45 
1 Juve 1.30505 0.45923 0.52693 242.68 148.2 45 45 5 5 18 11 32 11 45 5 7 21 15 21 35 21 43 21 7 29 15 29 35 29 43 29 5 45 18 39 32 39 
1 Juve 1.32901 0.46761 0.53979 270.91 166.6 7 21 5 5 18 11 32 11 45 5 15 21 35 21 43 21 7 29 15 29 35 29 43 29 5 45 18 39 32 39 45 45 
1 Juve 1.34655 0.47536 0.54847 309.91 184.8 43 21 5 5 18 11 32 11 45 5 7 21 15 21 35 21 7 29 15 29 35 29 43 29 5 45 18 39 32 39 45 45 
1 Juve 1.36749 0.48633 0.54658 259.9 158.6 35 21 5 5 18 11 32 11 45 5 7 21 15 21 43 21 7 29 15 29 35 29 43 29 5 45 18 39 32 39 45 45 
1 Juve 1.42123 0.5033 0.57992 263.3 151 43 29 5 5 18 11 32 11 45 5 7 21 15 21 35 21 43 21 7 29 15 29 35 29 5 45 18 39 32 39 45 45 
1 Juve 1.35618 0.4784 0.54691 265.48 159.6 35 29 5 5 18 11 32 11 45 5 7 21 15 21 35 21 43 21 7 29 15 29 43 29 5 45 18 39 32 39 45 45 
1 Juve 1.34465 0.47464 0.54374 287.24 169.8 43 21 5 5 18 11 32 11 45 5 7 21 15 21 35 21 7 29 15 29 35 29 43 29 5 45 18 39 32 39 45 45 
1 Juve 1.19189 0.41515 0.48308 267.73 162.8 43 21 5 5 18 11 32 11 45 5 7 21 15 21 35 21 7 29 15 29 35 29 43 29 5 45 18 39 32 39 45 45 
1 Juve 1.12417 0.39136 0.46681 262.58 158.6 45 5 5 5 18 11 32 11 7 21 15 21 35 21 43 21 7 29 15 29 35 29 43 29 5 45 18 39 32 39 45 45 
1 Juve 1.3996 0.4954 0.56262 261.81 163.2 7 29 5 5 18 11 32 11 45 5 7 21 15 21 35 21 43 21 15 29 35 29 43 29 5 45 18 39 32 39 45 45 
1 Juve 1.38621 0.4866 0.56291 278.28 168.4 43 21 5 5 18 11 32 11 45 5 7 21 15 21 35 21 7 29 15 29 35 29 43 29 5 45 18 39 32 39 45 45 
1 Juve 1.37892 0.4885 0.55279 263.35 157 5 5 18 11 32 11 45 5 7 21 15 21 35 21 43 21 7 29 15 29 35 29 43 29 5 45 18 39 32 39 45 45 
1 Juve 1.27872 0.45363 0.52708 274.85 173.2 18 39 5 5 18 11 32 11 45 5 7 21 15 21 35 21 43 21 7 29 15 29 35 29 43 29 5 45 32 39 45 45 
1 Juve 1.23406 0.43188 0.50563 263.93 157.6 7 29 5 5 18 11 32 11 45 5 7 21 15 21 35 21 43 21 15 29 35 29 43 29 5 45 18 39 32 39 45 45 
1 Juve 1.36652 0.4831 0.54927 258.7 156.8 7 21 5 5 18 11 32 11 45 5 15 21 35 21 43 21 7 29 15 29 35 29 43 29 5 45 18 39 32 39 45 45 
1 Juve 1.42001 0.50193 0.57008 251.5 147.6 5 45 5 5 18 11 32 11 45 5 7 21 15 21 35 21 43 21 7 29 15 29 35 29 43 29 18 39 32 39 45 45 
1 Juve 1.36724 0.48299 0.54761 255.29 153.6 43 21 5 5 18 11 32 11 45 5 7 21 15 21 35 21 7 29 15 29 35 29 43 29 5 45 18 39 32 39 45 45 
1 Juve 1.17404 0.41227 0.47427 269.34 160.6 43 21 5 5 18 11 32 11 45 5 7 21 15 21 35 21 7 29 15 29 35 29 43 29 5 45 18 39 32 39 45 45 
1 Juve 1.40208 0.49309 0.56193 291.29 188 18 39 5 5 18 11 32 11 45 5 7 21 15 21 35 21 43 21 7 29 15 29 35 29 43 29 5 45 32 39 45 45 
1 Juve 1.33693 0.47343 0.53591 253.59 151.6 32 39 5 5 18 11 32 11 45 5 7 21 15 21 35 21 43 21 7 29 15 29 35 29 43 29 5 45 18 39 45 45 
1 Juve 1.40671 0.4992 0.56475 269.58 166.2 32 11 5 5 18 11 45 5 7 21 15 21 35 21 43 21 7 29 15 29 35 29 43 29 5 45 18 39 32 39 45 45 
1 Juve 1.1693 0.41437 0.4836 279.75 172 15 21 5 5 18 11 32 11 45 5 7 21 35 21 43 21 7 29 15 29 35 29 43 29 5 45 18 39 32 39 45 45 
1 Juve 1.17443 0.41286 0.48381 283.24 165.8 35 29 5 5 18 11 32 11 45 5 7 21 15 21 35 21 43 21 7 29 15 29 43 29 5 45 18 39 32 39 45 45 
1 Juve 1.18135 0.4112 0.48239 265.73 162.6 35 29 5 5 18 11 32 11 45 5 7 21 15 21 35 21 43 21 7 29 15 29 43 29 5 45 18 39 32 39 45 45 
1 Juve 1.38053 0.48685 0.5565 266.74 160.2 43 21 5 5 18 11 32 11 45 5 7 21 15 21 35 21 7 29 15 29 35 29 43 29 5 45 18 39 32 39 45 45 
1 Juve 1.16337 0.40458 0.47884 271.94 165.6 18 11 5 5 32 11 45 5 7 21 15 21 35 21 43 21 7 29 15 29 35 29 43 29 5 45 18 39 32 39 45 45 
1 Juve 1.20938 0.42339 0.49291 276.24 171.99 32 11 5 5 18 11 45 5 7 21 15 21 35 21 43 21 7 29 15 29 35 29 43 29 5 45 18 39 32 39 45 45 
1 Juve 1.38242 0.48922 0.55619 261.55 160.4 45 45 5 5 18 11 32 11 45 5 7 21 15 21 35 21 43 21 7 29 15 29 35 29 43 29 5 45 18 39 32 39 
1 Juve 1.33135 0.47065 0.53709 276.22 169.2 5 5 18 11 32 11 45 5 7 21 15 21 35 21 43 21 7 29 15 29 35 29 43 29 5 45 18 39 32 39 45 45 
1 Juve 1.34676 0.47096 0.55241 281.66 168.6 43 21 5 5 18 11 32 11 45 5 7 21 15 21 35 21 7 29 15 29 35 29 43 29 5 45 18 39 32 39 45 45 
1 Juve 1.36149 0.48065 0.55064 316.91 190 7 29 5 5 18 11 32 11 45 5 7 21 15 21 35 21 43 21 15 29 35 29 43 29 5 45 18 39 32 39 45 45 
1 Juve 1.35905 0.48124 0.54907 246.16 149 45 45 5 5 18 11 32 11 45 5 7 21 15 21 35 21 43 21 7 29 15 29 35 29 43 29 5 45 18 39 32 39 
1 Juve 1.35352 0.48177 0.54228 257.8 152 18 39 5 5 18 11 32 11 45 5 7 21 15 21 35 21 43 21 7 29 15 29 35 29 43 29 5 45 32 39 45 45 
1 Juve 1.24151 0.43587 0.51004 275.21 163.2 7 29 5 5 18 11 32 11 45 5 7 21 15 21 35 21 43 21 15 29 35 29 43 29 5 45 18 39 32 39 45 45 
1 Juve 1.15198 0.39921 0.47198 263.04 161.35 35 29 5 5 18 11 32 11 45 5 7 21 15 21 35 21 43 21 7 29 15 29 43 29 5 45 18 39 32 39 45 45 
1 Juve 1.27842 0.44803 0.52686 260 158 5 5 18 11 32 11 45 5 7 21 15 21 35 21 43 21 7 29 15 29 35 29 43 29 5 45 18 39 32 39 45 45 
1 Juve 1.19004 0.41698 0.48521 260.94 160.6 35 21 5 5 18 11 32 11 45 5 7 21 15 21 43 21 7 29 15 29 35 29 43 29 5 45 18 39 32 39 45 45 
1 Juve 1.22602 0.43153 0.50152 261.35 155.8 35 21 5 5 18 11 32 11 45 5 7 21 15 21 43 21 7 29 15 29 35 29 43 29 5 45 18 39 32 39 45 45 
1 Juve 1.11892 0.38547 0.46095 275.2 172.2 35 29 5 5 18 11 32 11 45 5 7 21 15 21 35 21 43 21 7 29 15 29 43 29 5 45 18 39 32 39 45 45 
1 Juve 1.16229 0.40565 0.46715 249.19 145.49 43 29 5 5 18 11 32 11 45 5 7 21 15 21 35 21 43 21 7 29 15 29 35 29 5 45 18 39 32 39 45 45 
1 Juve 1.183 0.41562 0.48225 250.79 149 45 5 5 5 18 11 32 11 7 21 15 21 35 21 43 21 7 29 15 29 35 29 43 29 5 45 18 39 32 39 45 45 
1 Juve 1.16469 0.4068 0.47032 254.19 151.8 5 45 5 5 18 11 32 11 45 5 7 21 15 21 35 21 43 21 7 29 15 29 35 29 43 29 18 39 32 39 45 45 
1 Juve 1.12722 0.3937 0.45923 261.75 159.46 32 39 5 5 18 11 32 11 45 5 7 21 15 21 35 21 43 21 7 29 15 29 35 29 43 29 5 45 18 39 45 45 
1 Juve 1.21714 0.42216 0.49994 267.06 159.2 45 45 5 5 18 11 32 11 45 5 7 21 15 21 35 21 43 21 7 29 15 29 35 29 43 29 5 45 18 39 32 39 
1 Juve 1.12834 0.39084 0.45689 246.63 143 43 21 5 5 18 11 32 11 45 5 7 21 15 21 35 21 7 29 15 29 35 29 43 29 5 45 18 39 32 39 45 45 
1 Juve 1.3045 0.45931 0.5319 303.48 179 18 39 5 5 18 11 32 11 45 5 7 21 15 21 35 21 43 21 7 29 15 29 35 29 43 29 5 45 32 39 45 45 
1 Juve 1.16114 0.40331 0.47311 278.5 164.2 32 39 5 5 18 11 32 11 45 5 7 21 15 21 35 21 43 21 7 29 15 29 35 29 43 29 5 45 18 39 45 45 
1 Juve 1.12575 0.38648 0.46324 263.27 162 15 21 5 5 18 11 32 11 45 5 7 21 35 21 43 21 7 29 15 29 35 29 43 29 5 45 18 39 32 39 45 45 
1 Juve 1.22056 0.42853 0.49703 259.64 149.4 43 29 5 5 18 11 32 11 45 5 7 21 15 21 35 21 43 21 7 29 15 29 35 29 5 45 18 39 32 39 45 45 
1 Juve 1.23134 0.43434 0.49948 268.84 162 7 21 5 5 18 11 32 11 45 5 15 21 35 21 43 21 7 29 15 29 35 29 43 29 5 45 18 39 32 39 45 45 
1 Juve 1.1925 0.41542 0.49612 255.08 153.8 7 29 5 5 18 11 32 11 45 5 7 21 15 21 35 21 43 21 15 29 35 29 43 29 5 45 18 39 32 39 45 45 
1 Juve 1.22526 0.42445 0.50757 260.44 160 35 21 5 5 18 11 32 11 45 5 7 21 15 21 43 21 7 29 15 29 35 29 43 29 5 45 18 39 32 39 45 45 
1 Juve 1.38163 0.49143 0.55318 292.97 182.8 18 39 5 5 18 11 32 11 45 5 7 21 15 21 35 21 43 21 7 29 15 29 35 29 43 29 5 45 32 39 45 45 
1 Juve 1.34587 0.47608 0.54234 268.76 166.6 7 21 5 5 18 11 32 11 45 5 15 21 35 21 43 21 7 29 15 29 35 29 43 29 5 45 18 39 32 39 45 45 
1 Juve 1.20933 0.4271 0.49402 276.51 163.74 7 29 5 5 18 11 32 11 45 5 7 21 15 21 35 21 43 21 15 29 35 29 43 29 5 45 18 39 32 39 45 45 
1 Juve 1.39159 0.48885 0.56663 305.36 184.8 32 11 5 5 18 11 45 5 7 21 15 21 35 21 43 21 7 29 15 29 35 29 43 29 5 45 18 39 32 39 45 45 
1 Juve 1.32854 0.46727 0.53852 268.95 161.4 32 39 5 5 18 11 32 11 45 5 7 21 15 21 35 21 43 21 7 29 15 29 35 29 43 29 5 45 18 39 45 45 
1 Juve 1.18586 0.41388 0.48375 254.38 152.2 5 45 5 5 18 11 32 11 45 5 7 21 15 21 35 21 43 21 7 29 15 29 35 29 43 29 18 39 32 39 45 45 
1 Juve 1.34402 0.47662 0.54104 294.04 177 45 45 5 5 18 11 32 11 45 5 7 21 15 21 35 21 43 21 7 29 15 29 35 29 43 29 5 45 18 39 32 39 
1 Juve 1.34418 0.46894 0.55054 260.29 157.4 15 29 5 5 18 11 32 11 45 5 7 21 15 21 35 21 43 21 7 29 35 29 43 29 5 45 18 39 32 39 45 45 
1 Juve 1.35146 0.47495 0.55164 293.64 175.55 45 45 5 5 18 11 32 11 45 5 7 21 15 21 35 21 43 21 7 29 15 29 35 29 43 29 5 45 18 39 32 39 
1 Juve 1.38268 0.48781 0.56148 285 173 15 21 5 5 18 11 32 11 45 5 7 21 35 21 43 21 7 29 15 29 35 29 43 29 5 45 18 39 32 39 45 45 
1 Juve 1.20379 0.42131 0.49052 275.7 163.59 18 39 5 5 18 11 32 11 45 5 7 21 15 21 35 21 43 21 7 29 15 29 35 29 43 29 5 45 32 39 45 45 
1 Juve 1.38804 0.49039 0.55777 268.66 165.4 15 21 5 5 18 11 32 11 45 5 7 21 35 21 43 21 7 29 15 29 35 29 43 29 5 45 18 39 32 39 45 45 
1 Juve 1.3806 0.48638 0.55699 271.08 161.6 35 21 5 5 18 11 32 11 45 5 7 21 15 21 43 21 7 29 15 29 35 29 43 29 5 45 18 39 32 39 45 45 
1 Juve 1.35638 0.47899 0.54514 259.83 155.8 15 29 5 5 18 11 32 11 45 5 7 21 15 21 35 21 43 21 7 29 35 29 43 29 5 45 18 39 32 39 45 45 
1 Juve 1.35162 0.47702 0.54572 251.69 149.4 32 11 5 5 18 11 45 5 7 21 15 21 35 21 43 21 7 29 15 29 35 29 43 29 5 45 18 39 32 39 45 45 
1 Juve 1.35145 0.47649 0.54411 262.54 153.6 32 11 5 5 18 11 45 5 7 21 15 21 35 21 43 21 7 29 15 29 35 29 43 29 5 45 18 39 32 39 45 45 
1 Juve 1.3247 0.4682 0.53174 244.83 144.96 5 45 5 5 18 11 32 11 45 5 7 21 15 21 35 21 43 21 7 29 15 29 35 29 43 29 18 39 32 39 45 45 
1 Juve 1.36526 0.48285 0.55258 281.81 168 32 39 5 5 18 11 32 11 45 5 7 21 15 21 35 21 43 21 7 29 15 29 35 29 43 29 5 45 18 39 45 45 
1 Juve 1.36609 0.48093 0.55045 253.29 152.2 15 21 5 5 18 11 32 11 45 5 7 21 35 21 43 21 7 29 15 29 35 29 43 29 5 45 18 39 32 39 45 45 
1 Juve 1.34075 0.4728 0.536 254.68 150.6 43 21 5 5 18 11 32 11 45 5 7 21 15 21 35 21 7 29 15 29 35 29 43 29 5 45 18 39 32 39 45 45 
1 Juve 1.35843 0.47911 0.55093 296.56 178.8 18 39 5 5 18 11 32 11 45 5 7 21 15 21 35 21 43 21 7 29 15 29 35 29 43 29 5 45 32 39 45 45 
1 Juve 1.35147 0.47863 0.54533 272.9 162.4 5 5 18 11 32 11 45 5 7 21 15 21 35 21 43 21 7 29 15 29 35 29 43 29 5 45 18 39 32 39 45 45 
1 Juve 1.38528 0.49096 0.56026 266.25 163.6 35 29 5 5 18 11 32 11 45 5 7 21 15 21 35 21 43 21 7 29 15 29 43 29 5 45 18 39 32 39 45 45 
1 Juve 1.21416 0.42609 0.49335 276.3 168.6 45 45 5 5 18 11 32 11 45 5 7 21 15 21 35 21 43 21 7 29 15 29 35 29 43 29 5 45 18 39 32 39 
1 Juve 1.19711 0.41367 0.49207 297 182.8 18 11 5 5 32 11 45 5 7 21 15 21 35 21 43 21 7 29 15 29 35 29 43 29 5 45 18 39 32 39 45 45 
1 Juve 1.08547 0.37679 0.44776 272.09 159 45 45 5 5 18 11 32 11 45 5 7 21 15 21 35 21 43 21 7 29 15 29 35 29 43 29 5 45 18 39 32 39 
1 Juve 1.22276 0.42658 0.49724 293.66 175.44 43 29 5 5 18 11 32 11 45 5 7 21 15 21 35 21 43 21 7 29 15 29 35 29 5 45 18 39 32 39 45 45 
1 Juve 1.12989 0.3931 0.45351 252.63 145.2 35 21 5 5 18 11 32 11 45 5 7 21 15 21 43 21 7 29 15 29 35 29 43 29 5 45 18 39 32 39 45 45 
1 Juve 1.17257 0.40984 0.47667 273.87 165.2 7 21 5 5 18 11 32 11 45 5 15 21 35 21 43 21 7 29 15 29 35 29 43 29 5 45 18 39 32 39 45 45 
1 Juve 1.19417 0.41714 0.48092 251.79 154 5 5 18 11 32 11 45 5 7 21 15 21 35 21 43 21 7 29 15 29 35 29 43 29 5 45 18 39 32 39 45 45 
1 Juve 1.19971 0.4207 0.49317 273.31 174.4 5 5 18 11 32 11 45 5 7 21 15 21 35 21 43 21 7 29 15 29 35 29 43 29 5 45 18 39 32 39 45 45 
1 Juve 1.34159 0.47579 0.53778 254.4 154.4 7 29 5 5 18 11 32 11 45 5 7 21 15 21 35 21 43 21 15 29 35 29 43 29 5 45 18 39 32 39 45 45 
1 Juve 1.25952 0.44407 0.50874 243.46 143.2 15 29 5 5 18 11 32 11 45 5 7 21 15 21 35 21 43 21 7 29 35 29 43 29 5 45 18 39 32 39 45 45 
1 Juve 1.11718 0.38786 0.45957 256.12 156.4 45 5 5 5 18 11 32 11 7 21 15 21 35 21 43 21 7 29 15 29 35 29 43 29 5 45 18 39 32 39 45 45 
1 Juve 1.16337 0.41312 0.47677 276.34 168.37 7 21 5 5 18 11 32 11 45 5 15 21 35 21 43 21 7 29 15 29 35 29 43 29 5 45 18 39 32 39 45 45 
1 Juve 1.19743 0.42066 0.48886 259.17 158.2 43 21 5 5 18 11 32 11 45 5 7 21 15 21 35 21 7 29 15 29 35 29 43 29 5 45 18 39 32 39 45 45 
1 Juve 1.33308 0.47148 0.53378 266.19 162.4 18 11 5 5 32 11 45 5 7 21 15 21 35 21 43 21 7 29 15 29 35 29 43 29 5 45 18 39 32 39 45 45 
1 Juve 1.34233 0.47452 0.5433 280.36 173.8 7 29 5 5 18 11 32 11 45 5 7 21 15 21 35 21 43 21 15 29 35 29 43 29 5 45 18 39 32 39 45 45 
1 Juve 1.20344 0.42752 0.49553 257.49 157.6 15 29 5 5 18 11 32 11 45 5 7 21 15 21 35 21 43 21 7 29 35 29 43 29 5 45 18 39 32 39 45 45 
1 Juve 1.26157 0.44411 0.51236 267.54 163.53 45 5 5 5 18 11 32 11 7 21 15 21 35 21 43 21 7 29 15 29 35 29 43 29 5 45 18 39 32 39 45 45 
1 Juve 1.3476 0.4764 0.54454 262.29 153 43 21 5 5 18 11 32 11 45 5 7 21 15 21 35 21 7 29 15 29 35 29 43 29 5 45 18 39 32 39 45 45 
1 Juve 1.34903 0.47866 0.54148 274.45 164.74 45 5 5 5 18 11 32 11 7 21 15 21 35 21 43 21 7 29 15 29 35 29 43 29 5 45 18 39 32 39 45 45 
1 Juve 1.39262 0.49622 0.56118 274.06 168.66 45 5 5 5 18 11 32 11 7 21 15 21 35 21 43 21 7 29 15 29 35 29 43 29 5 45 18 39 32 39 45 45 
1 Juve 1.33127 0.46864 0.53646 242.7 142.2 7 21 5 5 18 11 32 11 45 5 15 21 35 21 43 21 7 29 15 29 35 29 43 29 5 45 18 39 32 39 45 45 
1 Juve 1.36475 0.48248 0.5475 268.55 166 43 29 5 5 18 11 32 11 45 5 7 21 15 21 35 21 43 21 7 29 15 29 35 29 5 45 18 39 32 39 45 45 
1 Juve 1.35659 0.47813 0.54832 283.8 169 35 29 5 5 18 11 32 11 45 5 7 21 15 21 35 21 43 21 7 29 15 29 43 29 5 45 18 39 32 39 45 45 
1 Juve 1.31115 0.46246 0.52693 249.17 145.2 32 11 5 5 18 11 45 5 7 21 15 21 35 21 43 21 7 29 15 29 35 29 43 29 5 45 18 39 32 39 45 45 
1 Juve 1.38832 0.49086 0.55766 272.81 164.4 32 39 5 5 18 11 32 11 45 5 7 21 15 21 35 21 43 21 7 29 15 29 35 29 43 29 5 45 18 39 45 45 
1 Juve 1.36271 0.48341 0.54713 272.12 166 5 5 18 11 32 11 45 5 7 21 15 21 35 21 43 21 7 29 15 29 35 29 43 29 5 45 18 39 32 39 45 45 
1 Juve 1.36315 0.48091 0.54597 245.01 145.36 45 45 5 5 18 11 32 11 45 5 7 21 15 21 35 21 43 21 7 29 15 29 35 29 43 29 5 45 18 39 32 39 
1 Juve 1.39063 0.48682 0.56807 280.81 168.2 32 11 5 5 18 11 45 5 7 21 15 21 35 21 43 21 7 29 15 29 35 29 43 29 5 45 18 39 32 39 45 45 
1 Juve 1.42496 0.50439 0.57986 261.88 152.8 32 11 5 5 18 11 45 5 7 21 15 21 35 21 43 21 7 29 15 29 35 29 43 29 5 45 18 39 32 39 45 45 
1 Juve 1.37076 0.48508 0.55262 272.88 160.4 15 21 5 5 18 11 32 11 45 5 7 21 35 21 43 21 7 29 15 29 35 29 43 29 5 45 18 39 32 39 45 45 
1 Juve 1.37257 0.48368 0.55268 279.9 160.22 18 39 5 5 18 11 32 11 45 5 7 21 15 21 35 21 43 21 7 29 15 29 35 29 43 29 5 45 32 39 45 45 
1 Juve 1.36008 0.47958 0.54941 263.33 158.4 45 45 5 5 18 11 32 11 45 5 7 21 15 21 35 21 43 21 7 29 15 29 35 29 43 29 5 45 18 39 32 39 
1 Juve 1.35287 0.47974 0.54326 247.51 144 32 39 5 5 18 11 32 11 45 5 7 21 15 21 35 21 43 21 7 29 15 29 35 29 43 29 5 45 18 39 45 45 
1 Juve 1.35525 0.47969 0.54145 253.9 158.2 45 45 5 5 18 11 32 11 45 5 7 21 15 21 35 21 43 21 7 29 15 29 35 29 43 29 5 45 18 39 32 39 
1 Juve 1.38017 0.4888 0.56159 348.91 208.8 45 45 5 5 18 11 32 11 45 5 7 21 15 21 35 21 43 21 7 29 15 29 35 29 43 29 5 45 18 39 32 39 
1 Juve 1.36828 0.4837 0.54901 259.68 153 15 29 5 5 18 11 32 11 45 5 7 21 15 21 35 21 43 21 7 29 35 29 43 29 5 45 18 39 32 39 45 45 
1 Juve 1.36575 0.48293 0.54409 261.7 160.8 7 29 5 5 18 11 32 11 45 5 7 21 15 21 35 21 43 21 15 29 35 29 43 29 5 45 18 39 32 39 45 45 
1 Juve 1.3638 0.48372 0.54842 253.64 152 15 29 5 5 18 11 32 11 45 5 7 21 15 21 35 21 43 21 7 29 35 29 43 29 5 45 18 39 32 39 45 45 
1 Juve 1.35361 0.47687 0.54488 248.06 146.2 43 29 5 5 18 11 32 11 45 5 7 21 15 21 35 21 43 21 7 29 15 29 35 29 5 45 18 39 32 39 45 45 
1 Juve 1.37621 0.4836 0.55286 259.33 153.2 35 21 5 5 18 11 32 11 45 5 7 21 15 21 43 21 7 29 15 29 35 29 43 29 5 45 18 39 32 39 45 45 
1 Juve 1.3759 0.48583 0.55903 274.39 159.4 35 29 5 5 18 11 32 11 45 5 7 21 15 21 35 21 43 21 7 29 15 29 43 29 5 45 18 39 32 39 45 45 
1 Juve 1.34917 0.47716 0.54113 258.32 155 7 21 5 5 18 11 32 11 45 5 15 21 35 21 43 21 7 29 15 29 35 29 43 29 5 45 18 39 32 39 45 45 
1 Juve 1.40023 0.49846 0.5635 295.97 186 18 39 5 5 18 11 32 11 45 5 7 21 15 21 35 21 43 21 7 29 15 29 35 29 43 29 5 45 32 39 45 45 
1 Juve 1.42212 0.50445 0.57 287.08 180.2 15 21 5 5 18 11 32 11 45 5 7 21 35 21 43 21 7 29 15 29 35 29 43 29 5 45 18 39 32 39 45 45 
1 Juve 1.37028 0.48045 0.5589 279.38 168 7 29 5 5 18 11 32 11 45 5 7 21 15 21 35 21 43 21 15 29 35 29 43 29 5 45 18 39 32 39 45 45 
1 Juve 1.36179 0.48223 0.54809 272.83 158.59 32 39 5 5 18 11 32 11 45 5 7 21 15 21 35 21 43 21 7 29 15 29 35 29 43 29 5 45 18 39 45 45 
1 Juve 1.07532 0.37595 0.43993 252.88 146.96 5 5 18 11 32 11 45 5 7 21 15 21 35 21 43 21 7 29 15 29 35 29 43 29 5 45 18 39 32 39 45 45 
1 Juve 1.35786 0.47882 0.55101 258.1 161.57 7 21 5 5 18 11 32 11 45 5 15 21 35 21 43 21 7 29 15 29 35 29 43 29 5 45 18 39 32 39 45 45 
1 Juve 1.29085 0.45378 0.52174 257.6 149.4 7 21 5 5 18 11 32 11 45 5 15 21 35 21 43 21 7 29 15 29 35 29 43 29 5 45 18 39 32 39 45 45 
1 Juve 1.33771 0.47271 0.54144 335.36 192 32 39 5 5 18 11 32 11 45 5 7 21 15 21 35 21 43 21 7 29 15 29 35 29 43 29 5 45 18 39 45 45 
1 Juve 1.18714 0.41005 0.48597 268.23 164.2 43 21 5 5 18 11 32 11 45 5 7 21 15 21 35 21 7 29 15 29 35 29 43 29 5 45 18 39 32 39 45 45 
1 Juve 1.13479 0.39147 0.4619 257.91 156.4 32 11 5 5 18 11 45 5 7 21 15 21 35 21 43 21 7 29 15 29 35 29 43 29 5 45 18 39 32 39 45 45 
1 Juve 1.20579 0.42196 0.49661 287.68 179.8 35 21 5 5 18 11 32 11 45 5 7 21 15 21 43 21 7 29 15 29 35 29 43 29 5 45 18 39 32 39 45 45 
1 Juve 1.3472 0.47376 0.54668 259.34 159.8 18 39 5 5 18 11 32 11 45 5 7 21 15 21 35 21 43 21 7 29 15 29 35 29 43 29 5 45 32 39 45 45 
1 Juve 1.08726 0.37815 0.44635 245.46 146.8 45 5 5 5 18 11 32 11 7 21 15 21 35 21 43 21 7 29 15 29 35 29 43 29 5 45 18 39 32 39 45 45 
1 Juve 1.36868 0.48403 0.54816 279.64 169.4 7 29 5 5 18 11 32 11 45 5 7 21 15 21 35 21 43 21 15 29 35 29 43 29 5 45 18 39 32 39 45 45 
1 Juve 1.29642 0.45783 0.52501 275.64 164 35 29 5 5 18 11 32 11 45 5 7 21 15 21 35 21 43 21 7 29 15 29 43 29 5 45 18 39 32 39 45 45 
1 Juve 1.36922 0.48062 0.55958 291.97 169.2 18 11 5 5 32 11 45 5 7 21 15 21 35 21 43 21 7 29 15 29 35 29 43 29 5 45 18 39 32 39 45 45 
1 Juve 1.2571 0.43829 0.50897 269.48 164.4 18 11 5 5 32 11 45 5 7 21 15 21 35 21 43 21 7 29 15 29 35 29 43 29 5 45 18 39 32 39 45 45 
1 Juve 1.24876 0.43575 0.50025 263.95 158.2 35 29 5 5 18 11 32 11 45 5 7 21 15 21 35 21 43 21 7 29 15 29 43 29 5 45 18 39 32 39 45 45 
1 Juve 1.24101 0.43468 0.50094 262.19 150.6 5 45 5 5 18 11 32 11 45 5 7 21 15 21 35 21 43 21 7 29 15 29 35 29 43 29 18 39 32 39 45 45 
1 Juve 1.15385 0.40027 0.46754 262.65 153.4 35 29 5 5 18 11 32 11 45 5 7 21 15 21 35 21 43 21 7 29 15 29 43 29 5 45 18 39 32 39 45 45 
1 Juve 1.21826 0.42807 0.49494 255.71 151.4 32 11 5 5 18 11 45 5 7 21 15 21 35 21 43 21 7 29 15 29 35 29 43 29 5 45 18 39 32 39 45 45 
1 Juve 1.16481 0.40495 0.47782 274.82 162 18 11 5 5 32 11 45 5 7 21 15 21 35 21 43 21 7 29 15 29 35 29 43 29 5 45 18 39 32 39 45 45 
1 Juve 1.32114 0.46607 0.54402 259.97 157.8 15 21 5 5 18 11 32 11 45 5 7 21 35 21 43 21 7 29 15 29 35 29 43 29 5 45 18 39 32 39 45 45 
1 Juve 1.23279 0.43132 0.4924 262.31 164.2 5 45 5 5 18 11 32 11 45 5 7 21 15 21 35 21 43 21 7 29 15 29 35 29 43 29 18 39 32 39 45 45 
1 Juve 1.16773 0.40618 0.47813 254.73 153.2 35 29 5 5 18 11 32 11 45 5 7 21 15 21 35 21 43 21 7 29 15 29 43 29 5 45 18 39 32 39 45 45 
1 Juve 1.34478 0.47329 0.54388 264.09 161.8 15 29 5 5 18 11 32 11 45 5 7 21 15 21 35 21 43 21 7 29 35 29 43 29 5 45 18 39 32 39 45 45 
1 Juve 1.11542 0.38736 0.45429 249.38 146 7 29 5 5 18 11 32 11 45 5 7 21 15 21 35 21 43 21 15 29 35 29 43 29 5 45 18 39 32 39 45 45 
1 Juve 1.33399 0.47317 0.54211 320.68 189.8 45 45 5 5 18 11 32 11 45 5 7 21 15 21 35 21 43 21 7 29 15 29 35 29 43 29 5 45 18 39 32 39 
1 Juve 1.11482 0.38845 0.45856 278.91 170.6 15 29 5 5 18 11 32 11 45 5 7 21 15 21 35 21 43 21 7 29 35 29 43 29 5 45 18 39 32 39 45 45 
1 Juve 1.19645 0.41057 0.49508 265.08 160.2 18 11 5 5 32 11 45 5 7 21 15 21 35 21 43 21 7 29 15 29 35 29 43 29 5 45 18 39 32 39 45 45 
1 Juve 1.19311 0.42204 0.48659 281.68 170.2 15 29 5 5 18 11 32 11 45 5 7 21 15 21 35 21 43 21 7 29 35 29 43 29 5 45 18 39 32 39 45 45 
1 Juve 1.19071 0.41689 0.48789 271.93 169.6 32 39 5 5 18 11 32 11 45 5 7 21 15 21 35 21 43 21 7 29 15 29 35 29 43 29 5 45 18 39 45 45 
1 Juve 1.17109 0.40512 0.47257 252.29 148 15 21 5 5 18 11 32 11 45 5 7 21 35 21 43 21 7 29 15 29 35 29 43 29 5 45 18 39 32 39 45 45 
1 Juve 1.1225 0.38789 0.45298 258.76 152.4 7 21 5 5 18 11 32 11 45 5 15 21 35 21 43 21 7 29 15 29 35 29 43 29 5 45 18 39 32 39 45 45 
1 Juve 1.22525 0.43074 0.50721 302.7 179.2 15 21 5 5 18 11 32 11 45 5 7 21 35 21 43 21 7 29 15 29 35 29 43 29 5 45 18 39 32 39 45 45 
1 Juve 0.93578 0.31942 0.38266 235.89 144 32 39 5 5 18 11 32 11 45 5 7 21 15 21 35 21 43 21 7 29 15 29 35 29 43 29 5 45 18 39 45 45 
