1 Juve 1.05474 0.36823 0.40792 156.37 91.2 12.5 25 12.5 12.5 25 12.5 37.5 12.5 25 25 37.5 25 12.5 37.5 25 37.5 37.5 37.5 
1 Juve 1.10067 0.38989 0.42838 163.09 100.4 37.5 12.5 12.5 12.5 25 12.5 12.5 25 25 25 37.5 25 12.5 37.5 25 37.5 37.5 37.5 
1 Juve 1.17483 0.4091 0.44969 144.4 90.2 25 25 12.5 12.5 25 12.5 37.5 12.5 12.5 25 37.5 25 12.5 37.5 25 37.5 37.5 37.5 
1 Juve 1.08837 0.38178 0.4166 163.99 96.6 25 37.5 12.5 12.5 25 12.5 37.5 12.5 12.5 25 25 25 37.5 25 12.5 37.5 37.5 37.5 
1 Juve 1.12467 0.3932 0.43897 142.81 88.4 37.5 37.5 12.5 12.5 25 12.5 37.5 12.5 12.5 25 25 25 37.5 25 12.5 37.5 25 37.5 
1 Juve 1.12821 0.39536 0.43363 129.57 76 25 25 12.5 12.5 25 12.5 37.5 12.5 12.5 25 37.5 25 12.5 37.5 25 37.5 37.5 37.5 
1 Juve 1.13996 0.39906 0.43515 151.35 91.4 25 25 12.5 12.5 25 12.5 37.5 12.5 12.5 25 37.5 25 12.5 37.5 25 37.5 37.5 37.5 
1 Juve 1.14999 0.40631 0.44488 140.5 85.8 12.5 37.5 12.5 12.5 25 12.5 37.5 12.5 12.5 25 25 25 37.5 25 25 37.5 37.5 37.5 
1 Juve 1.10375 0.38818 0.43317 214.92 124 25 37.5 12.5 12.5 25 12.5 37.5 12.5 12.5 25 25 25 37.5 25 12.5 37.5 37.5 37.5 
1 Juve 1.14156 0.40318 0.43988 155.47 94.8 37.5 12.5 12.5 12.5 25 12.5 12.5 25 25 25 37.5 25 12.5 37.5 25 37.5 37.5 37.5 
1 Juve 1.13626 0.40146 0.43689 152.99 91.4 25 37.5 12.5 12.5 25 12.5 37.5 12.5 12.5 25 25 25 37.5 25 12.5 37.5 37.5 37.5 
1 Juve 1.17749 0.41804 0.45541 161.03 94.6 25 37.5 12.5 12.5 25 12.5 37.5 12.5 12.5 25 25 25 37.5 25 12.5 37.5 37.5 37.5 
1 Juve 1.12194 0.39482 0.43251 161.08 99.8 12.5 37.5 12.5 12.5 25 12.5 37.5 12.5 12.5 25 25 25 37.5 25 25 37.5 37.5 37.5 
1 Juve 1.0612 0.3689 0.41022 162.58 90.4 37.5 37.5 12.5 12.5 25 12.5 37.5 12.5 12.5 25 25 25 37.5 25 12.5 37.5 25 37.5 
1 Juve 1.12787 0.39702 0.43738 186.98 109.2 37.5 25 12.5 12.5 25 12.5 37.5 12.5 12.5 25 25 25 12.5 37.5 25 37.5 37.5 37.5 
1 Juve 1.14416 0.40233 0.44175 155.38 92.8 37.5 37.5 12.5 12.5 25 12.5 37.5 12.5 12.5 25 25 25 37.5 25 12.5 37.5 25 37.5 
1 Juve 1.0105 0.35404 0.39541 170.36 102.11 37.5 25 12.5 12.5 25 12.5 37.5 12.5 12.5 25 25 25 12.5 37.5 25 37.5 37.5 37.5 
1 Juve 1.27246 0.45082 0.49084 134.23 76.6 12.5 25 12.5 12.5 25 12.5 37.5 12.5 25 25 37.5 25 12.5 37.5 25 37.5 37.5 37.5 
1 Juve 1.27338 0.45083 0.48676 137.46 82.741 37.5 25 12.5 12.5 25 12.5 37.5 12.5 12.5 25 25 25 12.5 37.5 25 37.5 37.5 37.5 
1 Juve 1.08878 0.38009 0.41963 140.94 87.4 12.5 12.5 25 12.5 37.5 12.5 12.5 25 25 25 37.5 25 12.5 37.5 25 37.5 37.5 37.5 
1 Juve 1.35192 0.47581 0.51057 140.89 84.321 25 25 12.5 12.5 25 12.5 37.5 12.5 12.5 25 37.5 25 12.5 37.5 25 37.5 37.5 37.5 
1 Juve 1.10318 0.3875 0.42865 148.8 100.4 37.5 37.5 12.5 12.5 25 12.5 37.5 12.5 12.5 25 25 25 37.5 25 12.5 37.5 25 37.5 
1 Juve 1.09788 0.38778 0.41895 134.47 77.8 12.5 12.5 25 12.5 37.5 12.5 12.5 25 25 25 37.5 25 12.5 37.5 25 37.5 37.5 37.5 
1 Juve 1.09421 0.38176 0.42213 150.93 94.2 37.5 12.5 12.5 12.5 25 12.5 12.5 25 25 25 37.5 25 12.5 37.5 25 37.5 37.5 37.5 
1 Juve 1.14278 0.40246 0.44111 149.66 89.8 25 37.5 12.5 12.5 25 12.5 37.5 12.5 12.5 25 25 25 37.5 25 12.5 37.5 37.5 37.5 
1 Juve 1.15499 0.40683 0.44862 194.08 114 25 37.5 12.5 12.5 25 12.5 37.5 12.5 12.5 25 25 25 37.5 25 12.5 37.5 37.5 37.5 
1 Juve 1.15444 0.40829 0.45115 145.23 88.397 12.5 12.5 25 12.5 37.5 12.5 12.5 25 25 25 37.5 25 12.5 37.5 25 37.5 37.5 37.5 
1 Juve 1.06458 0.37268 0.4076 140.61 88.6 12.5 25 12.5 12.5 25 12.5 37.5 12.5 25 25 37.5 25 12.5 37.5 25 37.5 37.5 37.5 
1 Juve 1.0925 0.38353 0.4225 141.14 83.4 25 37.5 12.5 12.5 25 12.5 37.5 12.5 12.5 25 25 25 37.5 25 12.5 37.5 37.5 37.5 
1 Juve 1.16997 0.41228 0.45039 152.99 91.6 25 37.5 12.5 12.5 25 12.5 37.5 12.5 12.5 25 25 25 37.5 25 12.5 37.5 37.5 37.5 
1 Juve 1.11371 0.38926 0.43013 172.19 104.2 12.5 37.5 12.5 12.5 25 12.5 37.5 12.5 12.5 25 25 25 37.5 25 25 37.5 37.5 37.5 
1 Juve 1.34986 0.48686 0.52519 171.62 101.8 12.5 12.5 25 12.5 37.5 12.5 12.5 25 25 25 37.5 25 12.5 37.5 25 37.5 37.5 37.5 
1 Juve 1.28441 0.4543 0.49873 216.27 126 12.5 25 12.5 12.5 25 12.5 37.5 12.5 25 25 37.5 25 12.5 37.5 25 37.5 37.5 37.5 
1 Juve 1.23828 0.43695 0.47728 139.73 84 12.5 37.5 12.5 12.5 25 12.5 37.5 12.5 12.5 25 25 25 37.5 25 25 37.5 37.5 37.5 
1 Juve 1.25491 0.4433 0.48202 143.95 83.354 37.5 25 12.5 12.5 25 12.5 37.5 12.5 12.5 25 25 25 12.5 37.5 25 37.5 37.5 37.5 
1 Juve 1.11323 0.3862 0.4371 154.64 92 37.5 12.5 12.5 12.5 25 12.5 12.5 25 25 25 37.5 25 12.5 37.5 25 37.5 37.5 37.5 
1 Juve 1.28927 0.45627 0.49125 134.18 78 25 37.5 12.5 12.5 25 12.5 37.5 12.5 12.5 25 25 25 37.5 25 12.5 37.5 37.5 37.5 
1 Juve 1.10527 0.39446 0.4338 191.44 117 12.5 12.5 25 12.5 37.5 12.5 12.5 25 25 25 37.5 25 12.5 37.5 25 37.5 37.5 37.5 
1 Juve 1.24514 0.43974 0.4791 148.22 85 25 37.5 12.5 12.5 25 12.5 37.5 12.5 12.5 25 25 25 37.5 25 12.5 37.5 37.5 37.5 
1 Juve 1.1932 0.42001 0.46126 160.68 109.4 37.5 25 12.5 12.5 25 12.5 37.5 12.5 12.5 25 25 25 12.5 37.5 25 37.5 37.5 37.5 
1 Juve 1.26333 0.44568 0.48505 145.16 86.2 37.5 25 12.5 12.5 25 12.5 37.5 12.5 12.5 25 25 25 12.5 37.5 25 37.5 37.5 37.5 
1 Juve 1.28686 0.45503 0.49554 196.8 118.2 25 37.5 12.5 12.5 25 12.5 37.5 12.5 12.5 25 25 25 37.5 25 12.5 37.5 37.5 37.5 
1 Juve 1.23905 0.43532 0.47869 161.95 101.2 25 37.5 12.5 12.5 25 12.5 37.5 12.5 12.5 25 25 25 37.5 25 12.5 37.5 37.5 37.5 
1 Juve 1.25475 0.44336 0.48456 159.65 96.8 25 12.5 12.5 12.5 37.5 12.5 12.5 25 25 25 37.5 25 12.5 37.5 25 37.5 37.5 37.5 
1 Juve 1.10249 0.38449 0.42873 155.33 98 37.5 25 12.5 12.5 25 12.5 37.5 12.5 12.5 25 25 25 12.5 37.5 25 37.5 37.5 37.5 
1 Juve 1.09548 0.38682 0.4279 154.44 92.8 37.5 37.5 12.5 12.5 25 12.5 37.5 12.5 12.5 25 25 25 37.5 25 12.5 37.5 25 37.5 
1 Juve 1.20323 0.42234 0.46392 142.06 85.2 12.5 12.5 25 12.5 37.5 12.5 12.5 25 25 25 37.5 25 12.5 37.5 25 37.5 37.5 37.5 
1 Juve 1.29354 0.45679 0.49754 132.67 79 37.5 37.5 12.5 12.5 25 12.5 37.5 12.5 12.5 25 25 25 37.5 25 12.5 37.5 25 37.5 
1 Juve 1.15154 0.39934 0.44214 141.69 84.4 12.5 37.5 12.5 12.5 25 12.5 37.5 12.5 12.5 25 25 25 37.5 25 25 37.5 37.5 37.5 
1 Juve 1.12723 0.39494 0.43704 162.31 104.8 25 12.5 12.5 12.5 37.5 12.5 12.5 25 25 25 37.5 25 12.5 37.5 25 37.5 37.5 37.5 
1 Juve 1.08583 0.38437 0.42282 145.94 86.6 37.5 37.5 12.5 12.5 25 12.5 37.5 12.5 12.5 25 25 25 37.5 25 12.5 37.5 25 37.5 
1 Juve 1.1072 0.38911 0.42635 138.09 79.755 25 25 12.5 12.5 25 12.5 37.5 12.5 12.5 25 37.5 25 12.5 37.5 25 37.5 37.5 37.5 
1 Juve 1.13362 0.39883 0.43932 144.51 84.6 12.5 25 12.5 12.5 25 12.5 37.5 12.5 25 25 37.5 25 12.5 37.5 25 37.5 37.5 37.5 
1 Juve 1.12202 0.39579 0.43374 133.59 82.8 37.5 37.5 12.5 12.5 25 12.5 37.5 12.5 12.5 25 25 25 37.5 25 12.5 37.5 25 37.5 
1 Juve 1.20549 0.42516 0.46147 141.78 82.2 25 25 12.5 12.5 25 12.5 37.5 12.5 12.5 25 37.5 25 12.5 37.5 25 37.5 37.5 37.5 
1 Juve 1.21241 0.42774 0.46942 181.28 104.6 25 37.5 12.5 12.5 25 12.5 37.5 12.5 12.5 25 25 25 37.5 25 12.5 37.5 37.5 37.5 
1 Juve 1.13783 0.40202 0.44093 147.38 86.2 37.5 25 12.5 12.5 25 12.5 37.5 12.5 12.5 25 25 25 12.5 37.5 25 37.5 37.5 37.5 
1 Juve 1.22926 0.43549 0.47179 142.15 82.6 37.5 37.5 12.5 12.5 25 12.5 37.5 12.5 12.5 25 25 25 37.5 25 12.5 37.5 25 37.5 
1 Juve 1.31471 0.46419 0.5051 157.39 91 25 37.5 12.5 12.5 25 12.5 37.5 12.5 12.5 25 25 25 37.5 25 12.5 37.5 37.5 37.5 
1 Juve 1.11225 0.39085 0.43082 144.06 82 37.5 37.5 12.5 12.5 25 12.5 37.5 12.5 12.5 25 25 25 37.5 25 12.5 37.5 25 37.5 
1 Juve 1.17538 0.41789 0.45741 243.47 141.8 12.5 25 12.5 12.5 25 12.5 37.5 12.5 25 25 37.5 25 12.5 37.5 25 37.5 37.5 37.5 
1 Juve 1.08596 0.38446 0.42589 205.34 116.6 25 25 12.5 12.5 25 12.5 37.5 12.5 12.5 25 37.5 25 12.5 37.5 25 37.5 37.5 37.5 
1 Juve 1.07285 0.37262 0.42672 179.38 110 37.5 25 12.5 12.5 25 12.5 37.5 12.5 12.5 25 25 25 12.5 37.5 25 37.5 37.5 37.5 
1 Juve 1.07366 0.37583 0.41769 153.49 96.797 25 37.5 12.5 12.5 25 12.5 37.5 12.5 12.5 25 25 25 37.5 25 12.5 37.5 37.5 37.5 
1 Juve 1.11879 0.39453 0.4292 143.2 88.2 25 25 12.5 12.5 25 12.5 37.5 12.5 12.5 25 37.5 25 12.5 37.5 25 37.5 37.5 37.5 
1 Juve 1.05707 0.37121 0.40665 136.78 81.6 25 25 12.5 12.5 25 12.5 37.5 12.5 12.5 25 37.5 25 12.5 37.5 25 37.5 37.5 37.5 
1 Juve 1.14383 0.4046 0.43725 146.78 88.8 37.5 37.5 12.5 12.5 25 12.5 37.5 12.5 12.5 25 25 25 37.5 25 12.5 37.5 25 37.5 
1 Juve 1.16653 0.41003 0.44999 148.05 90.6 12.5 25 12.5 12.5 25 12.5 37.5 12.5 25 25 37.5 25 12.5 37.5 25 37.5 37.5 37.5 
1 Juve 1.1794 0.41341 0.4525 177.31 109.6 12.5 25 12.5 12.5 25 12.5 37.5 12.5 25 25 37.5 25 12.5 37.5 25 37.5 37.5 37.5 
1 Juve 1.05181 0.36809 0.41121 159.61 98 12.5 25 12.5 12.5 25 12.5 37.5 12.5 25 25 37.5 25 12.5 37.5 25 37.5 37.5 37.5 
1 Juve 1.03384 0.35975 0.39908 149.01 88.6 25 25 12.5 12.5 25 12.5 37.5 12.5 12.5 25 37.5 25 12.5 37.5 25 37.5 37.5 37.5 
1 Juve 1.02 0.35475 0.39271 162.52 95 37.5 25 12.5 12.5 25 12.5 37.5 12.5 12.5 25 25 25 12.5 37.5 25 37.5 37.5 37.5 
1 Juve 1.05065 0.36755 0.41099 145.17 86.8 37.5 25 12.5 12.5 25 12.5 37.5 12.5 12.5 25 25 25 12.5 37.5 25 37.5 37.5 37.5 
1 Juve 1.04741 0.36556 0.40116 135.49 80.4 37.5 37.5 12.5 12.5 25 12.5 37.5 12.5 12.5 25 25 25 37.5 25 12.5 37.5 25 37.5 
1 Juve 1.0663 0.37425 0.41715 150.05 93.6 37.5 25 12.5 12.5 25 12.5 37.5 12.5 12.5 25 25 25 12.5 37.5 25 37.5 37.5 37.5 
1 Juve 1.06441 0.37319 0.41236 155.81 93 37.5 25 12.5 12.5 25 12.5 37.5 12.5 12.5 25 25 25 12.5 37.5 25 37.5 37.5 37.5 
1 Juve 1.24741 0.44163 0.48223 154.47 88.992 25 12.5 12.5 12.5 37.5 12.5 12.5 25 25 25 37.5 25 12.5 37.5 25 37.5 37.5 37.5 
1 Juve 1.10218 0.38312 0.42536 142.65 85.4 37.5 12.5 12.5 12.5 25 12.5 12.5 25 25 25 37.5 25 12.5 37.5 25 37.5 37.5 37.5 
1 Juve 1.01234 0.34987 0.39073 146.72 95.8 12.5 37.5 12.5 12.5 25 12.5 37.5 12.5 12.5 25 25 25 37.5 25 25 37.5 37.5 37.5 
1 Juve 0.973919 0.33633 0.37959 153.38 92.4 37.5 25 12.5 12.5 25 12.5 37.5 12.5 12.5 25 25 25 12.5 37.5 25 37.5 37.5 37.5 
1 Juve 1.24253 0.43759 0.47916 149.43 88.4 12.5 37.5 12.5 12.5 25 12.5 37.5 12.5 12.5 25 25 25 37.5 25 25 37.5 37.5 37.5 
1 Juve 1.0301 0.36495 0.40285 145.99 88 37.5 25 12.5 12.5 25 12.5 37.5 12.5 12.5 25 25 25 12.5 37.5 25 37.5 37.5 37.5 
1 Juve 1.21366 0.42667 0.46661 150.41 94.188 12.5 12.5 25 12.5 37.5 12.5 12.5 25 25 25 37.5 25 12.5 37.5 25 37.5 37.5 37.5 
1 Juve 1.26304 0.44568 0.48579 141.08 89.6 12.5 37.5 12.5 12.5 25 12.5 37.5 12.5 12.5 25 25 25 37.5 25 25 37.5 37.5 37.5 
1 Juve 1.24503 0.43981 0.48177 183.19 107 12.5 37.5 12.5 12.5 25 12.5 37.5 12.5 12.5 25 25 25 37.5 25 25 37.5 37.5 37.5 
1 Juve 1.27817 0.45123 0.49232 149.76 94.6 37.5 12.5 12.5 12.5 25 12.5 12.5 25 25 25 37.5 25 12.5 37.5 25 37.5 37.5 37.5 
1 Juve 1.03226 0.358 0.39662 148.39 89 37.5 25 12.5 12.5 25 12.5 37.5 12.5 12.5 25 25 25 12.5 37.5 25 37.5 37.5 37.5 
1 Juve 1.05786 0.37309 0.4163 149.88 90 37.5 37.5 12.5 12.5 25 12.5 37.5 12.5 12.5 25 25 25 37.5 25 12.5 37.5 25 37.5 
1 Juve 1.25162 0.44172 0.48198 163.33 99.764 25 37.5 12.5 12.5 25 12.5 37.5 12.5 12.5 25 25 25 37.5 25 12.5 37.5 37.5 37.5 
1 Juve 1.27196 0.45169 0.49405 211.54 123.17 12.5 12.5 25 12.5 37.5 12.5 12.5 25 25 25 37.5 25 12.5 37.5 25 37.5 37.5 37.5 
1 Juve 1.25499 0.44483 0.48107 138.04 84.8 12.5 12.5 25 12.5 37.5 12.5 12.5 25 25 25 37.5 25 12.5 37.5 25 37.5 37.5 37.5 
1 Juve 1.23369 0.43715 0.47592 145 86.2 37.5 37.5 12.5 12.5 25 12.5 37.5 12.5 12.5 25 25 25 37.5 25 12.5 37.5 25 37.5 
1 Juve 1.25762 0.44529 0.48187 141.65 86.6 12.5 25 12.5 12.5 25 12.5 37.5 12.5 25 25 37.5 25 12.5 37.5 25 37.5 37.5 37.5 
1 Juve 1.07935 0.37961 0.41918 150.44 94.6 12.5 37.5 12.5 12.5 25 12.5 37.5 12.5 12.5 25 25 25 37.5 25 25 37.5 37.5 37.5 
1 Juve 1.0556 0.3701 0.41137 146.03 86.4 25 37.5 12.5 12.5 25 12.5 37.5 12.5 12.5 25 25 25 37.5 25 12.5 37.5 37.5 37.5 
1 Juve 1.28964 0.45641 0.498 151.74 92.2 12.5 25 12.5 12.5 25 12.5 37.5 12.5 25 25 37.5 25 12.5 37.5 25 37.5 37.5 37.5 
1 Juve 1.2003 0.41909 0.46753 165.61 102.6 37.5 25 12.5 12.5 25 12.5 37.5 12.5 12.5 25 25 25 12.5 37.5 25 37.5 37.5 37.5 
1 Juve 1.15766 0.40105 0.43957 156.31 91.4 12.5 37.5 12.5 12.5 25 12.5 37.5 12.5 12.5 25 25 25 37.5 25 25 37.5 37.5 37.5 
1 Juve 1.26017 0.44631 0.48689 168.63 99.6 37.5 37.5 12.5 12.5 25 12.5 37.5 12.5 12.5 25 25 25 37.5 25 12.5 37.5 25 37.5 
1 Juve 1.27878 0.45012 0.49484 150.98 91 12.5 37.5 12.5 12.5 25 12.5 37.5 12.5 12.5 25 25 25 37.5 25 25 37.5 37.5 37.5 
1 Juve 1.2092 0.42723 0.46538 148.41 90.2 12.5 12.5 25 12.5 37.5 12.5 12.5 25 25 25 37.5 25 12.5 37.5 25 37.5 37.5 37.5 
1 Juve 1.2463 0.44042 0.48154 158.7 95.549 37.5 37.5 12.5 12.5 25 12.5 37.5 12.5 12.5 25 25 25 37.5 25 12.5 37.5 25 37.5 
1 Juve 1.10965 0.38737 0.42915 154.36 93.2 37.5 25 12.5 12.5 25 12.5 37.5 12.5 12.5 25 25 25 12.5 37.5 25 37.5 37.5 37.5 
1 Juve 1.0305 0.35842 0.39994 129.72 78.6 37.5 12.5 12.5 12.5 25 12.5 12.5 25 25 25 37.5 25 12.5 37.5 25 37.5 37.5 37.5 
1 Juve 1.27214 0.44932 0.49208 201.12 117 37.5 25 12.5 12.5 25 12.5 37.5 12.5 12.5 25 25 25 12.5 37.5 25 37.5 37.5 37.5 
1 Juve 1.25621 0.44616 0.48881 223.35 130.53 37.5 12.5 12.5 12.5 25 12.5 12.5 25 25 25 37.5 25 12.5 37.5 25 37.5 37.5 37.5 
1 Juve 1.00191 0.35276 0.39142 148.88 89.2 37.5 37.5 12.5 12.5 25 12.5 37.5 12.5 12.5 25 25 25 37.5 25 12.5 37.5 25 37.5 
1 Juve 1.2261 0.43446 0.47215 159.48 98 12.5 12.5 25 12.5 37.5 12.5 12.5 25 25 25 37.5 25 12.5 37.5 25 37.5 37.5 37.5 
1 Juve 1.29883 0.45833 0.5046 172.65 100.6 12.5 25 12.5 12.5 25 12.5 37.5 12.5 25 25 37.5 25 12.5 37.5 25 37.5 37.5 37.5 
1 Juve 1.01572 0.35319 0.39365 143.94 86.6 37.5 12.5 12.5 12.5 25 12.5 12.5 25 25 25 37.5 25 12.5 37.5 25 37.5 37.5 37.5 
1 Juve 1.19393 0.41803 0.45667 136.31 81.8 12.5 37.5 12.5 12.5 25 12.5 37.5 12.5 12.5 25 25 25 37.5 25 25 37.5 37.5 37.5 
1 Juve 1.34534 0.47566 0.51924 177.29 108 12.5 25 12.5 12.5 25 12.5 37.5 12.5 25 25 37.5 25 12.5 37.5 25 37.5 37.5 37.5 
1 Juve 1.29672 0.45672 0.5007 161.08 95.2 12.5 12.5 25 12.5 37.5 12.5 12.5 25 25 25 37.5 25 12.5 37.5 25 37.5 37.5 37.5 
1 Juve 0.985794 0.34171 0.38194 159.07 97.2 12.5 25 12.5 12.5 25 12.5 37.5 12.5 25 25 37.5 25 12.5 37.5 25 37.5 37.5 37.5 
1 Juve 1.23515 0.43551 0.47596 150.34 95.399 37.5 37.5 12.5 12.5 25 12.5 37.5 12.5 12.5 25 25 25 37.5 25 12.5 37.5 25 37.5 
1 Juve 1.23409 0.437 0.47458 148.86 89.8 25 37.5 12.5 12.5 25 12.5 37.5 12.5 12.5 25 25 25 37.5 25 12.5 37.5 37.5 37.5 
1 Juve 1.23235 0.42981 0.471 150.63 88.8 25 37.5 12.5 12.5 25 12.5 37.5 12.5 12.5 25 25 25 37.5 25 12.5 37.5 37.5 37.5 
1 Juve 1.25635 0.44005 0.48794 178.22 109 37.5 25 12.5 12.5 25 12.5 37.5 12.5 12.5 25 25 25 12.5 37.5 25 37.5 37.5 37.5 
1 Juve 1.25884 0.44369 0.48367 157.89 97.8 12.5 25 12.5 12.5 25 12.5 37.5 12.5 25 25 37.5 25 12.5 37.5 25 37.5 37.5 37.5 
1 Juve 1.2116 0.42783 0.46616 152.14 87.2 25 25 12.5 12.5 25 12.5 37.5 12.5 12.5 25 37.5 25 12.5 37.5 25 37.5 37.5 37.5 
1 Juve 1.00364 0.34794 0.3882 149.63 88.4 37.5 25 12.5 12.5 25 12.5 37.5 12.5 12.5 25 25 25 12.5 37.5 25 37.5 37.5 37.5 
1 Juve 1.08719 0.37952 0.42058 148.03 90.2 12.5 12.5 25 12.5 37.5 12.5 12.5 25 25 25 37.5 25 12.5 37.5 25 37.5 37.5 37.5 
1 Juve 1.24251 0.43683 0.48202 152.35 94.8 25 12.5 12.5 12.5 37.5 12.5 12.5 25 25 25 37.5 25 12.5 37.5 25 37.5 37.5 37.5 
1 Juve 1.16725 0.41001 0.44841 148.28 88.2 25 25 12.5 12.5 25 12.5 37.5 12.5 12.5 25 37.5 25 12.5 37.5 25 37.5 37.5 37.5 
1 Juve 1.2523 0.44145 0.48459 181.56 115.6 25 37.5 12.5 12.5 25 12.5 37.5 12.5 12.5 25 25 25 37.5 25 12.5 37.5 37.5 37.5 
1 Juve 1.29361 0.45496 0.4982 151.55 92.2 25 25 12.5 12.5 25 12.5 37.5 12.5 12.5 25 37.5 25 12.5 37.5 25 37.5 37.5 37.5 
1 Juve 0.975121 0.33796 0.37963 171.14 110.6 12.5 12.5 25 12.5 37.5 12.5 12.5 25 25 25 37.5 25 12.5 37.5 25 37.5 37.5 37.5 
1 Juve 1.11703 0.39325 0.43451 131.6 76.8 12.5 12.5 25 12.5 37.5 12.5 12.5 25 25 25 37.5 25 12.5 37.5 25 37.5 37.5 37.5 
1 Juve 1.02099 0.35404 0.3951 144.46 84.678 37.5 25 12.5 12.5 25 12.5 37.5 12.5 12.5 25 25 25 12.5 37.5 25 37.5 37.5 37.5 
1 Juve 1.28067 0.45051 0.48897 139.94 91.8 12.5 25 12.5 12.5 25 12.5 37.5 12.5 25 25 37.5 25 12.5 37.5 25 37.5 37.5 37.5 
1 Juve 1.26575 0.44562 0.4881 137.48 81.8 25 37.5 12.5 12.5 25 12.5 37.5 12.5 12.5 25 25 25 37.5 25 12.5 37.5 37.5 37.5 
1 Juve 1.02517 0.35663 0.39533 138.75 81.2 12.5 37.5 12.5 12.5 25 12.5 37.5 12.5 12.5 25 25 25 37.5 25 25 37.5 37.5 37.5 
1 Juve 1.13882 0.40183 0.43991 149 92.6 37.5 12.5 12.5 12.5 25 12.5 12.5 25 25 25 37.5 25 12.5 37.5 25 37.5 37.5 37.5 
1 Juve 1.26392 0.44601 0.49001 145.35 87.2 12.5 25 12.5 12.5 25 12.5 37.5 12.5 25 25 37.5 25 12.5 37.5 25 37.5 37.5 37.5 
1 Juve 1.24323 0.43781 0.47811 150.44 88.6 25 12.5 12.5 12.5 37.5 12.5 12.5 25 25 25 37.5 25 12.5 37.5 25 37.5 37.5 37.5 
1 Juve 1.24007 0.43727 0.47891 165.47 97 25 25 12.5 12.5 25 12.5 37.5 12.5 12.5 25 37.5 25 12.5 37.5 25 37.5 37.5 37.5 
1 Juve 1.26208 0.44456 0.48402 136.06 82.6 25 25 12.5 12.5 25 12.5 37.5 12.5 12.5 25 37.5 25 12.5 37.5 25 37.5 37.5 37.5 
1 Juve 1.26818 0.44945 0.48553 144.9 87.4 37.5 12.5 12.5 12.5 25 12.5 12.5 25 25 25 37.5 25 12.5 37.5 25 37.5 37.5 37.5 
1 Juve 1.29364 0.4593 0.49958 209.81 123.8 37.5 12.5 12.5 12.5 25 12.5 12.5 25 25 25 37.5 25 12.5 37.5 25 37.5 37.5 37.5 
1 Juve 1.1373 0.39848 0.44198 182.84 109.59 12.5 25 12.5 12.5 25 12.5 37.5 12.5 25 25 37.5 25 12.5 37.5 25 37.5 37.5 37.5 
1 Juve 1.24211 0.43967 0.47462 136.58 81 12.5 37.5 12.5 12.5 25 12.5 37.5 12.5 12.5 25 25 25 37.5 25 25 37.5 37.5 37.5 
1 Juve 1.28541 0.45586 0.4943 153.12 91.8 12.5 37.5 12.5 12.5 25 12.5 37.5 12.5 12.5 25 25 25 37.5 25 25 37.5 37.5 37.5 
1 Juve 1.24994 0.43894 0.4849 157.58 95.6 12.5 12.5 25 12.5 37.5 12.5 12.5 25 25 25 37.5 25 12.5 37.5 25 37.5 37.5 37.5 
1 Juve 1.31921 0.46534 0.5064 140.63 83.4 37.5 37.5 12.5 12.5 25 12.5 37.5 12.5 12.5 25 25 25 37.5 25 12.5 37.5 25 37.5 
1 Juve 1.27871 0.45081 0.49387 161.36 95.4 25 12.5 12.5 12.5 37.5 12.5 12.5 25 25 25 37.5 25 12.5 37.5 25 37.5 37.5 37.5 
1 Juve 1.24188 0.4368 0.47968 152.48 93.4 25 37.5 12.5 12.5 25 12.5 37.5 12.5 12.5 25 25 25 37.5 25 12.5 37.5 37.5 37.5 
1 Juve 1.27257 0.44914 0.48791 140.97 86 37.5 37.5 12.5 12.5 25 12.5 37.5 12.5 12.5 25 25 25 37.5 25 12.5 37.5 25 37.5 
1 Juve 1.27564 0.45158 0.49155 138.49 82 12.5 37.5 12.5 12.5 25 12.5 37.5 12.5 12.5 25 25 25 37.5 25 25 37.5 37.5 37.5 
1 Juve 0.971883 0.33533 0.37955 137.41 79.6 37.5 37.5 12.5 12.5 25 12.5 37.5 12.5 12.5 25 25 25 37.5 25 12.5 37.5 25 37.5 
1 Juve 1.29431 0.45746 0.50027 154.06 90 37.5 37.5 12.5 12.5 25 12.5 37.5 12.5 12.5 25 25 25 37.5 25 12.5 37.5 25 37.5 
1 Juve 1.24823 0.43999 0.47993 161.57 98.2 25 12.5 12.5 12.5 37.5 12.5 12.5 25 25 25 37.5 25 12.5 37.5 25 37.5 37.5 37.5 
1 Juve 1.25206 0.44192 0.48324 162.19 95.6 37.5 12.5 12.5 12.5 25 12.5 12.5 25 25 25 37.5 25 12.5 37.5 25 37.5 37.5 37.5 
1 Juve 1.27318 0.44715 0.49164 152.57 90.2 25 12.5 12.5 12.5 37.5 12.5 12.5 25 25 25 37.5 25 12.5 37.5 25 37.5 37.5 37.5 
1 Juve 1.11552 0.39336 0.43314 171.03 96.953 37.5 25 12.5 12.5 25 12.5 37.5 12.5 12.5 25 25 25 12.5 37.5 25 37.5 37.5 37.5 
1 Juve 1.10509 0.38657 0.42728 141.35 82.4 25 25 12.5 12.5 25 12.5 37.5 12.5 12.5 25 37.5 25 12.5 37.5 25 37.5 37.5 37.5 
1 Juve 1.26853 0.44978 0.48857 136.52 83.2 12.5 37.5 12.5 12.5 25 12.5 37.5 12.5 12.5 25 25 25 37.5 25 25 37.5 37.5 37.5 
1 Juve 1.22128 0.43058 0.46961 148.41 90.2 25 12.5 12.5 12.5 37.5 12.5 12.5 25 25 25 37.5 25 12.5 37.5 25 37.5 37.5 37.5 
1 Juve 1.24686 0.43935 0.47906 142.43 84.2 12.5 12.5 25 12.5 37.5 12.5 12.5 25 25 25 37.5 25 12.5 37.5 25 37.5 37.5 37.5 
1 Juve 1.26931 0.44783 0.48971 168.41 99.8 12.5 25 12.5 12.5 25 12.5 37.5 12.5 25 25 37.5 25 12.5 37.5 25 37.5 37.5 37.5 
1 Juve 1.29832 0.45939 0.49782 141.68 85.217 12.5 37.5 12.5 12.5 25 12.5 37.5 12.5 12.5 25 25 25 37.5 25 25 37.5 37.5 37.5 
1 Juve 1.25982 0.44644 0.48162 129.17 77.2 25 25 12.5 12.5 25 12.5 37.5 12.5 12.5 25 37.5 25 12.5 37.5 25 37.5 37.5 37.5 
1 Juve 1.29044 0.45691 0.49817 171.14 108 37.5 37.5 12.5 12.5 25 12.5 37.5 12.5 12.5 25 25 25 37.5 25 12.5 37.5 25 37.5 
1 Juve 1.11494 0.38963 0.43529 174.16 108.8 25 37.5 12.5 12.5 25 12.5 37.5 12.5 12.5 25 25 25 37.5 25 12.5 37.5 37.5 37.5 
1 Juve 1.10972 0.38986 0.43342 145.38 87 37.5 25 12.5 12.5 25 12.5 37.5 12.5 12.5 25 25 25 12.5 37.5 25 37.5 37.5 37.5 
1 Juve 1.25274 0.44238 0.48013 142.37 83.52 25 37.5 12.5 12.5 25 12.5 37.5 12.5 12.5 25 25 25 37.5 25 12.5 37.5 37.5 37.5 
1 Juve 1.05095 0.36999 0.4103 160.91 96.6 25 37.5 12.5 12.5 25 12.5 37.5 12.5 12.5 25 25 25 37.5 25 12.5 37.5 37.5 37.5 
1 Juve 1.27918 0.45168 0.49333 166 105.2 25 12.5 12.5 12.5 37.5 12.5 12.5 25 25 25 37.5 25 12.5 37.5 25 37.5 37.5 37.5 
1 Juve 1.04108 0.3606 0.39974 151.81 92.8 12.5 25 12.5 12.5 25 12.5 37.5 12.5 25 25 37.5 25 12.5 37.5 25 37.5 37.5 37.5 
1 Juve 1.07549 0.37973 0.41901 176.3 106.8 37.5 12.5 12.5 12.5 25 12.5 12.5 25 25 25 37.5 25 12.5 37.5 25 37.5 37.5 37.5 
1 Juve 1.09577 0.38645 0.42676 135.38 79.2 12.5 12.5 25 12.5 37.5 12.5 12.5 25 25 25 37.5 25 12.5 37.5 25 37.5 37.5 37.5 
1 Juve 0.980633 0.33858 0.3816 155.17 97.445 37.5 12.5 12.5 12.5 25 12.5 12.5 25 25 25 37.5 25 12.5 37.5 25 37.5 37.5 37.5 
1 Juve 0.97749 0.34275 0.37927 134.51 80.4 37.5 12.5 12.5 12.5 25 12.5 12.5 25 25 25 37.5 25 12.5 37.5 25 37.5 37.5 37.5 
1 Juve 0.986754 0.34069 0.3822 157.09 100.6 12.5 25 12.5 12.5 25 12.5 37.5 12.5 25 25 37.5 25 12.5 37.5 25 37.5 37.5 37.5 
1 Juve 1.02673 0.36079 0.40403 159.22 96.2 12.5 37.5 12.5 12.5 25 12.5 37.5 12.5 12.5 25 25 25 37.5 25 25 37.5 37.5 37.5 
1 Juve 1.02652 0.35534 0.39576 140.33 85 37.5 12.5 12.5 12.5 25 12.5 12.5 25 25 25 37.5 25 12.5 37.5 25 37.5 37.5 37.5 
1 Juve 1.0668 0.37092 0.41232 134.84 77.2 12.5 37.5 12.5 12.5 25 12.5 37.5 12.5 12.5 25 25 25 37.5 25 25 37.5 37.5 37.5 
1 Juve 1.0711 0.37172 0.41346 164.15 100.2 25 25 12.5 12.5 25 12.5 37.5 12.5 12.5 25 37.5 25 12.5 37.5 25 37.5 37.5 37.5 
1 Juve 1.06153 0.37235 0.41548 195.27 112.8 25 25 12.5 12.5 25 12.5 37.5 12.5 12.5 25 37.5 25 12.5 37.5 25 37.5 37.5 37.5 
1 Juve 1.07498 0.37784 0.41718 155.08 98 37.5 37.5 12.5 12.5 25 12.5 37.5 12.5 12.5 25 25 25 37.5 25 12.5 37.5 25 37.5 
1 Juve 0.954833 0.33109 0.37019 136.85 81 12.5 12.5 25 12.5 37.5 12.5 12.5 25 25 25 37.5 25 12.5 37.5 25 37.5 37.5 37.5 
1 Juve 1.02304 0.35809 0.39736 144.88 86 25 12.5 12.5 12.5 37.5 12.5 12.5 25 25 25 37.5 25 12.5 37.5 25 37.5 37.5 37.5 
1 Juve 1.07619 0.37478 0.41356 143.07 87 12.5 12.5 25 12.5 37.5 12.5 12.5 25 25 25 37.5 25 12.5 37.5 25 37.5 37.5 37.5 
1 Juve 1.05317 0.37093 0.40881 151.32 91.8 12.5 12.5 25 12.5 37.5 12.5 12.5 25 25 25 37.5 25 12.5 37.5 25 37.5 37.5 37.5 
1 Juve 1.02243 0.35401 0.39631 175.21 113.2 37.5 25 12.5 12.5 25 12.5 37.5 12.5 12.5 25 25 25 12.5 37.5 25 37.5 37.5 37.5 
1 Juve 1.06875 0.3738 0.41241 136.81 81.6 25 37.5 12.5 12.5 25 12.5 37.5 12.5 12.5 25 25 25 37.5 25 12.5 37.5 37.5 37.5 
1 Juve 0.990912 0.34521 0.38694 188.56 112.2 37.5 37.5 12.5 12.5 25 12.5 37.5 12.5 12.5 25 25 25 37.5 25 12.5 37.5 25 37.5 
1 Juve 1.01259 0.35474 0.39448 145.01 87.2 37.5 25 12.5 12.5 25 12.5 37.5 12.5 12.5 25 25 25 12.5 37.5 25 37.5 37.5 37.5 
1 Juve 1.12026 0.39387 0.43332 136.28 79.8 12.5 12.5 25 12.5 37.5 12.5 12.5 25 25 25 37.5 25 12.5 37.5 25 37.5 37.5 37.5 
1 Juve 1.10142 0.39017 0.42967 152.81 93.8 12.5 25 12.5 12.5 25 12.5 37.5 12.5 25 25 37.5 25 12.5 37.5 25 37.5 37.5 37.5 
1 Juve 1.07604 0.37808 0.41778 141.24 86.8 12.5 37.5 12.5 12.5 25 12.5 37.5 12.5 12.5 25 25 25 37.5 25 25 37.5 37.5 37.5 
1 Juve 1.07367 0.37732 0.4154 180.51 105.8 37.5 37.5 12.5 12.5 25 12.5 37.5 12.5 12.5 25 25 25 37.5 25 12.5 37.5 25 37.5 
1 Juve 1.06978 0.37525 0.41264 141.01 83.6 12.5 12.5 25 12.5 37.5 12.5 12.5 25 25 25 37.5 25 12.5 37.5 25 37.5 37.5 37.5 
1 Juve 1.03164 0.35601 0.40044 134.52 81.6 25 37.5 12.5 12.5 25 12.5 37.5 12.5 12.5 25 25 25 37.5 25 12.5 37.5 37.5 37.5 
1 Juve 1.1062 0.38626 0.42603 137.21 86.4 37.5 37.5 12.5 12.5 25 12.5 37.5 12.5 12.5 25 25 25 37.5 25 12.5 37.5 25 37.5 
1 Juve 1.1116 0.39217 0.44169 236.39 131.2 25 25 12.5 12.5 25 12.5 37.5 12.5 12.5 25 37.5 25 12.5 37.5 25 37.5 37.5 37.5 
1 Juve 1.07232 0.3795 0.41872 144.34 86.2 37.5 12.5 12.5 12.5 25 12.5 12.5 25 25 25 37.5 25 12.5 37.5 25 37.5 37.5 37.5 
1 Juve 1.09439 0.38492 0.42519 155.02 96.4 37.5 25 12.5 12.5 25 12.5 37.5 12.5 12.5 25 25 25 12.5 37.5 25 37.5 37.5 37.5 
1 Juve 1.05658 0.36891 0.4111 193.68 116.4 25 12.5 12.5 12.5 37.5 12.5 12.5 25 25 25 37.5 25 12.5 37.5 25 37.5 37.5 37.5 
1 Juve 1.0437 0.36112 0.40986 151.37 92.2 25 37.5 12.5 12.5 25 12.5 37.5 12.5 12.5 25 25 25 37.5 25 12.5 37.5 37.5 37.5 
1 Juve 1.02626 0.35594 0.40213 193.18 112.73 12.5 25 12.5 12.5 25 12.5 37.5 12.5 25 25 37.5 25 12.5 37.5 25 37.5 37.5 37.5 
1 Juve 1.11278 0.38959 0.42636 135.77 81.8 25 25 12.5 12.5 25 12.5 37.5 12.5 12.5 25 37.5 25 12.5 37.5 25 37.5 37.5 37.5 
1 Juve 1.0025 0.34827 0.38672 148.91 90.2 37.5 25 12.5 12.5 25 12.5 37.5 12.5 12.5 25 25 25 12.5 37.5 25 37.5 37.5 37.5 
1 Juve 1.01729 0.35389 0.39226 147.5 86 25 25 12.5 12.5 25 12.5 37.5 12.5 12.5 25 37.5 25 12.5 37.5 25 37.5 37.5 37.5 
1 Juve 0.972581 0.33586 0.37694 153.58 93 25 37.5 12.5 12.5 25 12.5 37.5 12.5 12.5 25 25 25 37.5 25 12.5 37.5 37.5 37.5 
1 Juve 1.04121 0.36221 0.40411 151.2 88.631 25 25 12.5 12.5 25 12.5 37.5 12.5 12.5 25 37.5 25 12.5 37.5 25 37.5 37.5 37.5 
1 Juve 1.01903 0.35241 0.39898 166.92 105.8 37.5 37.5 12.5 12.5 25 12.5 37.5 12.5 12.5 25 25 25 37.5 25 12.5 37.5 25 37.5 
1 Juve 1.08996 0.37944 0.42232 157.22 102.4 37.5 37.5 12.5 12.5 25 12.5 37.5 12.5 12.5 25 25 25 37.5 25 12.5 37.5 25 37.5 
1 Juve 1.01949 0.35353 0.39765 149.23 88.6 37.5 37.5 12.5 12.5 25 12.5 37.5 12.5 12.5 25 25 25 37.5 25 12.5 37.5 25 37.5 
1 Juve 1.0904 0.38288 0.42363 148.15 87.4 12.5 12.5 25 12.5 37.5 12.5 12.5 25 25 25 37.5 25 12.5 37.5 25 37.5 37.5 37.5 
1 Juve 1.33812 0.47348 0.51552 170.1 101.2 37.5 12.5 12.5 12.5 25 12.5 12.5 25 25 25 37.5 25 12.5 37.5 25 37.5 37.5 37.5 
1 Juve 1.08852 0.38135 0.42782 158.72 97 37.5 37.5 12.5 12.5 25 12.5 37.5 12.5 12.5 25 25 25 37.5 25 12.5 37.5 25 37.5 
1 Juve 1.0358 0.36551 0.40482 149.07 89.2 37.5 25 12.5 12.5 25 12.5 37.5 12.5 12.5 25 25 25 12.5 37.5 25 37.5 37.5 37.5 
1 Juve 1.25378 0.44368 0.48508 162.28 101.8 25 37.5 12.5 12.5 25 12.5 37.5 12.5 12.5 25 25 25 37.5 25 12.5 37.5 37.5 37.5 
1 Juve 1.27315 0.44907 0.49277 156.31 94.8 12.5 12.5 25 12.5 37.5 12.5 12.5 25 25 25 37.5 25 12.5 37.5 25 37.5 37.5 37.5 
1 Juve 1.09249 0.38282 0.428 157.65 98.6 37.5 12.5 12.5 12.5 25 12.5 12.5 25 25 25 37.5 25 12.5 37.5 25 37.5 37.5 37.5 
1 Juve 1.11287 0.39129 0.4338 155.09 94 25 37.5 12.5 12.5 25 12.5 37.5 12.5 12.5 25 25 25 37.5 25 12.5 37.5 37.5 37.5 
1 Juve 1.08857 0.38422 0.4281 204.43 120.4 37.5 37.5 12.5 12.5 25 12.5 37.5 12.5 12.5 25 25 25 37.5 25 12.5 37.5 25 37.5 
1 Juve 1.263 0.44482 0.48687 145.04 85 12.5 25 12.5 12.5 25 12.5 37.5 12.5 25 25 37.5 25 12.5 37.5 25 37.5 37.5 37.5 
1 Juve 1.10737 0.38906 0.43313 203.91 118.6 37.5 12.5 12.5 12.5 25 12.5 12.5 25 25 25 37.5 25 12.5 37.5 25 37.5 37.5 37.5 
1 Juve 1.08968 0.386 0.42463 153.7 100.4 37.5 12.5 12.5 12.5 25 12.5 12.5 25 25 25 37.5 25 12.5 37.5 25 37.5 37.5 37.5 
1 Juve 1.25363 0.44351 0.48508 169.34 99.8 37.5 25 12.5 12.5 25 12.5 37.5 12.5 12.5 25 25 25 12.5 37.5 25 37.5 37.5 37.5 
1 Juve 1.08844 0.38369 0.42177 147.94 93.8 25 37.5 12.5 12.5 25 12.5 37.5 12.5 12.5 25 25 25 37.5 25 12.5 37.5 37.5 37.5 
1 Juve 1.02773 0.35839 0.39297 138.5 79.8 25 25 12.5 12.5 25 12.5 37.5 12.5 12.5 25 37.5 25 12.5 37.5 25 37.5 37.5 37.5 
1 Juve 1.21735 0.43191 0.47337 172.68 103.6 25 25 12.5 12.5 25 12.5 37.5 12.5 12.5 25 37.5 25 12.5 37.5 25 37.5 37.5 37.5 
1 Juve 1.13056 0.39863 0.44014 163.31 95 25 37.5 12.5 12.5 25 12.5 37.5 12.5 12.5 25 25 25 37.5 25 12.5 37.5 37.5 37.5 
1 Juve 1.13201 0.39737 0.44368 167.03 100.75 12.5 37.5 12.5 12.5 25 12.5 37.5 12.5 12.5 25 25 25 37.5 25 25 37.5 37.5 37.5 
1 Juve 1.10434 0.38941 0.42838 144.96 92.4 12.5 12.5 25 12.5 37.5 12.5 12.5 25 25 25 37.5 25 12.5 37.5 25 37.5 37.5 37.5 
1 Juve 1.01203 0.35288 0.39165 133.23 78 37.5 37.5 12.5 12.5 25 12.5 37.5 12.5 12.5 25 25 25 37.5 25 12.5 37.5 25 37.5 
1 Juve 1.0953 0.38446 0.42743 147.96 95.2 25 25 12.5 12.5 25 12.5 37.5 12.5 12.5 25 37.5 25 12.5 37.5 25 37.5 37.5 37.5 
1 Juve 1.13855 0.40479 0.44161 166.54 97 12.5 37.5 12.5 12.5 25 12.5 37.5 12.5 12.5 25 25 25 37.5 25 25 37.5 37.5 37.5 
1 Juve 1.10956 0.39102 0.42999 153.91 90 25 25 12.5 12.5 25 12.5 37.5 12.5 12.5 25 37.5 25 12.5 37.5 25 37.5 37.5 37.5 
1 Juve 1.0935 0.38217 0.42245 140.61 81.6 37.5 12.5 12.5 12.5 25 12.5 12.5 25 25 25 37.5 25 12.5 37.5 25 37.5 37.5 37.5 
1 Juve 1.22547 0.43344 0.47099 146.94 89 12.5 25 12.5 12.5 25 12.5 37.5 12.5 25 25 37.5 25 12.5 37.5 25 37.5 37.5 37.5 
1 Juve 1.27644 0.4509 0.49031 140.84 82.6 12.5 37.5 12.5 12.5 25 12.5 37.5 12.5 12.5 25 25 25 37.5 25 25 37.5 37.5 37.5 
1 Juve 1.31419 0.46401 0.50468 186.58 111 12.5 12.5 25 12.5 37.5 12.5 12.5 25 25 25 37.5 25 12.5 37.5 25 37.5 37.5 37.5 
1 Juve 1.25787 0.44695 0.48262 142.28 86.2 12.5 25 12.5 12.5 25 12.5 37.5 12.5 25 25 37.5 25 12.5 37.5 25 37.5 37.5 37.5 
1 Juve 0.966196 0.33732 0.37321 145.93 90 12.5 37.5 12.5 12.5 25 12.5 37.5 12.5 12.5 25 25 25 37.5 25 25 37.5 37.5 37.5 
1 Juve 1.22122 0.43131 0.47134 161.78 95.972 12.5 37.5 12.5 12.5 25 12.5 37.5 12.5 12.5 25 25 25 37.5 25 25 37.5 37.5 37.5 
1 Juve 1.30223 0.46217 0.4966 155.62 97.991 37.5 12.5 12.5 12.5 25 12.5 12.5 25 25 25 37.5 25 12.5 37.5 25 37.5 37.5 37.5 
1 Juve 1.26319 0.44487 0.48434 142.19 83 37.5 37.5 12.5 12.5 25 12.5 37.5 12.5 12.5 25 25 25 37.5 25 12.5 37.5 25 37.5 
1 Juve 1.26309 0.44536 0.48786 148.74 92.2 12.5 37.5 12.5 12.5 25 12.5 37.5 12.5 12.5 25 25 25 37.5 25 25 37.5 37.5 37.5 
1 Juve 1.27565 0.45231 0.49241 163.53 97.2 12.5 12.5 25 12.5 37.5 12.5 12.5 25 25 25 37.5 25 12.5 37.5 25 37.5 37.5 37.5 
1 Juve 1.2267 0.43261 0.47393 152.33 92.2 12.5 12.5 25 12.5 37.5 12.5 12.5 25 25 25 37.5 25 12.5 37.5 25 37.5 37.5 37.5 
1 Juve 1.23297 0.43516 0.47113 147.14 91.4 12.5 25 12.5 12.5 25 12.5 37.5 12.5 25 25 37.5 25 12.5 37.5 25 37.5 37.5 37.5 
1 Juve 1.2653 0.44409 0.48459 145.47 89.8 37.5 25 12.5 12.5 25 12.5 37.5 12.5 12.5 25 25 25 12.5 37.5 25 37.5 37.5 37.5 
1 Juve 1.26696 0.44766 0.48228 139.65 83.6 12.5 25 12.5 12.5 25 12.5 37.5 12.5 25 25 37.5 25 12.5 37.5 25 37.5 37.5 37.5 
1 Juve 1.04713 0.36763 0.40496 143.17 82.2 12.5 12.5 25 12.5 37.5 12.5 12.5 25 25 25 37.5 25 12.5 37.5 25 37.5 37.5 37.5 
1 Juve 1.31548 0.46609 0.50838 195.15 114.8 37.5 37.5 12.5 12.5 25 12.5 37.5 12.5 12.5 25 25 25 37.5 25 12.5 37.5 25 37.5 
1 Juve 1.17448 0.41921 0.46046 198.48 114.6 12.5 25 12.5 12.5 25 12.5 37.5 12.5 25 25 37.5 25 12.5 37.5 25 37.5 37.5 37.5 
1 Juve 1.27854 0.44764 0.49516 152.31 90 37.5 12.5 12.5 12.5 25 12.5 12.5 25 25 25 37.5 25 12.5 37.5 25 37.5 37.5 37.5 
1 Juve 1.25408 0.44418 0.4841 145.72 87.4 12.5 25 12.5 12.5 25 12.5 37.5 12.5 25 25 37.5 25 12.5 37.5 25 37.5 37.5 37.5 
1 Juve 1.10537 0.38876 0.43226 173.32 103 37.5 25 12.5 12.5 25 12.5 37.5 12.5 12.5 25 25 25 12.5 37.5 25 37.5 37.5 37.5 
1 Juve 0.989004 0.34092 0.38713 158.94 94.8 25 12.5 12.5 12.5 37.5 12.5 12.5 25 25 25 37.5 25 12.5 37.5 25 37.5 37.5 37.5 
1 Juve 1.12619 0.39569 0.43921 148.05 86 25 37.5 12.5 12.5 25 12.5 37.5 12.5 12.5 25 25 25 37.5 25 12.5 37.5 37.5 37.5 
1 Juve 1.11264 0.39179 0.43381 135.44 80.6 37.5 12.5 12.5 12.5 25 12.5 12.5 25 25 25 37.5 25 12.5 37.5 25 37.5 37.5 37.5 
1 Juve 1.03274 0.36025 0.39924 142.84 83 25 12.5 12.5 12.5 37.5 12.5 12.5 25 25 25 37.5 25 12.5 37.5 25 37.5 37.5 37.5 
1 Juve 1.22478 0.43288 0.4721 160.08 96.8 37.5 37.5 12.5 12.5 25 12.5 37.5 12.5 12.5 25 25 25 37.5 25 12.5 37.5 25 37.5 
1 Juve 1.23492 0.43543 0.47465 147.38 84.6 25 12.5 12.5 12.5 37.5 12.5 12.5 25 25 25 37.5 25 12.5 37.5 25 37.5 37.5 37.5 
1 Juve 1.16802 0.41166 0.45391 155.59 93 37.5 12.5 12.5 12.5 25 12.5 12.5 25 25 25 37.5 25 12.5 37.5 25 37.5 37.5 37.5 
1 Juve 1.09387 0.37809 0.42584 159.65 101 25 12.5 12.5 12.5 37.5 12.5 12.5 25 25 25 37.5 25 12.5 37.5 25 37.5 37.5 37.5 
1 Juve 1.23298 0.43405 0.4743 142.72 90.4 25 25 12.5 12.5 25 12.5 37.5 12.5 12.5 25 37.5 25 12.5 37.5 25 37.5 37.5 37.5 
1 Juve 1.14653 0.40363 0.44199 154.8 93.2 12.5 37.5 12.5 12.5 25 12.5 37.5 12.5 12.5 25 25 25 37.5 25 25 37.5 37.5 37.5 
1 Juve 1.13003 0.39629 0.4365 148.6 92 12.5 12.5 25 12.5 37.5 12.5 12.5 25 25 25 37.5 25 12.5 37.5 25 37.5 37.5 37.5 
1 Juve 1.20378 0.42347 0.46283 162.88 95.8 25 12.5 12.5 12.5 37.5 12.5 12.5 25 25 25 37.5 25 12.5 37.5 25 37.5 37.5 37.5 
1 Juve 1.25865 0.44234 0.48452 150.09 96.6 12.5 25 12.5 12.5 25 12.5 37.5 12.5 25 25 37.5 25 12.5 37.5 25 37.5 37.5 37.5 
1 Juve 1.0863 0.37794 0.41959 147.6 90 25 25 12.5 12.5 25 12.5 37.5 12.5 12.5 25 37.5 25 12.5 37.5 25 37.5 37.5 37.5 
1 Juve 1.26523 0.44515 0.48694 145.02 88.2 12.5 25 12.5 12.5 25 12.5 37.5 12.5 25 25 37.5 25 12.5 37.5 25 37.5 37.5 37.5 
1 Juve 1.25554 0.44376 0.48324 162.56 97.6 37.5 25 12.5 12.5 25 12.5 37.5 12.5 12.5 25 25 25 12.5 37.5 25 37.5 37.5 37.5 
1 Juve 1.23972 0.43591 0.47869 140.42 88 12.5 37.5 12.5 12.5 25 12.5 37.5 12.5 12.5 25 25 25 37.5 25 25 37.5 37.5 37.5 
1 Juve 1.28785 0.45543 0.49713 158.75 92 12.5 25 12.5 12.5 25 12.5 37.5 12.5 25 25 37.5 25 12.5 37.5 25 37.5 37.5 37.5 
1 Juve 1.1012 0.38443 0.42472 139.83 82.6 37.5 12.5 12.5 12.5 25 12.5 12.5 25 25 25 37.5 25 12.5 37.5 25 37.5 37.5 37.5 
1 Juve 1.26974 0.45008 0.48923 149.03 89.8 12.5 25 12.5 12.5 25 12.5 37.5 12.5 25 25 37.5 25 12.5 37.5 25 37.5 37.5 37.5 
1 Juve 1.25977 0.44556 0.48585 150.95 90.787 37.5 37.5 12.5 12.5 25 12.5 37.5 12.5 12.5 25 25 25 37.5 25 12.5 37.5 25 37.5 
1 Juve 1.23549 0.43896 0.47887 160.42 98 37.5 37.5 12.5 12.5 25 12.5 37.5 12.5 12.5 25 25 25 37.5 25 12.5 37.5 25 37.5 
1 Juve 1.23459 0.43451 0.47686 168.95 99.284 25 12.5 12.5 12.5 37.5 12.5 12.5 25 25 25 37.5 25 12.5 37.5 25 37.5 37.5 37.5 
1 Juve 1.26258 0.44577 0.48735 159.61 95 37.5 25 12.5 12.5 25 12.5 37.5 12.5 12.5 25 25 25 12.5 37.5 25 37.5 37.5 37.5 
1 Juve 1.2253 0.4309 0.47636 150.59 92.6 25 12.5 12.5 12.5 37.5 12.5 12.5 25 25 25 37.5 25 12.5 37.5 25 37.5 37.5 37.5 
1 Juve 1.25745 0.44196 0.48702 150.2 92.2 12.5 37.5 12.5 12.5 25 12.5 37.5 12.5 12.5 25 25 25 37.5 25 25 37.5 37.5 37.5 
1 Juve 1.26831 0.44875 0.48695 139.78 85.6 12.5 12.5 25 12.5 37.5 12.5 12.5 25 25 25 37.5 25 12.5 37.5 25 37.5 37.5 37.5 
1 Juve 1.27288 0.44804 0.48866 149.36 92.2 37.5 25 12.5 12.5 25 12.5 37.5 12.5 12.5 25 25 25 12.5 37.5 25 37.5 37.5 37.5 
1 Juve 1.24102 0.43755 0.47854 141.72 84.4 12.5 25 12.5 12.5 25 12.5 37.5 12.5 25 25 37.5 25 12.5 37.5 25 37.5 37.5 37.5 
1 Juve 1.24642 0.43866 0.48053 142.63 86.8 12.5 37.5 12.5 12.5 25 12.5 37.5 12.5 12.5 25 25 25 37.5 25 25 37.5 37.5 37.5 
1 Juve 1.321 0.46881 0.50736 149.79 94 37.5 37.5 12.5 12.5 25 12.5 37.5 12.5 12.5 25 25 25 37.5 25 12.5 37.5 25 37.5 
1 Juve 1.21208 0.42088 0.46279 155.36 94.6 37.5 12.5 12.5 12.5 25 12.5 12.5 25 25 25 37.5 25 12.5 37.5 25 37.5 37.5 37.5 
1 Juve 1.25817 0.44342 0.48405 167.71 106 12.5 37.5 12.5 12.5 25 12.5 37.5 12.5 12.5 25 25 25 37.5 25 25 37.5 37.5 37.5 
1 Juve 1.20423 0.42485 0.46184 144.06 85.4 25 25 12.5 12.5 25 12.5 37.5 12.5 12.5 25 37.5 25 12.5 37.5 25 37.5 37.5 37.5 
1 Juve 1.26701 0.44921 0.49241 157.62 95.2 37.5 37.5 12.5 12.5 25 12.5 37.5 12.5 12.5 25 25 25 37.5 25 12.5 37.5 25 37.5 
1 Juve 1.23797 0.43502 0.47868 154.5 96 37.5 12.5 12.5 12.5 25 12.5 12.5 25 25 25 37.5 25 12.5 37.5 25 37.5 37.5 37.5 
1 Juve 1.28035 0.44625 0.4839 147.45 89 12.5 12.5 25 12.5 37.5 12.5 12.5 25 25 25 37.5 25 12.5 37.5 25 37.5 37.5 37.5 
1 Juve 1.34464 0.47595 0.51742 158.93 94.4 25 12.5 12.5 12.5 37.5 12.5 12.5 25 25 25 37.5 25 12.5 37.5 25 37.5 37.5 37.5 
1 Juve 1.31184 0.46641 0.50419 146.53 93.8 12.5 12.5 25 12.5 37.5 12.5 12.5 25 25 25 37.5 25 12.5 37.5 25 37.5 37.5 37.5 
1 Juve 1.27333 0.45059 0.48943 143.87 85.6 37.5 12.5 12.5 12.5 25 12.5 12.5 25 25 25 37.5 25 12.5 37.5 25 37.5 37.5 37.5 
1 Juve 1.09541 0.38659 0.42602 133.49 77.8 37.5 12.5 12.5 12.5 25 12.5 12.5 25 25 25 37.5 25 12.5 37.5 25 37.5 37.5 37.5 
1 Juve 1.29098 0.45584 0.49588 169.29 98.8 25 12.5 12.5 12.5 37.5 12.5 12.5 25 25 25 37.5 25 12.5 37.5 25 37.5 37.5 37.5 
1 Juve 1.11878 0.39124 0.43384 175.48 101.4 25 37.5 12.5 12.5 25 12.5 37.5 12.5 12.5 25 25 25 37.5 25 12.5 37.5 37.5 37.5 
1 Juve 1.11734 0.39386 0.43758 154.61 91.8 37.5 25 12.5 12.5 25 12.5 37.5 12.5 12.5 25 25 25 12.5 37.5 25 37.5 37.5 37.5 
1 Juve 1.1226 0.39078 0.43925 174.18 101.8 25 37.5 12.5 12.5 25 12.5 37.5 12.5 12.5 25 25 25 37.5 25 12.5 37.5 37.5 37.5 
1 Juve 1.20787 0.43094 0.47034 172.95 105.2 12.5 12.5 25 12.5 37.5 12.5 12.5 25 25 25 37.5 25 12.5 37.5 25 37.5 37.5 37.5 
1 Juve 1.09568 0.38631 0.42164 150.67 87.6 37.5 25 12.5 12.5 25 12.5 37.5 12.5 12.5 25 25 25 12.5 37.5 25 37.5 37.5 37.5 
1 Juve 1.19935 0.41497 0.45925 158.67 98.4 25 12.5 12.5 12.5 37.5 12.5 12.5 25 25 25 37.5 25 12.5 37.5 25 37.5 37.5 37.5 
1 Juve 1.21272 0.42752 0.47049 156.98 95.6 12.5 25 12.5 12.5 25 12.5 37.5 12.5 25 25 37.5 25 12.5 37.5 25 37.5 37.5 37.5 
1 Juve 1.19536 0.42142 0.46201 136.48 81.8 37.5 12.5 12.5 12.5 25 12.5 12.5 25 25 25 37.5 25 12.5 37.5 25 37.5 37.5 37.5 
1 Juve 1.14832 0.40415 0.44818 163.46 104.4 37.5 25 12.5 12.5 25 12.5 37.5 12.5 12.5 25 25 25 12.5 37.5 25 37.5 37.5 37.5 
1 Juve 1.15449 0.405 0.45172 159.38 92.8 25 37.5 12.5 12.5 25 12.5 37.5 12.5 12.5 25 25 25 37.5 25 12.5 37.5 37.5 37.5 
1 Juve 1.09132 0.38756 0.42669 179.33 104 37.5 12.5 12.5 12.5 25 12.5 12.5 25 25 25 37.5 25 12.5 37.5 25 37.5 37.5 37.5 
1 Juve 1.06137 0.37313 0.40662 135.84 82.4 25 25 12.5 12.5 25 12.5 37.5 12.5 12.5 25 37.5 25 12.5 37.5 25 37.5 37.5 37.5 
1 Juve 1.11383 0.39178 0.42792 143.04 87.2 25 12.5 12.5 12.5 37.5 12.5 12.5 25 25 25 37.5 25 12.5 37.5 25 37.5 37.5 37.5 
1 Juve 1.29385 0.45706 0.50292 186.75 108.74 37.5 37.5 12.5 12.5 25 12.5 37.5 12.5 12.5 25 25 25 37.5 25 12.5 37.5 25 37.5 
1 Juve 1.1093 0.3866 0.43241 151.92 90 12.5 25 12.5 12.5 25 12.5 37.5 12.5 25 25 37.5 25 12.5 37.5 25 37.5 37.5 37.5 
1 Juve 1.23119 0.43442 0.47241 165.73 102.2 12.5 37.5 12.5 12.5 25 12.5 37.5 12.5 12.5 25 25 25 37.5 25 25 37.5 37.5 37.5 
1 Juve 1.25052 0.44004 0.48309 179.49 107.6 25 37.5 12.5 12.5 25 12.5 37.5 12.5 12.5 25 25 25 37.5 25 12.5 37.5 37.5 37.5 
1 Juve 1.25662 0.44412 0.48205 147.65 93.2 12.5 12.5 25 12.5 37.5 12.5 12.5 25 25 25 37.5 25 12.5 37.5 25 37.5 37.5 37.5 
1 Juve 1.20804 0.4257 0.46304 140.84 82.4 37.5 37.5 12.5 12.5 25 12.5 37.5 12.5 12.5 25 25 25 37.5 25 12.5 37.5 25 37.5 
1 Juve 1.21242 0.4273 0.46623 138.89 82 25 25 12.5 12.5 25 12.5 37.5 12.5 12.5 25 37.5 25 12.5 37.5 25 37.5 37.5 37.5 
1 Juve 1.19441 0.41694 0.47258 164.87 104.2 12.5 25 12.5 12.5 25 12.5 37.5 12.5 25 25 37.5 25 12.5 37.5 25 37.5 37.5 37.5 
1 Juve 1.30695 0.46161 0.50692 164.69 96 25 12.5 12.5 12.5 37.5 12.5 12.5 25 25 25 37.5 25 12.5 37.5 25 37.5 37.5 37.5 
1 Juve 1.25906 0.44426 0.48273 135.92 80 12.5 12.5 25 12.5 37.5 12.5 12.5 25 25 25 37.5 25 12.5 37.5 25 37.5 37.5 37.5 
1 Juve 1.25102 0.44473 0.48408 135.82 84.8 25 25 12.5 12.5 25 12.5 37.5 12.5 12.5 25 37.5 25 12.5 37.5 25 37.5 37.5 37.5 
1 Juve 1.18146 0.41035 0.45101 147.51 89.8 12.5 25 12.5 12.5 25 12.5 37.5 12.5 25 25 37.5 25 12.5 37.5 25 37.5 37.5 37.5 
1 Juve 1.11882 0.39428 0.43433 158.77 94.6 12.5 37.5 12.5 12.5 25 12.5 37.5 12.5 12.5 25 25 25 37.5 25 25 37.5 37.5 37.5 
1 Juve 1.34281 0.47394 0.51064 139.4 85.2 12.5 12.5 25 12.5 37.5 12.5 12.5 25 25 25 37.5 25 12.5 37.5 25 37.5 37.5 37.5 
1 Juve 1.12566 0.39662 0.43365 151.82 92.8 25 37.5 12.5 12.5 25 12.5 37.5 12.5 12.5 25 25 25 37.5 25 12.5 37.5 37.5 37.5 
1 Juve 1.3809 0.48979 0.53188 137 82.2 25 25 12.5 12.5 25 12.5 37.5 12.5 12.5 25 37.5 25 12.5 37.5 25 37.5 37.5 37.5 
1 Juve 1.23639 0.43534 0.47679 154.88 95.4 25 37.5 12.5 12.5 25 12.5 37.5 12.5 12.5 25 25 25 37.5 25 12.5 37.5 37.5 37.5 
1 Juve 1.24537 0.44233 0.48066 162.24 101.2 25 12.5 12.5 12.5 37.5 12.5 12.5 25 25 25 37.5 25 12.5 37.5 25 37.5 37.5 37.5 
1 Juve 1.26968 0.44936 0.49272 154.3 93.6 12.5 25 12.5 12.5 25 12.5 37.5 12.5 25 25 37.5 25 12.5 37.5 25 37.5 37.5 37.5 
1 Juve 1.08667 0.38436 0.42511 135.44 79.651 37.5 37.5 12.5 12.5 25 12.5 37.5 12.5 12.5 25 25 25 37.5 25 12.5 37.5 25 37.5 
1 Juve 1.22695 0.43046 0.47433 207.53 119.2 12.5 25 12.5 12.5 25 12.5 37.5 12.5 25 25 37.5 25 12.5 37.5 25 37.5 37.5 37.5 
1 Juve 1.21534 0.43065 0.46654 147.4 84.4 25 12.5 12.5 12.5 37.5 12.5 12.5 25 25 25 37.5 25 12.5 37.5 25 37.5 37.5 37.5 
1 Juve 1.27189 0.44831 0.48887 127.53 77.4 12.5 12.5 25 12.5 37.5 12.5 12.5 25 25 25 37.5 25 12.5 37.5 25 37.5 37.5 37.5 
1 Juve 1.07585 0.37813 0.41921 154.22 92.4 12.5 25 12.5 12.5 25 12.5 37.5 12.5 25 25 37.5 25 12.5 37.5 25 37.5 37.5 37.5 
1 Juve 1.06948 0.37627 0.41816 136.35 79.6 12.5 37.5 12.5 12.5 25 12.5 37.5 12.5 12.5 25 25 25 37.5 25 25 37.5 37.5 37.5 
1 Juve 0.967666 0.33298 0.37533 145.01 86.2 25 25 12.5 12.5 25 12.5 37.5 12.5 12.5 25 37.5 25 12.5 37.5 25 37.5 37.5 37.5 
1 Juve 1.23967 0.43826 0.47497 150 90.4 25 37.5 12.5 12.5 25 12.5 37.5 12.5 12.5 25 25 25 37.5 25 12.5 37.5 37.5 37.5 
1 Juve 1.13156 0.39749 0.43449 145.87 87.8 25 25 12.5 12.5 25 12.5 37.5 12.5 12.5 25 37.5 25 12.5 37.5 25 37.5 37.5 37.5 
1 Juve 1.06854 0.37686 0.41366 137.36 85.6 12.5 25 12.5 12.5 25 12.5 37.5 12.5 25 25 37.5 25 12.5 37.5 25 37.5 37.5 37.5 
1 Juve 1.04661 0.36819 0.409 148.93 88.6 12.5 12.5 25 12.5 37.5 12.5 12.5 25 25 25 37.5 25 12.5 37.5 25 37.5 37.5 37.5 
1 Juve 1.04114 0.36036 0.40101 162.85 103.8 25 12.5 12.5 12.5 37.5 12.5 12.5 25 25 25 37.5 25 12.5 37.5 25 37.5 37.5 37.5 
1 Juve 1.03064 0.36279 0.404 165.2 98.6 25 12.5 12.5 12.5 37.5 12.5 12.5 25 25 25 37.5 25 12.5 37.5 25 37.5 37.5 37.5 
1 Juve 1.05738 0.3717 0.41456 140.03 84.2 37.5 37.5 12.5 12.5 25 12.5 37.5 12.5 12.5 25 25 25 37.5 25 12.5 37.5 25 37.5 
1 Juve 1.08021 0.37827 0.41802 186.08 105.2 25 12.5 12.5 12.5 37.5 12.5 12.5 25 25 25 37.5 25 12.5 37.5 25 37.5 37.5 37.5 
1 Juve 1.10148 0.38749 0.42705 147.94 92.2 37.5 37.5 12.5 12.5 25 12.5 37.5 12.5 12.5 25 25 25 37.5 25 12.5 37.5 25 37.5 
1 Juve 1.20356 0.41668 0.45604 138.27 86.6 25 25 12.5 12.5 25 12.5 37.5 12.5 12.5 25 37.5 25 12.5 37.5 25 37.5 37.5 37.5 
1 Juve 1.11051 0.39006 0.4301 147.84 91 37.5 25 12.5 12.5 25 12.5 37.5 12.5 12.5 25 25 25 12.5 37.5 25 37.5 37.5 37.5 
1 Juve 1.08182 0.37722 0.4177 166.35 99.4 12.5 12.5 25 12.5 37.5 12.5 12.5 25 25 25 37.5 25 12.5 37.5 25 37.5 37.5 37.5 
1 Juve 1.12151 0.39143 0.43537 154.7 100 12.5 12.5 25 12.5 37.5 12.5 12.5 25 25 25 37.5 25 12.5 37.5 25 37.5 37.5 37.5 
1 Juve 1.07169 0.37821 0.41321 156.99 96.8 12.5 12.5 25 12.5 37.5 12.5 12.5 25 25 25 37.5 25 12.5 37.5 25 37.5 37.5 37.5 
1 Juve 1.0138 0.35203 0.39551 150.05 93.2 37.5 25 12.5 12.5 25 12.5 37.5 12.5 12.5 25 25 25 12.5 37.5 25 37.5 37.5 37.5 
1 Juve 1.28987 0.45594 0.49995 219.88 128.4 25 37.5 12.5 12.5 25 12.5 37.5 12.5 12.5 25 25 25 37.5 25 12.5 37.5 37.5 37.5 
1 Juve 1.24165 0.43835 0.47814 132.28 78.6 25 12.5 12.5 12.5 37.5 12.5 12.5 25 25 25 37.5 25 12.5 37.5 25 37.5 37.5 37.5 
1 Juve 1.31669 0.46446 0.51376 173.81 103.8 37.5 25 12.5 12.5 25 12.5 37.5 12.5 12.5 25 25 25 12.5 37.5 25 37.5 37.5 37.5 
1 Juve 1.05479 0.36916 0.40273 139.58 84.6 12.5 12.5 25 12.5 37.5 12.5 12.5 25 25 25 37.5 25 12.5 37.5 25 37.5 37.5 37.5 
1 Juve 1.17264 0.41841 0.45402 131.6 76.8 12.5 12.5 25 12.5 37.5 12.5 12.5 25 25 25 37.5 25 12.5 37.5 25 37.5 37.5 37.5 
1 Juve 1.08657 0.37789 0.42138 158.71 92.4 25 12.5 12.5 12.5 37.5 12.5 12.5 25 25 25 37.5 25 12.5 37.5 25 37.5 37.5 37.5 
1 Juve 1.24141 0.43152 0.47945 166.99 101.2 25 12.5 12.5 12.5 37.5 12.5 12.5 25 25 25 37.5 25 12.5 37.5 25 37.5 37.5 37.5 
1 Juve 1.08449 0.37974 0.41706 153.71 92.8 25 25 12.5 12.5 25 12.5 37.5 12.5 12.5 25 37.5 25 12.5 37.5 25 37.5 37.5 37.5 
1 Juve 1.06558 0.36935 0.41138 143.56 85.4 37.5 12.5 12.5 12.5 25 12.5 12.5 25 25 25 37.5 25 12.5 37.5 25 37.5 37.5 37.5 
1 Juve 1.17018 0.4107 0.44897 143.44 86.8 25 25 12.5 12.5 25 12.5 37.5 12.5 12.5 25 37.5 25 12.5 37.5 25 37.5 37.5 37.5 
1 Juve 0.99773 0.34922 0.38573 137.76 83.6 12.5 12.5 25 12.5 37.5 12.5 12.5 25 25 25 37.5 25 12.5 37.5 25 37.5 37.5 37.5 
1 Juve 1.00093 0.35214 0.38906 144.74 85.6 25 25 12.5 12.5 25 12.5 37.5 12.5 12.5 25 37.5 25 12.5 37.5 25 37.5 37.5 37.5 
1 Juve 1.05824 0.36917 0.41683 139.05 83.2 37.5 37.5 12.5 12.5 25 12.5 37.5 12.5 12.5 25 25 25 37.5 25 12.5 37.5 25 37.5 
1 Juve 1.12538 0.39222 0.4374 168.39 97.6 12.5 25 12.5 12.5 25 12.5 37.5 12.5 25 25 37.5 25 12.5 37.5 25 37.5 37.5 37.5 
1 Juve 1.08498 0.37687 0.41976 158.46 95.8 25 12.5 12.5 12.5 37.5 12.5 12.5 25 25 25 37.5 25 12.5 37.5 25 37.5 37.5 37.5 
1 Juve 1.10728 0.39037 0.43077 156.93 91.4 37.5 37.5 12.5 12.5 25 12.5 37.5 12.5 12.5 25 25 25 37.5 25 12.5 37.5 25 37.5 
1 Juve 1.06912 0.372 0.41362 146.44 89.2 12.5 37.5 12.5 12.5 25 12.5 37.5 12.5 12.5 25 25 25 37.5 25 25 37.5 37.5 37.5 
1 Juve 1.0407 0.36617 0.4041 145.45 89.2 25 12.5 12.5 12.5 37.5 12.5 12.5 25 25 25 37.5 25 12.5 37.5 25 37.5 37.5 37.5 
1 Juve 0.893417 0.311 0.34962 144.41 90.6 25 37.5 12.5 12.5 25 12.5 37.5 12.5 12.5 25 25 25 37.5 25 12.5 37.5 37.5 37.5 
