1 Juve 1.26473 0.44531 0.4938 163.61 89.6 8 42 8 7.5 25 7.5 42.5 7.5 8 25 25 25 42.5 25 25 42 42.5 42 
1 Juve 1.24115 0.43579 0.48274 190.37 111.8 42.5 42 8 7.5 25 7.5 42.5 7.5 8 25 25 25 42.5 25 8 42 25 42 
1 Juve 1.23272 0.43128 0.47929 212.09 123.6 8 42 8 7.5 25 7.5 42.5 7.5 8 25 25 25 42.5 25 25 42 42.5 42 
1 Juve 1.22537 0.42791 0.47696 185.98 108 42.5 7.5 8 7.5 25 7.5 8 25 25 25 42.5 25 8 42 25 42 42.5 42 
1 Juve 1.11964 0.39165 0.43199 206.42 125.19 8 42 8 7.5 25 7.5 42.5 7.5 8 25 25 25 42.5 25 25 42 42.5 42 
1 Juve 1.39902 0.49562 0.53913 196.35 115.2 25 25 8 7.5 25 7.5 42.5 7.5 8 25 42.5 25 8 42 25 42 42.5 42 
1 Juve 1.15485 0.40127 0.45847 197.68 117.2 25 42 8 7.5 25 7.5 42.5 7.5 8 25 25 25 42.5 25 8 42 42.5 42 
1 Juve 1.31868 0.46527 0.5082 203.05 115.4 42.5 25 8 7.5 25 7.5 42.5 7.5 8 25 25 25 8 42 25 42 42.5 42 
1 Juve 1.25974 0.44327 0.48701 192.31 110 25 25 8 7.5 25 7.5 42.5 7.5 8 25 42.5 25 8 42 25 42 42.5 42 
1 Juve 1.1011 0.38515 0.42395 195.52 113.4 42.5 7.5 8 7.5 25 7.5 8 25 25 25 42.5 25 8 42 25 42 42.5 42 
1 Juve 1.26366 0.44323 0.49093 185.88 106.4 8 42 8 7.5 25 7.5 42.5 7.5 8 25 25 25 42.5 25 25 42 42.5 42 
1 Juve 1.14403 0.39869 0.43921 190.01 109.8 25 7.5 8 7.5 42.5 7.5 8 25 25 25 42.5 25 8 42 25 42 42.5 42 
1 Juve 1.13237 0.39924 0.4366 208.77 119 8 25 8 7.5 25 7.5 42.5 7.5 25 25 42.5 25 8 42 25 42 42.5 42 
1 Juve 1.0642 0.3704 0.41239 190.14 106.6 8 42 8 7.5 25 7.5 42.5 7.5 8 25 25 25 42.5 25 25 42 42.5 42 
1 Juve 1.29826 0.4562 0.49935 205.01 117.6 25 42 8 7.5 25 7.5 42.5 7.5 8 25 25 25 42.5 25 8 42 42.5 42 
1 Juve 1.17527 0.40784 0.45276 221.28 133.8 8 25 8 7.5 25 7.5 42.5 7.5 25 25 42.5 25 8 42 25 42 42.5 42 
1 Juve 1.27575 0.44705 0.49517 203.81 121.8 25 7.5 8 7.5 42.5 7.5 8 25 25 25 42.5 25 8 42 25 42 42.5 42 
1 Juve 1.13934 0.40353 0.44713 198.06 116.8 42.5 7.5 8 7.5 25 7.5 8 25 25 25 42.5 25 8 42 25 42 42.5 42 
1 Juve 1.18767 0.4165 0.46108 192.97 117.8 42.5 25 8 7.5 25 7.5 42.5 7.5 8 25 25 25 8 42 25 42 42.5 42 
1 Juve 1.29516 0.45487 0.5032 225.86 146.2 42.5 42 8 7.5 25 7.5 42.5 7.5 8 25 25 25 42.5 25 8 42 25 42 
1 Juve 1.25467 0.43656 0.47682 195.4 112.8 25 7.5 8 7.5 42.5 7.5 8 25 25 25 42.5 25 8 42 25 42 42.5 42 
1 Juve 1.29415 0.45949 0.50938 182.23 107.47 8 7.5 25 7.5 42.5 7.5 8 25 25 25 42.5 25 8 42 25 42 42.5 42 
1 Juve 1.24803 0.43672 0.4878 169.87 98 42.5 42 8 7.5 25 7.5 42.5 7.5 8 25 25 25 42.5 25 8 42 25 42 
1 Juve 1.29174 0.45645 0.50074 182.07 107.2 25 25 8 7.5 25 7.5 42.5 7.5 8 25 42.5 25 8 42 25 42 42.5 42 
1 Juve 1.22832 0.43281 0.47339 193.81 116.4 42.5 25 8 7.5 25 7.5 42.5 7.5 8 25 25 25 8 42 25 42 42.5 42 
1 Juve 1.23583 0.4311 0.48861 276.04 163.6 8 7.5 25 7.5 42.5 7.5 8 25 25 25 42.5 25 8 42 25 42 42.5 42 
1 Juve 1.33791 0.47946 0.52659 268.48 151.2 8 25 8 7.5 25 7.5 42.5 7.5 25 25 42.5 25 8 42 25 42 42.5 42 
1 Juve 1.23368 0.43429 0.47647 184.47 105.6 42.5 25 8 7.5 25 7.5 42.5 7.5 8 25 25 25 8 42 25 42 42.5 42 
1 Juve 1.29163 0.45811 0.50413 205.58 118 25 25 8 7.5 25 7.5 42.5 7.5 8 25 42.5 25 8 42 25 42 42.5 42 
1 Juve 1.15992 0.40596 0.44657 177.09 95.6 42.5 25 8 7.5 25 7.5 42.5 7.5 8 25 25 25 8 42 25 42 42.5 42 
1 Juve 1.22319 0.42971 0.47537 230 135.2 25 7.5 8 7.5 42.5 7.5 8 25 25 25 42.5 25 8 42 25 42 42.5 42 
1 Juve 1.3548 0.4704 0.52503 199.67 120.2 42.5 7.5 8 7.5 25 7.5 8 25 25 25 42.5 25 8 42 25 42 42.5 42 
1 Juve 1.23325 0.4338 0.47761 184.82 106.4 8 42 8 7.5 25 7.5 42.5 7.5 8 25 25 25 42.5 25 25 42 42.5 42 
1 Juve 1.41959 0.50359 0.55024 194.7 109.6 25 25 8 7.5 25 7.5 42.5 7.5 8 25 42.5 25 8 42 25 42 42.5 42 
1 Juve 1.03971 0.36256 0.40634 175.76 98 25 25 8 7.5 25 7.5 42.5 7.5 8 25 42.5 25 8 42 25 42 42.5 42 
1 Juve 1.05466 0.36831 0.41005 176.03 103.8 42.5 42 8 7.5 25 7.5 42.5 7.5 8 25 25 25 42.5 25 8 42 25 42 
1 Juve 1.21168 0.42606 0.46926 209.85 119.2 42.5 7.5 8 7.5 25 7.5 8 25 25 25 42.5 25 8 42 25 42 42.5 42 
1 Juve 1.01809 0.35409 0.39772 205.59 115.4 42.5 25 8 7.5 25 7.5 42.5 7.5 8 25 25 25 8 42 25 42 42.5 42 
1 Juve 1.03978 0.36151 0.4051 196.77 117 8 42 8 7.5 25 7.5 42.5 7.5 8 25 25 25 42.5 25 25 42 42.5 42 
1 Juve 1.08114 0.37474 0.4294 243.81 149.8 8 7.5 25 7.5 42.5 7.5 8 25 25 25 42.5 25 8 42 25 42 42.5 42 
1 Juve 1.10337 0.38653 0.42963 178.74 108.2 42.5 42 8 7.5 25 7.5 42.5 7.5 8 25 25 25 42.5 25 8 42 25 42 
1 Juve 1.13941 0.39971 0.44752 248.74 144.4 8 7.5 25 7.5 42.5 7.5 8 25 25 25 42.5 25 8 42 25 42 42.5 42 
1 Juve 1.2332 0.43657 0.47551 222.75 126.6 8 25 8 7.5 25 7.5 42.5 7.5 25 25 42.5 25 8 42 25 42 42.5 42 
1 Juve 1.31183 0.47281 0.51653 191.51 114.8 42.5 42 8 7.5 25 7.5 42.5 7.5 8 25 25 25 42.5 25 8 42 25 42 
1 Juve 1.23088 0.43298 0.47591 184.79 105 42.5 25 8 7.5 25 7.5 42.5 7.5 8 25 25 25 8 42 25 42 42.5 42 
1 Juve 1.24622 0.43986 0.47844 190.96 111.2 8 7.5 25 7.5 42.5 7.5 8 25 25 25 42.5 25 8 42 25 42 42.5 42 
1 Juve 1.09203 0.37935 0.42461 204.89 121.4 42.5 25 8 7.5 25 7.5 42.5 7.5 8 25 25 25 8 42 25 42 42.5 42 
1 Juve 1.11231 0.39084 0.43269 191.6 111.2 25 42 8 7.5 25 7.5 42.5 7.5 8 25 25 25 42.5 25 8 42 42.5 42 
1 Juve 1.04381 0.36584 0.4075 166.75 92.4 8 42 8 7.5 25 7.5 42.5 7.5 8 25 25 25 42.5 25 25 42 42.5 42 
1 Juve 1.24812 0.44044 0.4811 182.46 104.6 42.5 7.5 8 7.5 25 7.5 8 25 25 25 42.5 25 8 42 25 42 42.5 42 
1 Juve 1.2302 0.43494 0.47873 210.34 119.4 42.5 7.5 8 7.5 25 7.5 8 25 25 25 42.5 25 8 42 25 42 42.5 42 
1 Juve 1.30074 0.45599 0.50955 192.67 113.33 8 42 8 7.5 25 7.5 42.5 7.5 8 25 25 25 42.5 25 25 42 42.5 42 
1 Juve 1.23773 0.43753 0.47958 186.28 104.2 8 7.5 25 7.5 42.5 7.5 8 25 25 25 42.5 25 8 42 25 42 42.5 42 
1 Juve 1.24606 0.43863 0.48238 188.01 106.2 8 7.5 25 7.5 42.5 7.5 8 25 25 25 42.5 25 8 42 25 42 42.5 42 
1 Juve 1.00801 0.34997 0.39124 202.38 121 25 42 8 7.5 25 7.5 42.5 7.5 8 25 25 25 42.5 25 8 42 42.5 42 
1 Juve 1.06005 0.37257 0.41458 220.69 126.8 8 25 8 7.5 25 7.5 42.5 7.5 25 25 42.5 25 8 42 25 42 42.5 42 
1 Juve 0.998865 0.34402 0.39055 205.51 121.8 8 42 8 7.5 25 7.5 42.5 7.5 8 25 25 25 42.5 25 25 42 42.5 42 
1 Juve 1.23925 0.43753 0.4768 197.98 113.4 25 7.5 8 7.5 42.5 7.5 8 25 25 25 42.5 25 8 42 25 42 42.5 42 
1 Juve 1.03379 0.36103 0.40243 192.57 110.4 25 42 8 7.5 25 7.5 42.5 7.5 8 25 25 25 42.5 25 8 42 42.5 42 
1 Juve 1.05363 0.37029 0.41519 188.12 111 8 25 8 7.5 25 7.5 42.5 7.5 25 25 42.5 25 8 42 25 42 42.5 42 
1 Juve 1.08591 0.3807 0.42117 181.49 106.2 8 42 8 7.5 25 7.5 42.5 7.5 8 25 25 25 42.5 25 25 42 42.5 42 
1 Juve 1.07266 0.3729 0.41704 196.45 118.8 25 25 8 7.5 25 7.5 42.5 7.5 8 25 42.5 25 8 42 25 42 42.5 42 
1 Juve 1.07273 0.37588 0.41782 200.63 119.18 8 7.5 25 7.5 42.5 7.5 8 25 25 25 42.5 25 8 42 25 42 42.5 42 
1 Juve 1.12427 0.39617 0.44591 193.72 112.6 42.5 42 8 7.5 25 7.5 42.5 7.5 8 25 25 25 42.5 25 8 42 25 42 
1 Juve 1.28197 0.45226 0.49253 197 121.6 25 25 8 7.5 25 7.5 42.5 7.5 8 25 42.5 25 8 42 25 42 42.5 42 
1 Juve 1.02843 0.35854 0.40515 188.04 108.2 42.5 25 8 7.5 25 7.5 42.5 7.5 8 25 25 25 8 42 25 42 42.5 42 
1 Juve 1.10594 0.3883 0.43034 207.55 118.8 25 7.5 8 7.5 42.5 7.5 8 25 25 25 42.5 25 8 42 25 42 42.5 42 
1 Juve 1.28961 0.45037 0.50039 206.95 121.8 42.5 42 8 7.5 25 7.5 42.5 7.5 8 25 25 25 42.5 25 8 42 25 42 
1 Juve 1.11261 0.38747 0.43883 205.55 127.52 25 42 8 7.5 25 7.5 42.5 7.5 8 25 25 25 42.5 25 8 42 42.5 42 
1 Juve 1.11244 0.39127 0.43199 196.08 106.6 25 25 8 7.5 25 7.5 42.5 7.5 8 25 42.5 25 8 42 25 42 42.5 42 
1 Juve 1.25579 0.44604 0.4888 213.57 120 25 25 8 7.5 25 7.5 42.5 7.5 8 25 42.5 25 8 42 25 42 42.5 42 
1 Juve 1.13391 0.3965 0.43896 212.43 120 8 25 8 7.5 25 7.5 42.5 7.5 25 25 42.5 25 8 42 25 42 42.5 42 
1 Juve 1.05554 0.36954 0.41502 184.81 115.4 25 25 8 7.5 25 7.5 42.5 7.5 8 25 42.5 25 8 42 25 42 42.5 42 
1 Juve 1.28271 0.45231 0.49742 221.42 132 25 7.5 8 7.5 42.5 7.5 8 25 25 25 42.5 25 8 42 25 42 42.5 42 
1 Juve 1.14043 0.39675 0.44158 192.88 113.18 25 7.5 8 7.5 42.5 7.5 8 25 25 25 42.5 25 8 42 25 42 42.5 42 
1 Juve 1.15726 0.40727 0.45548 202.95 121.4 42.5 25 8 7.5 25 7.5 42.5 7.5 8 25 25 25 8 42 25 42 42.5 42 
1 Juve 1.11415 0.39268 0.43372 218.97 130.4 42.5 7.5 8 7.5 25 7.5 8 25 25 25 42.5 25 8 42 25 42 42.5 42 
1 Juve 1.02666 0.35745 0.39801 175.48 103 8 42 8 7.5 25 7.5 42.5 7.5 8 25 25 25 42.5 25 25 42 42.5 42 
1 Juve 1.12495 0.38951 0.44705 193.67 113 25 42 8 7.5 25 7.5 42.5 7.5 8 25 25 25 42.5 25 8 42 42.5 42 
1 Juve 1.142 0.39634 0.45694 194.57 113.76 8 42 8 7.5 25 7.5 42.5 7.5 8 25 25 25 42.5 25 25 42 42.5 42 
1 Juve 0.973881 0.33608 0.37937 206.42 120 42.5 25 8 7.5 25 7.5 42.5 7.5 8 25 25 25 8 42 25 42 42.5 42 
1 Juve 1.11421 0.39171 0.43466 180.06 101.4 25 25 8 7.5 25 7.5 42.5 7.5 8 25 42.5 25 8 42 25 42 42.5 42 
1 Juve 1.0454 0.36383 0.40828 193.27 112.6 8 42 8 7.5 25 7.5 42.5 7.5 8 25 25 25 42.5 25 25 42 42.5 42 
1 Juve 1.28551 0.45407 0.49669 193.4 116.4 25 42 8 7.5 25 7.5 42.5 7.5 8 25 25 25 42.5 25 8 42 42.5 42 
1 Juve 1.07733 0.37216 0.42521 178.73 104 8 42 8 7.5 25 7.5 42.5 7.5 8 25 25 25 42.5 25 25 42 42.5 42 
1 Juve 0.950019 0.32889 0.37218 187.14 111.6 8 42 8 7.5 25 7.5 42.5 7.5 8 25 25 25 42.5 25 25 42 42.5 42 
1 Juve 1.22549 0.43222 0.47356 182.74 105.6 8 42 8 7.5 25 7.5 42.5 7.5 8 25 25 25 42.5 25 25 42 42.5 42 
1 Juve 1.09236 0.38179 0.42243 182.88 101.8 8 25 8 7.5 25 7.5 42.5 7.5 25 25 42.5 25 8 42 25 42 42.5 42 
1 Juve 1.25028 0.43628 0.49044 179.3 99.2 42.5 25 8 7.5 25 7.5 42.5 7.5 8 25 25 25 8 42 25 42 42.5 42 
1 Juve 1.10492 0.38487 0.42693 203.46 120.4 25 42 8 7.5 25 7.5 42.5 7.5 8 25 25 25 42.5 25 8 42 42.5 42 
1 Juve 1.25029 0.43198 0.47687 222.25 130.2 42.5 25 8 7.5 25 7.5 42.5 7.5 8 25 25 25 8 42 25 42 42.5 42 
1 Juve 1.31078 0.4628 0.50588 196.09 114 42.5 42 8 7.5 25 7.5 42.5 7.5 8 25 25 25 42.5 25 8 42 25 42 
1 Juve 1.05049 0.36667 0.40924 179.6 108.2 25 7.5 8 7.5 42.5 7.5 8 25 25 25 42.5 25 8 42 25 42 42.5 42 
1 Juve 1.06901 0.3764 0.42094 198.66 112.6 25 25 8 7.5 25 7.5 42.5 7.5 8 25 42.5 25 8 42 25 42 42.5 42 
1 Juve 1.26812 0.44767 0.48572 183.81 108.8 25 42 8 7.5 25 7.5 42.5 7.5 8 25 25 25 42.5 25 8 42 42.5 42 
1 Juve 1.03774 0.35769 0.40533 204.8 125.4 42.5 25 8 7.5 25 7.5 42.5 7.5 8 25 25 25 8 42 25 42 42.5 42 
1 Juve 1.21623 0.42818 0.47009 179.7 102.4 25 7.5 8 7.5 42.5 7.5 8 25 25 25 42.5 25 8 42 25 42 42.5 42 
1 Juve 1.02851 0.3629 0.39611 182.36 103.8 8 25 8 7.5 25 7.5 42.5 7.5 25 25 42.5 25 8 42 25 42 42.5 42 
1 Juve 1.1965 0.42086 0.46431 189.94 114 42.5 25 8 7.5 25 7.5 42.5 7.5 8 25 25 25 8 42 25 42 42.5 42 
1 Juve 1.25724 0.44391 0.4851 193.1 110.76 42.5 42 8 7.5 25 7.5 42.5 7.5 8 25 25 25 42.5 25 8 42 25 42 
1 Juve 1.24511 0.43939 0.47932 179.71 101.4 8 7.5 25 7.5 42.5 7.5 8 25 25 25 42.5 25 8 42 25 42 42.5 42 
1 Juve 1.14996 0.3988 0.44584 198.12 114.2 8 42 8 7.5 25 7.5 42.5 7.5 8 25 25 25 42.5 25 25 42 42.5 42 
1 Juve 1.13447 0.39733 0.43644 175.48 99 25 25 8 7.5 25 7.5 42.5 7.5 8 25 42.5 25 8 42 25 42 42.5 42 
1 Juve 1.19186 0.41105 0.46235 186.08 107.6 25 42 8 7.5 25 7.5 42.5 7.5 8 25 25 25 42.5 25 8 42 42.5 42 
1 Juve 1.10237 0.3861 0.42561 221.25 125.6 8 7.5 25 7.5 42.5 7.5 8 25 25 25 42.5 25 8 42 25 42 42.5 42 
1 Juve 1.06875 0.3705 0.41831 184.41 103.6 8 7.5 25 7.5 42.5 7.5 8 25 25 25 42.5 25 8 42 25 42 42.5 42 
1 Juve 1.10408 0.38856 0.43049 187.85 105.8 8 7.5 25 7.5 42.5 7.5 8 25 25 25 42.5 25 8 42 25 42 42.5 42 
1 Juve 1.20767 0.42632 0.46511 210.05 116.6 25 42 8 7.5 25 7.5 42.5 7.5 8 25 25 25 42.5 25 8 42 42.5 42 
1 Juve 1.02084 0.35542 0.39971 221.3 127 8 25 8 7.5 25 7.5 42.5 7.5 25 25 42.5 25 8 42 25 42 42.5 42 
1 Juve 1.04741 0.36425 0.41294 177.86 108.2 8 7.5 25 7.5 42.5 7.5 8 25 25 25 42.5 25 8 42 25 42 42.5 42 
1 Juve 1.26676 0.44235 0.50143 179.54 103 42.5 7.5 8 7.5 25 7.5 8 25 25 25 42.5 25 8 42 25 42 42.5 42 
1 Juve 1.05884 0.3713 0.4121 192.37 107.98 42.5 7.5 8 7.5 25 7.5 8 25 25 25 42.5 25 8 42 25 42 42.5 42 
1 Juve 1.15705 0.40407 0.44682 191.14 117.2 42.5 7.5 8 7.5 25 7.5 8 25 25 25 42.5 25 8 42 25 42 42.5 42 
1 Juve 1.19601 0.41846 0.46878 214.59 123.2 8 25 8 7.5 25 7.5 42.5 7.5 25 25 42.5 25 8 42 25 42 42.5 42 
1 Juve 1.13897 0.40267 0.439 195.64 114 25 7.5 8 7.5 42.5 7.5 8 25 25 25 42.5 25 8 42 25 42 42.5 42 
1 Juve 1.09129 0.37884 0.42875 209.49 126.6 25 25 8 7.5 25 7.5 42.5 7.5 8 25 42.5 25 8 42 25 42 42.5 42 
1 Juve 1.04989 0.36403 0.40956 206.69 127.6 25 42 8 7.5 25 7.5 42.5 7.5 8 25 25 25 42.5 25 8 42 42.5 42 
1 Juve 1.10664 0.38843 0.42766 181.04 108.2 42.5 25 8 7.5 25 7.5 42.5 7.5 8 25 25 25 8 42 25 42 42.5 42 
1 Juve 1.26369 0.44555 0.48527 207.87 123.4 25 42 8 7.5 25 7.5 42.5 7.5 8 25 25 25 42.5 25 8 42 42.5 42 
1 Juve 1.11878 0.39056 0.43309 173.47 98 8 25 8 7.5 25 7.5 42.5 7.5 25 25 42.5 25 8 42 25 42 42.5 42 
1 Juve 1.18886 0.41586 0.45988 196.22 115.4 25 7.5 8 7.5 42.5 7.5 8 25 25 25 42.5 25 8 42 25 42 42.5 42 
1 Juve 1.17138 0.40772 0.4557 219.1 133.2 8 25 8 7.5 25 7.5 42.5 7.5 25 25 42.5 25 8 42 25 42 42.5 42 
1 Juve 1.06145 0.37151 0.41625 208.69 121.15 42.5 25 8 7.5 25 7.5 42.5 7.5 8 25 25 25 8 42 25 42 42.5 42 
1 Juve 1.21274 0.42704 0.4718 191.59 109 25 42 8 7.5 25 7.5 42.5 7.5 8 25 25 25 42.5 25 8 42 42.5 42 
1 Juve 1.1259 0.38947 0.43295 183.36 114.8 42.5 42 8 7.5 25 7.5 42.5 7.5 8 25 25 25 42.5 25 8 42 25 42 
1 Juve 1.11498 0.38889 0.4411 197.66 115.2 42.5 42 8 7.5 25 7.5 42.5 7.5 8 25 25 25 42.5 25 8 42 25 42 
1 Juve 1.14775 0.40165 0.44677 221.83 133.6 25 42 8 7.5 25 7.5 42.5 7.5 8 25 25 25 42.5 25 8 42 42.5 42 
1 Juve 1.11234 0.38949 0.43022 175.1 101.4 25 25 8 7.5 25 7.5 42.5 7.5 8 25 42.5 25 8 42 25 42 42.5 42 
1 Juve 1.25413 0.44227 0.48411 212.35 125.4 25 25 8 7.5 25 7.5 42.5 7.5 8 25 42.5 25 8 42 25 42 42.5 42 
1 Juve 1.08717 0.38033 0.42017 194.26 117.2 8 25 8 7.5 25 7.5 42.5 7.5 25 25 42.5 25 8 42 25 42 42.5 42 
1 Juve 1.2536 0.44215 0.48212 165.24 90.6 8 42 8 7.5 25 7.5 42.5 7.5 8 25 25 25 42.5 25 25 42 42.5 42 
1 Juve 1.26056 0.44659 0.4902 198.05 116.4 25 7.5 8 7.5 42.5 7.5 8 25 25 25 42.5 25 8 42 25 42 42.5 42 
1 Juve 1.26737 0.44595 0.49161 195.85 111.8 8 25 8 7.5 25 7.5 42.5 7.5 25 25 42.5 25 8 42 25 42 42.5 42 
1 Juve 1.30352 0.45958 0.50933 247.63 139.4 8 7.5 25 7.5 42.5 7.5 8 25 25 25 42.5 25 8 42 25 42 42.5 42 
1 Juve 1.24316 0.43721 0.48096 218.61 123 42.5 25 8 7.5 25 7.5 42.5 7.5 8 25 25 25 8 42 25 42 42.5 42 
1 Juve 1.10926 0.38757 0.4255 183.59 107.4 42.5 42 8 7.5 25 7.5 42.5 7.5 8 25 25 25 42.5 25 8 42 25 42 
1 Juve 1.13676 0.3945 0.43602 163.08 92.4 42.5 7.5 8 7.5 25 7.5 8 25 25 25 42.5 25 8 42 25 42 42.5 42 
1 Juve 1.11455 0.39468 0.42969 172.54 100.2 25 25 8 7.5 25 7.5 42.5 7.5 8 25 42.5 25 8 42 25 42 42.5 42 
1 Juve 1.12293 0.39097 0.43218 200.52 121.6 25 25 8 7.5 25 7.5 42.5 7.5 8 25 42.5 25 8 42 25 42 42.5 42 
1 Juve 1.24425 0.4418 0.47909 200.86 112.54 8 25 8 7.5 25 7.5 42.5 7.5 25 25 42.5 25 8 42 25 42 42.5 42 
1 Juve 1.22817 0.43353 0.47358 194.55 108.6 25 7.5 8 7.5 42.5 7.5 8 25 25 25 42.5 25 8 42 25 42 42.5 42 
1 Juve 1.07193 0.37613 0.41975 193.76 108.8 42.5 42 8 7.5 25 7.5 42.5 7.5 8 25 25 25 42.5 25 8 42 25 42 
1 Juve 1.02555 0.36008 0.39936 182.57 108.4 8 25 8 7.5 25 7.5 42.5 7.5 25 25 42.5 25 8 42 25 42 42.5 42 
1 Juve 1.06413 0.37179 0.41699 175.08 103.6 8 7.5 25 7.5 42.5 7.5 8 25 25 25 42.5 25 8 42 25 42 42.5 42 
1 Juve 1.24449 0.43898 0.48162 204.13 116.6 8 42 8 7.5 25 7.5 42.5 7.5 8 25 25 25 42.5 25 25 42 42.5 42 
1 Juve 1.1289 0.39611 0.44173 194.51 114.8 25 42 8 7.5 25 7.5 42.5 7.5 8 25 25 25 42.5 25 8 42 42.5 42 
1 Juve 1.20515 0.42287 0.46497 192.41 115.2 25 25 8 7.5 25 7.5 42.5 7.5 8 25 42.5 25 8 42 25 42 42.5 42 
1 Juve 1.20394 0.4265 0.46667 235.47 133.4 25 7.5 8 7.5 42.5 7.5 8 25 25 25 42.5 25 8 42 25 42 42.5 42 
1 Juve 1.21358 0.42627 0.46934 187.85 107.8 8 25 8 7.5 25 7.5 42.5 7.5 25 25 42.5 25 8 42 25 42 42.5 42 
1 Juve 1.14002 0.39969 0.43724 207.42 116.2 42.5 7.5 8 7.5 25 7.5 8 25 25 25 42.5 25 8 42 25 42 42.5 42 
1 Juve 1.23366 0.43049 0.48021 188.63 109 42.5 42 8 7.5 25 7.5 42.5 7.5 8 25 25 25 42.5 25 8 42 25 42 
1 Juve 1.20172 0.42451 0.46315 199.37 114 25 25 8 7.5 25 7.5 42.5 7.5 8 25 42.5 25 8 42 25 42 42.5 42 
1 Juve 1.14136 0.40243 0.43978 181.33 101.8 25 7.5 8 7.5 42.5 7.5 8 25 25 25 42.5 25 8 42 25 42 42.5 42 
1 Juve 1.15103 0.4027 0.44891 187.09 106.8 8 42 8 7.5 25 7.5 42.5 7.5 8 25 25 25 42.5 25 25 42 42.5 42 
1 Juve 1.09399 0.37802 0.41873 176.86 99 25 42 8 7.5 25 7.5 42.5 7.5 8 25 25 25 42.5 25 8 42 42.5 42 
1 Juve 0.997729 0.34583 0.38894 206.53 123.39 25 42 8 7.5 25 7.5 42.5 7.5 8 25 25 25 42.5 25 8 42 42.5 42 
1 Juve 1.14611 0.40059 0.44532 183.44 108.2 8 7.5 25 7.5 42.5 7.5 8 25 25 25 42.5 25 8 42 25 42 42.5 42 
1 Juve 1.03792 0.36308 0.40431 195.56 115 25 7.5 8 7.5 42.5 7.5 8 25 25 25 42.5 25 8 42 25 42 42.5 42 
1 Juve 1.24885 0.43969 0.4826 189.62 107.6 42.5 42 8 7.5 25 7.5 42.5 7.5 8 25 25 25 42.5 25 8 42 25 42 
1 Juve 1.17021 0.41974 0.4597 211.77 125.6 25 42 8 7.5 25 7.5 42.5 7.5 8 25 25 25 42.5 25 8 42 42.5 42 
1 Juve 1.15746 0.40765 0.44892 188.89 113 25 25 8 7.5 25 7.5 42.5 7.5 8 25 42.5 25 8 42 25 42 42.5 42 
1 Juve 1.08885 0.37997 0.42417 196.19 116.4 8 42 8 7.5 25 7.5 42.5 7.5 8 25 25 25 42.5 25 25 42 42.5 42 
1 Juve 1.00984 0.34979 0.38994 198.37 117 42.5 42 8 7.5 25 7.5 42.5 7.5 8 25 25 25 42.5 25 8 42 25 42 
1 Juve 1.10996 0.38965 0.42745 198.85 114.2 42.5 42 8 7.5 25 7.5 42.5 7.5 8 25 25 25 42.5 25 8 42 25 42 
1 Juve 1.06044 0.36853 0.41232 169.43 97.8 42.5 7.5 8 7.5 25 7.5 8 25 25 25 42.5 25 8 42 25 42 42.5 42 
1 Juve 1.29758 0.46023 0.4977 175.41 103.4 25 25 8 7.5 25 7.5 42.5 7.5 8 25 42.5 25 8 42 25 42 42.5 42 
1 Juve 1.07856 0.37954 0.42462 183.09 105.2 42.5 25 8 7.5 25 7.5 42.5 7.5 8 25 25 25 8 42 25 42 42.5 42 
1 Juve 1.34088 0.47265 0.51372 213.71 125.4 25 42 8 7.5 25 7.5 42.5 7.5 8 25 25 25 42.5 25 8 42 42.5 42 
1 Juve 1.00075 0.3473 0.39673 197.43 114.8 25 42 8 7.5 25 7.5 42.5 7.5 8 25 25 25 42.5 25 8 42 42.5 42 
1 Juve 0.950584 0.33097 0.36776 189.97 110.6 42.5 7.5 8 7.5 25 7.5 8 25 25 25 42.5 25 8 42 25 42 42.5 42 
1 Juve 1.11488 0.39355 0.43518 184.83 109.8 25 25 8 7.5 25 7.5 42.5 7.5 8 25 42.5 25 8 42 25 42 42.5 42 
1 Juve 1.13742 0.39575 0.44582 218.07 131.4 8 7.5 25 7.5 42.5 7.5 8 25 25 25 42.5 25 8 42 25 42 42.5 42 
1 Juve 1.27193 0.45357 0.49789 172.88 96.99 8 42 8 7.5 25 7.5 42.5 7.5 8 25 25 25 42.5 25 25 42 42.5 42 
1 Juve 1.32851 0.47055 0.51524 214.72 119.4 42.5 7.5 8 7.5 25 7.5 8 25 25 25 42.5 25 8 42 25 42 42.5 42 
1 Juve 1.24707 0.43474 0.49067 212.77 130.6 8 25 8 7.5 25 7.5 42.5 7.5 25 25 42.5 25 8 42 25 42 42.5 42 
1 Juve 1.09159 0.37952 0.42603 201.18 112.6 25 7.5 8 7.5 42.5 7.5 8 25 25 25 42.5 25 8 42 25 42 42.5 42 
1 Juve 1.23611 0.43409 0.48086 185.87 108.2 42.5 25 8 7.5 25 7.5 42.5 7.5 8 25 25 25 8 42 25 42 42.5 42 
1 Juve 1.29144 0.4569 0.49961 170.31 96.8 25 25 8 7.5 25 7.5 42.5 7.5 8 25 42.5 25 8 42 25 42 42.5 42 
1 Juve 0.975336 0.33648 0.38208 177.11 100.8 42.5 7.5 8 7.5 25 7.5 8 25 25 25 42.5 25 8 42 25 42 42.5 42 
1 Juve 1.03792 0.35531 0.40834 178.51 104 8 42 8 7.5 25 7.5 42.5 7.5 8 25 25 25 42.5 25 25 42 42.5 42 
1 Juve 1.07851 0.37259 0.42578 222.49 126.8 25 42 8 7.5 25 7.5 42.5 7.5 8 25 25 25 42.5 25 8 42 42.5 42 
1 Juve 1.09361 0.38258 0.42431 202.99 116 8 42 8 7.5 25 7.5 42.5 7.5 8 25 25 25 42.5 25 25 42 42.5 42 
1 Juve 1.17233 0.41461 0.45483 178.04 103.2 42.5 42 8 7.5 25 7.5 42.5 7.5 8 25 25 25 42.5 25 8 42 25 42 
1 Juve 1.2356 0.43155 0.47939 221.42 128.4 25 42 8 7.5 25 7.5 42.5 7.5 8 25 25 25 42.5 25 8 42 42.5 42 
1 Juve 1.39932 0.49768 0.53976 196.41 112.2 25 25 8 7.5 25 7.5 42.5 7.5 8 25 42.5 25 8 42 25 42 42.5 42 
1 Juve 1.17408 0.40794 0.45755 207.7 126.59 25 25 8 7.5 25 7.5 42.5 7.5 8 25 42.5 25 8 42 25 42 42.5 42 
1 Juve 1.17243 0.40949 0.44977 211.69 127.8 8 7.5 25 7.5 42.5 7.5 8 25 25 25 42.5 25 8 42 25 42 42.5 42 
1 Juve 1.25774 0.44083 0.48817 213.39 127.8 25 25 8 7.5 25 7.5 42.5 7.5 8 25 42.5 25 8 42 25 42 42.5 42 
1 Juve 1.22448 0.43095 0.47108 175.17 104.4 8 42 8 7.5 25 7.5 42.5 7.5 8 25 25 25 42.5 25 25 42 42.5 42 
1 Juve 1.13999 0.39976 0.44381 176.64 103.4 42.5 42 8 7.5 25 7.5 42.5 7.5 8 25 25 25 42.5 25 8 42 25 42 
1 Juve 1.14975 0.40502 0.44865 185.48 105.8 25 7.5 8 7.5 42.5 7.5 8 25 25 25 42.5 25 8 42 25 42 42.5 42 
1 Juve 1.12082 0.39147 0.43446 187.5 114.4 25 42 8 7.5 25 7.5 42.5 7.5 8 25 25 25 42.5 25 8 42 42.5 42 
1 Juve 1.12345 0.38862 0.43716 208.42 121 42.5 7.5 8 7.5 25 7.5 8 25 25 25 42.5 25 8 42 25 42 42.5 42 
1 Juve 1.23903 0.43621 0.48014 193.52 115.2 8 7.5 25 7.5 42.5 7.5 8 25 25 25 42.5 25 8 42 25 42 42.5 42 
1 Juve 1.36445 0.47724 0.51906 171.44 100.4 25 25 8 7.5 25 7.5 42.5 7.5 8 25 42.5 25 8 42 25 42 42.5 42 
1 Juve 1.09169 0.38214 0.42612 193.75 111.2 8 42 8 7.5 25 7.5 42.5 7.5 8 25 25 25 42.5 25 25 42 42.5 42 
1 Juve 1.23884 0.4359 0.47703 209.76 120 8 7.5 25 7.5 42.5 7.5 8 25 25 25 42.5 25 8 42 25 42 42.5 42 
1 Juve 1.27283 0.44999 0.49036 178.58 106 8 7.5 25 7.5 42.5 7.5 8 25 25 25 42.5 25 8 42 25 42 42.5 42 
1 Juve 1.33734 0.47227 0.51185 190.44 111.4 25 25 8 7.5 25 7.5 42.5 7.5 8 25 42.5 25 8 42 25 42 42.5 42 
1 Juve 1.23034 0.43449 0.47257 197.76 117 25 7.5 8 7.5 42.5 7.5 8 25 25 25 42.5 25 8 42 25 42 42.5 42 
1 Juve 1.2572 0.44291 0.49348 224.84 131.8 8 25 8 7.5 25 7.5 42.5 7.5 25 25 42.5 25 8 42 25 42 42.5 42 
1 Juve 1.31255 0.46126 0.50346 192.27 113.2 42.5 7.5 8 7.5 25 7.5 8 25 25 25 42.5 25 8 42 25 42 42.5 42 
1 Juve 1.24131 0.43711 0.48185 209.49 128 25 25 8 7.5 25 7.5 42.5 7.5 8 25 42.5 25 8 42 25 42 42.5 42 
1 Juve 1.25968 0.4452 0.48308 181.19 105.8 25 25 8 7.5 25 7.5 42.5 7.5 8 25 42.5 25 8 42 25 42 42.5 42 
1 Juve 1.04455 0.36204 0.40669 180.88 109.4 42.5 42 8 7.5 25 7.5 42.5 7.5 8 25 25 25 42.5 25 8 42 25 42 
1 Juve 0.991138 0.34408 0.38692 195.88 108.8 42.5 42 8 7.5 25 7.5 42.5 7.5 8 25 25 25 42.5 25 8 42 25 42 
1 Juve 1.03532 0.35798 0.40479 212.23 123.6 42.5 42 8 7.5 25 7.5 42.5 7.5 8 25 25 25 42.5 25 8 42 25 42 
1 Juve 1.14179 0.39987 0.44547 205.28 120 42.5 7.5 8 7.5 25 7.5 8 25 25 25 42.5 25 8 42 25 42 42.5 42 
1 Juve 1.29468 0.45023 0.49621 218.95 127.6 8 25 8 7.5 25 7.5 42.5 7.5 25 25 42.5 25 8 42 25 42 42.5 42 
1 Juve 1.32522 0.46491 0.51251 210.64 122 42.5 25 8 7.5 25 7.5 42.5 7.5 8 25 25 25 8 42 25 42 42.5 42 
1 Juve 1.04754 0.36501 0.40793 198.51 117.4 42.5 25 8 7.5 25 7.5 42.5 7.5 8 25 25 25 8 42 25 42 42.5 42 
1 Juve 1.05496 0.3654 0.41186 205.01 126 8 25 8 7.5 25 7.5 42.5 7.5 25 25 42.5 25 8 42 25 42 42.5 42 
1 Juve 1.02402 0.35864 0.40076 210.12 121.8 42.5 25 8 7.5 25 7.5 42.5 7.5 8 25 25 25 8 42 25 42 42.5 42 
1 Juve 1.09975 0.38412 0.42523 199.21 113.4 25 7.5 8 7.5 42.5 7.5 8 25 25 25 42.5 25 8 42 25 42 42.5 42 
1 Juve 1.00155 0.34831 0.38988 188.26 112.6 42.5 7.5 8 7.5 25 7.5 8 25 25 25 42.5 25 8 42 25 42 42.5 42 
1 Juve 1.13014 0.39654 0.44159 203.06 115.4 25 7.5 8 7.5 42.5 7.5 8 25 25 25 42.5 25 8 42 25 42 42.5 42 
1 Juve 1.09851 0.38422 0.42637 187.08 110 8 42 8 7.5 25 7.5 42.5 7.5 8 25 25 25 42.5 25 25 42 42.5 42 
1 Juve 1.07629 0.37724 0.41678 201.29 118.6 8 25 8 7.5 25 7.5 42.5 7.5 25 25 42.5 25 8 42 25 42 42.5 42 
1 Juve 1.04824 0.36449 0.40869 206.38 122.6 25 42 8 7.5 25 7.5 42.5 7.5 8 25 25 25 42.5 25 8 42 42.5 42 
1 Juve 1.08703 0.37337 0.42139 195.12 114.6 42.5 25 8 7.5 25 7.5 42.5 7.5 8 25 25 25 8 42 25 42 42.5 42 
1 Juve 1.09807 0.38246 0.43297 209.82 123.2 8 42 8 7.5 25 7.5 42.5 7.5 8 25 25 25 42.5 25 25 42 42.5 42 
1 Juve 1.06735 0.37383 0.41999 204.28 119.8 25 42 8 7.5 25 7.5 42.5 7.5 8 25 25 25 42.5 25 8 42 42.5 42 
1 Juve 1.06794 0.37573 0.41922 234.55 139.6 8 25 8 7.5 25 7.5 42.5 7.5 25 25 42.5 25 8 42 25 42 42.5 42 
1 Juve 1.01724 0.35291 0.39774 190.2 109 42.5 25 8 7.5 25 7.5 42.5 7.5 8 25 25 25 8 42 25 42 42.5 42 
1 Juve 1.09391 0.37996 0.42655 182.98 108.6 25 7.5 8 7.5 42.5 7.5 8 25 25 25 42.5 25 8 42 25 42 42.5 42 
1 Juve 1.03325 0.35894 0.39995 178.67 99.4 8 7.5 25 7.5 42.5 7.5 8 25 25 25 42.5 25 8 42 25 42 42.5 42 
1 Juve 1.28105 0.44783 0.49906 189.45 107.6 42.5 25 8 7.5 25 7.5 42.5 7.5 8 25 25 25 8 42 25 42 42.5 42 
1 Juve 1.25015 0.43944 0.48607 195.73 115.4 8 25 8 7.5 25 7.5 42.5 7.5 25 25 42.5 25 8 42 25 42 42.5 42 
1 Juve 1.0791 0.37744 0.42236 194.65 111.4 42.5 42 8 7.5 25 7.5 42.5 7.5 8 25 25 25 42.5 25 8 42 25 42 
1 Juve 1.28724 0.46027 0.49859 207.42 118.8 42.5 42 8 7.5 25 7.5 42.5 7.5 8 25 25 25 42.5 25 8 42 25 42 
1 Juve 1.34854 0.47377 0.51807 201.32 117.2 8 25 8 7.5 25 7.5 42.5 7.5 25 25 42.5 25 8 42 25 42 42.5 42 
1 Juve 1.37539 0.48518 0.52541 178.13 101.8 25 7.5 8 7.5 42.5 7.5 8 25 25 25 42.5 25 8 42 25 42 42.5 42 
1 Juve 1.23666 0.4353 0.47657 178.28 102 25 25 8 7.5 25 7.5 42.5 7.5 8 25 42.5 25 8 42 25 42 42.5 42 
1 Juve 1.22426 0.43111 0.47155 172.38 99.2 25 25 8 7.5 25 7.5 42.5 7.5 8 25 42.5 25 8 42 25 42 42.5 42 
1 Juve 1.24229 0.43736 0.48287 202.46 119.2 25 25 8 7.5 25 7.5 42.5 7.5 8 25 42.5 25 8 42 25 42 42.5 42 
1 Juve 1.21219 0.42784 0.4705 195.1 108.14 8 42 8 7.5 25 7.5 42.5 7.5 8 25 25 25 42.5 25 25 42 42.5 42 
1 Juve 1.14257 0.40268 0.44165 220.15 126.8 42.5 7.5 8 7.5 25 7.5 8 25 25 25 42.5 25 8 42 25 42 42.5 42 
1 Juve 1.25933 0.44307 0.48822 203.59 121 25 42 8 7.5 25 7.5 42.5 7.5 8 25 25 25 42.5 25 8 42 42.5 42 
1 Juve 1.15709 0.40317 0.44931 189.86 109 25 7.5 8 7.5 42.5 7.5 8 25 25 25 42.5 25 8 42 25 42 42.5 42 
1 Juve 1.2482 0.4421 0.47894 195.7 116 25 42 8 7.5 25 7.5 42.5 7.5 8 25 25 25 42.5 25 8 42 42.5 42 
1 Juve 1.25145 0.43722 0.48722 197.18 115.6 42.5 42 8 7.5 25 7.5 42.5 7.5 8 25 25 25 42.5 25 8 42 25 42 
1 Juve 1.11909 0.40065 0.44592 200.91 119.2 8 25 8 7.5 25 7.5 42.5 7.5 25 25 42.5 25 8 42 25 42 42.5 42 
1 Juve 1.10118 0.38401 0.42718 193.16 112.4 25 42 8 7.5 25 7.5 42.5 7.5 8 25 25 25 42.5 25 8 42 42.5 42 
1 Juve 1.04629 0.36459 0.40635 194.63 113.2 25 42 8 7.5 25 7.5 42.5 7.5 8 25 25 25 42.5 25 8 42 42.5 42 
1 Juve 1.24935 0.44071 0.48314 180.9 104.4 42.5 7.5 8 7.5 25 7.5 8 25 25 25 42.5 25 8 42 25 42 42.5 42 
1 Juve 1.12605 0.39602 0.43852 204.65 117.8 8 7.5 25 7.5 42.5 7.5 8 25 25 25 42.5 25 8 42 25 42 42.5 42 
1 Juve 1.32704 0.4681 0.51404 208.87 125.45 25 7.5 8 7.5 42.5 7.5 8 25 25 25 42.5 25 8 42 25 42 42.5 42 
1 Juve 1.28995 0.45406 0.49816 207.09 117.6 25 7.5 8 7.5 42.5 7.5 8 25 25 25 42.5 25 8 42 25 42 42.5 42 
1 Juve 1.26963 0.44758 0.49467 242.52 139.6 8 7.5 25 7.5 42.5 7.5 8 25 25 25 42.5 25 8 42 25 42 42.5 42 
1 Juve 1.23063 0.43299 0.47744 200.6 116.09 42.5 42 8 7.5 25 7.5 42.5 7.5 8 25 25 25 42.5 25 8 42 25 42 
1 Juve 1.23498 0.43474 0.47919 202.14 115.4 8 42 8 7.5 25 7.5 42.5 7.5 8 25 25 25 42.5 25 25 42 42.5 42 
1 Juve 1.28097 0.45154 0.49533 204.16 128 42.5 7.5 8 7.5 25 7.5 8 25 25 25 42.5 25 8 42 25 42 42.5 42 
1 Juve 1.28763 0.44518 0.50897 183.01 106.6 25 42 8 7.5 25 7.5 42.5 7.5 8 25 25 25 42.5 25 8 42 42.5 42 
1 Juve 1.25498 0.44205 0.48921 259.18 147.4 8 7.5 25 7.5 42.5 7.5 8 25 25 25 42.5 25 8 42 25 42 42.5 42 
1 Juve 1.2506 0.43825 0.48943 221.36 126.55 42.5 25 8 7.5 25 7.5 42.5 7.5 8 25 25 25 8 42 25 42 42.5 42 
1 Juve 1.15076 0.3997 0.44987 216.44 129.18 25 42 8 7.5 25 7.5 42.5 7.5 8 25 25 25 42.5 25 8 42 42.5 42 
1 Juve 1.28214 0.45324 0.49855 210.05 125.6 25 25 8 7.5 25 7.5 42.5 7.5 8 25 42.5 25 8 42 25 42 42.5 42 
1 Juve 1.23673 0.4338 0.49063 179.92 102.2 8 42 8 7.5 25 7.5 42.5 7.5 8 25 25 25 42.5 25 25 42 42.5 42 
1 Juve 1.10916 0.38919 0.43464 187.01 110 8 42 8 7.5 25 7.5 42.5 7.5 8 25 25 25 42.5 25 25 42 42.5 42 
1 Juve 1.08687 0.38168 0.42386 196.08 116.2 8 42 8 7.5 25 7.5 42.5 7.5 8 25 25 25 42.5 25 25 42 42.5 42 
1 Juve 1.07182 0.37612 0.41709 179.35 104 8 42 8 7.5 25 7.5 42.5 7.5 8 25 25 25 42.5 25 25 42 42.5 42 
1 Juve 1.11909 0.39125 0.43885 211.32 122.4 25 42 8 7.5 25 7.5 42.5 7.5 8 25 25 25 42.5 25 8 42 42.5 42 
1 Juve 1.09803 0.38927 0.42736 196.87 119.2 25 42 8 7.5 25 7.5 42.5 7.5 8 25 25 25 42.5 25 8 42 42.5 42 
1 Juve 1.16263 0.4099 0.44924 206.15 116.6 8 7.5 25 7.5 42.5 7.5 8 25 25 25 42.5 25 8 42 25 42 42.5 42 
1 Juve 1.16254 0.41098 0.45724 187.92 111.2 8 7.5 25 7.5 42.5 7.5 8 25 25 25 42.5 25 8 42 25 42 42.5 42 
1 Juve 1.09252 0.38113 0.42635 188.98 106.8 8 7.5 25 7.5 42.5 7.5 8 25 25 25 42.5 25 8 42 25 42 42.5 42 
1 Juve 1.14312 0.39968 0.44662 204.87 124.49 42.5 42 8 7.5 25 7.5 42.5 7.5 8 25 25 25 42.5 25 8 42 25 42 
1 Juve 1.05365 0.36723 0.40825 184.32 105.4 8 7.5 25 7.5 42.5 7.5 8 25 25 25 42.5 25 8 42 25 42 42.5 42 
1 Juve 1.14488 0.39854 0.44918 192.41 115.6 25 7.5 8 7.5 42.5 7.5 8 25 25 25 42.5 25 8 42 25 42 42.5 42 
1 Juve 1.14253 0.3981 0.44991 196.01 114.2 25 42 8 7.5 25 7.5 42.5 7.5 8 25 25 25 42.5 25 8 42 42.5 42 
1 Juve 1.15052 0.40556 0.44604 185.16 110.8 8 25 8 7.5 25 7.5 42.5 7.5 25 25 42.5 25 8 42 25 42 42.5 42 
1 Juve 1.12154 0.39341 0.43669 197.9 114.8 25 7.5 8 7.5 42.5 7.5 8 25 25 25 42.5 25 8 42 25 42 42.5 42 
1 Juve 1.05237 0.36659 0.41442 242.59 141 42.5 25 8 7.5 25 7.5 42.5 7.5 8 25 25 25 8 42 25 42 42.5 42 
1 Juve 1.35197 0.47655 0.51653 195.59 112.73 25 42 8 7.5 25 7.5 42.5 7.5 8 25 25 25 42.5 25 8 42 42.5 42 
1 Juve 1.27943 0.45164 0.49628 180.86 104.2 8 7.5 25 7.5 42.5 7.5 8 25 25 25 42.5 25 8 42 25 42 42.5 42 
1 Juve 1.08453 0.38247 0.41742 187.66 106 8 42 8 7.5 25 7.5 42.5 7.5 8 25 25 25 42.5 25 25 42 42.5 42 
1 Juve 1.10608 0.38448 0.42895 196.32 113.6 25 7.5 8 7.5 42.5 7.5 8 25 25 25 42.5 25 8 42 25 42 42.5 42 
1 Juve 1.28348 0.44869 0.49846 199.39 118.4 25 7.5 8 7.5 42.5 7.5 8 25 25 25 42.5 25 8 42 25 42 42.5 42 
1 Juve 1.34861 0.47529 0.512 178.14 102.2 25 25 8 7.5 25 7.5 42.5 7.5 8 25 42.5 25 8 42 25 42 42.5 42 
1 Juve 1.07036 0.37592 0.41432 202.37 115.6 42.5 25 8 7.5 25 7.5 42.5 7.5 8 25 25 25 8 42 25 42 42.5 42 
1 Juve 1.28399 0.45149 0.49398 189.64 106.6 8 42 8 7.5 25 7.5 42.5 7.5 8 25 25 25 42.5 25 25 42 42.5 42 
1 Juve 1.05823 0.36748 0.41149 178.97 103.6 8 42 8 7.5 25 7.5 42.5 7.5 8 25 25 25 42.5 25 25 42 42.5 42 
1 Juve 1.07898 0.37725 0.42105 190.12 108 42.5 42 8 7.5 25 7.5 42.5 7.5 8 25 25 25 42.5 25 8 42 25 42 
1 Juve 1.08589 0.3771 0.43293 214.05 127 8 42 8 7.5 25 7.5 42.5 7.5 8 25 25 25 42.5 25 25 42 42.5 42 
1 Juve 1.04639 0.36654 0.40863 186.06 110.8 25 42 8 7.5 25 7.5 42.5 7.5 8 25 25 25 42.5 25 8 42 42.5 42 
1 Juve 1.07875 0.37638 0.42463 187.81 110 42.5 7.5 8 7.5 25 7.5 8 25 25 25 42.5 25 8 42 25 42 42.5 42 
1 Juve 1.12363 0.39411 0.44031 197.31 115.6 8 7.5 25 7.5 42.5 7.5 8 25 25 25 42.5 25 8 42 25 42 42.5 42 
1 Juve 1.12684 0.39534 0.43615 190.97 107.8 42.5 42 8 7.5 25 7.5 42.5 7.5 8 25 25 25 42.5 25 8 42 25 42 
1 Juve 1.14458 0.40064 0.44184 180.57 103.28 8 42 8 7.5 25 7.5 42.5 7.5 8 25 25 25 42.5 25 25 42 42.5 42 
1 Juve 1.07444 0.3794 0.42136 208.3 123.6 8 42 8 7.5 25 7.5 42.5 7.5 8 25 25 25 42.5 25 25 42 42.5 42 
1 Juve 1.05617 0.36251 0.41976 196.62 114 25 7.5 8 7.5 42.5 7.5 8 25 25 25 42.5 25 8 42 25 42 42.5 42 
1 Juve 1.12473 0.39172 0.44279 192.26 113.39 25 42 8 7.5 25 7.5 42.5 7.5 8 25 25 25 42.5 25 8 42 42.5 42 
1 Juve 1.14908 0.40633 0.44625 194.13 112.2 42.5 42 8 7.5 25 7.5 42.5 7.5 8 25 25 25 42.5 25 8 42 25 42 
1 Juve 1.31084 0.46072 0.50719 245.09 138.2 8 25 8 7.5 25 7.5 42.5 7.5 25 25 42.5 25 8 42 25 42 42.5 42 
1 Juve 1.12931 0.39095 0.43859 195.22 115.68 42.5 42 8 7.5 25 7.5 42.5 7.5 8 25 25 25 42.5 25 8 42 25 42 
1 Juve 1.25274 0.4347 0.47859 201.5 121.4 25 42 8 7.5 25 7.5 42.5 7.5 8 25 25 25 42.5 25 8 42 42.5 42 
1 Juve 1.08722 0.37631 0.42513 214.14 122.8 25 7.5 8 7.5 42.5 7.5 8 25 25 25 42.5 25 8 42 25 42 42.5 42 
1 Juve 1.07485 0.37448 0.41908 189.72 111 42.5 25 8 7.5 25 7.5 42.5 7.5 8 25 25 25 8 42 25 42 42.5 42 
1 Juve 1.28161 0.44918 0.49646 206.48 115.4 25 7.5 8 7.5 42.5 7.5 8 25 25 25 42.5 25 8 42 25 42 42.5 42 
1 Juve 1.27381 0.44967 0.49293 227.98 135.4 8 25 8 7.5 25 7.5 42.5 7.5 25 25 42.5 25 8 42 25 42 42.5 42 
1 Juve 1.13906 0.40001 0.44188 180.76 104 8 42 8 7.5 25 7.5 42.5 7.5 8 25 25 25 42.5 25 25 42 42.5 42 
1 Juve 1.08335 0.38083 0.42114 194.11 109.6 25 25 8 7.5 25 7.5 42.5 7.5 8 25 42.5 25 8 42 25 42 42.5 42 
1 Juve 1.29662 0.45622 0.50064 193.23 110.4 42.5 25 8 7.5 25 7.5 42.5 7.5 8 25 25 25 8 42 25 42 42.5 42 
1 Juve 1.13998 0.39958 0.44536 181.96 103.6 8 25 8 7.5 25 7.5 42.5 7.5 25 25 42.5 25 8 42 25 42 42.5 42 
1 Juve 1.20693 0.42391 0.46952 199.03 118.8 8 7.5 25 7.5 42.5 7.5 8 25 25 25 42.5 25 8 42 25 42 42.5 42 
1 Juve 1.28081 0.4511 0.49612 210.96 129 25 7.5 8 7.5 42.5 7.5 8 25 25 25 42.5 25 8 42 25 42 42.5 42 
1 Juve 1.26848 0.44552 0.4881 173.28 95.8 25 25 8 7.5 25 7.5 42.5 7.5 8 25 42.5 25 8 42 25 42 42.5 42 
1 Juve 1.22418 0.43045 0.47727 203.97 114.4 25 7.5 8 7.5 42.5 7.5 8 25 25 25 42.5 25 8 42 25 42 42.5 42 
1 Juve 1.31665 0.47061 0.5122 177.11 100 8 25 8 7.5 25 7.5 42.5 7.5 25 25 42.5 25 8 42 25 42 42.5 42 
1 Juve 1.08552 0.37876 0.42126 195.53 115.8 42.5 42 8 7.5 25 7.5 42.5 7.5 8 25 25 25 42.5 25 8 42 25 42 
1 Juve 1.29509 0.45572 0.5033 227.52 133 42.5 25 8 7.5 25 7.5 42.5 7.5 8 25 25 25 8 42 25 42 42.5 42 
1 Juve 1.29894 0.457 0.51051 197.79 112.6 25 42 8 7.5 25 7.5 42.5 7.5 8 25 25 25 42.5 25 8 42 42.5 42 
1 Juve 1.23796 0.43477 0.48168 195.08 110.2 42.5 42 8 7.5 25 7.5 42.5 7.5 8 25 25 25 42.5 25 8 42 25 42 
1 Juve 1.28501 0.45219 0.50035 200.82 117 42.5 25 8 7.5 25 7.5 42.5 7.5 8 25 25 25 8 42 25 42 42.5 42 
1 Juve 1.32008 0.46137 0.50871 177.92 103.2 25 25 8 7.5 25 7.5 42.5 7.5 8 25 42.5 25 8 42 25 42 42.5 42 
1 Juve 1.25993 0.44745 0.48655 207.31 122.2 8 42 8 7.5 25 7.5 42.5 7.5 8 25 25 25 42.5 25 25 42 42.5 42 
1 Juve 1.04216 0.36358 0.40303 172.92 97 42.5 7.5 8 7.5 25 7.5 8 25 25 25 42.5 25 8 42 25 42 42.5 42 
1 Juve 1.19681 0.42071 0.46523 221.11 129.2 8 7.5 25 7.5 42.5 7.5 8 25 25 25 42.5 25 8 42 25 42 42.5 42 
1 Juve 1.07462 0.37613 0.41806 185.02 108 25 42 8 7.5 25 7.5 42.5 7.5 8 25 25 25 42.5 25 8 42 42.5 42 
1 Juve 1.31219 0.45798 0.51508 197.11 116 8 42 8 7.5 25 7.5 42.5 7.5 8 25 25 25 42.5 25 25 42 42.5 42 
1 Juve 1.2723 0.4462 0.49348 225.19 128 25 7.5 8 7.5 42.5 7.5 8 25 25 25 42.5 25 8 42 25 42 42.5 42 
1 Juve 1.09974 0.38458 0.42545 187.62 109.6 25 42 8 7.5 25 7.5 42.5 7.5 8 25 25 25 42.5 25 8 42 42.5 42 
1 Juve 1.00457 0.3487 0.39478 236.69 138.6 42.5 25 8 7.5 25 7.5 42.5 7.5 8 25 25 25 8 42 25 42 42.5 42 
1 Juve 1.26658 0.44476 0.49155 215.76 126.6 8 25 8 7.5 25 7.5 42.5 7.5 25 25 42.5 25 8 42 25 42 42.5 42 
1 Juve 1.14666 0.40169 0.45042 185.07 111.8 25 25 8 7.5 25 7.5 42.5 7.5 8 25 42.5 25 8 42 25 42 42.5 42 
1 Juve 1.2619 0.44559 0.48688 182.73 101 25 25 8 7.5 25 7.5 42.5 7.5 8 25 42.5 25 8 42 25 42 42.5 42 
1 Juve 1.07536 0.37425 0.41426 208.76 125.6 8 25 8 7.5 25 7.5 42.5 7.5 25 25 42.5 25 8 42 25 42 42.5 42 
1 Juve 1.21896 0.42909 0.47112 198.86 112.8 25 42 8 7.5 25 7.5 42.5 7.5 8 25 25 25 42.5 25 8 42 42.5 42 
1 Juve 1.20645 0.42574 0.46637 201.35 113.03 8 7.5 25 7.5 42.5 7.5 8 25 25 25 42.5 25 8 42 25 42 42.5 42 
1 Juve 1.24105 0.43489 0.48239 201.73 115 25 7.5 8 7.5 42.5 7.5 8 25 25 25 42.5 25 8 42 25 42 42.5 42 
1 Juve 1.25803 0.44278 0.48461 185.16 112.4 42.5 7.5 8 7.5 25 7.5 8 25 25 25 42.5 25 8 42 25 42 42.5 42 
1 Juve 1.31045 0.46133 0.50689 203.86 112.4 8 42 8 7.5 25 7.5 42.5 7.5 8 25 25 25 42.5 25 25 42 42.5 42 
1 Juve 1.28547 0.45417 0.49651 186.21 110.2 8 25 8 7.5 25 7.5 42.5 7.5 25 25 42.5 25 8 42 25 42 42.5 42 
1 Juve 1.04474 0.36951 0.41211 195.53 114.4 8 7.5 25 7.5 42.5 7.5 8 25 25 25 42.5 25 8 42 25 42 42.5 42 
1 Juve 1.0293 0.36384 0.4009 184.17 107.2 8 42 8 7.5 25 7.5 42.5 7.5 8 25 25 25 42.5 25 25 42 42.5 42 
1 Juve 1.09941 0.38047 0.42978 202.47 115.2 42.5 25 8 7.5 25 7.5 42.5 7.5 8 25 25 25 8 42 25 42 42.5 42 
1 Juve 1.2767 0.45011 0.49663 227.38 127.2 8 25 8 7.5 25 7.5 42.5 7.5 25 25 42.5 25 8 42 25 42 42.5 42 
1 Juve 1.27061 0.4487 0.4913 181.46 100.8 25 25 8 7.5 25 7.5 42.5 7.5 8 25 42.5 25 8 42 25 42 42.5 42 
1 Juve 1.28469 0.45054 0.4963 178.11 103.2 8 42 8 7.5 25 7.5 42.5 7.5 8 25 25 25 42.5 25 25 42 42.5 42 
1 Juve 1.13281 0.39694 0.43691 185.31 108.4 42.5 7.5 8 7.5 25 7.5 8 25 25 25 42.5 25 8 42 25 42 42.5 42 
1 Juve 1.16507 0.40852 0.45676 219.7 137.4 8 7.5 25 7.5 42.5 7.5 8 25 25 25 42.5 25 8 42 25 42 42.5 42 
1 Juve 1.31506 0.46008 0.50752 192.43 110.2 25 7.5 8 7.5 42.5 7.5 8 25 25 25 42.5 25 8 42 25 42 42.5 42 
1 Juve 1.24289 0.44029 0.48164 218.96 128.6 25 42 8 7.5 25 7.5 42.5 7.5 8 25 25 25 42.5 25 8 42 42.5 42 
1 Juve 1.29429 0.45633 0.49865 185.76 116.6 8 7.5 25 7.5 42.5 7.5 8 25 25 25 42.5 25 8 42 25 42 42.5 42 
1 Juve 1.30682 0.46182 0.50751 204.78 118.4 25 42 8 7.5 25 7.5 42.5 7.5 8 25 25 25 42.5 25 8 42 42.5 42 
1 Juve 0.795202 0.27643 0.3101 172.4 98.4 25 42 8 7.5 25 7.5 42.5 7.5 8 25 25 25 42.5 25 8 42 42.5 42 
