1 Juve 1.297 0.46074 0.50415 164.04 96 32.5 33 16 17.5 25 10 34 17.5 12.5 25 25 25 37.5 25 17.5 33 25 40 
1 Juve 1.22565 0.4347 0.48036 182.14 105.4 25 10 16 17.5 34 17.5 12.5 25 25 25 37.5 25 17.5 33 25 40 32.5 33 
1 Juve 1.27782 0.44979 0.50176 201.29 120.8 37.5 25 16 17.5 25 10 34 17.5 12.5 25 25 25 17.5 33 25 40 32.5 33 
1 Juve 1.28868 0.45783 0.49616 162.32 95.8 32.5 33 16 17.5 25 10 34 17.5 12.5 25 25 25 37.5 25 17.5 33 25 40 
1 Juve 1.09893 0.38937 0.43266 171.05 104.8 25 40 16 17.5 25 10 34 17.5 12.5 25 25 25 37.5 25 17.5 33 32.5 33 
1 Juve 1.16452 0.41327 0.45578 173.56 106.6 17.5 33 16 17.5 25 10 34 17.5 12.5 25 25 25 37.5 25 25 40 32.5 33 
1 Juve 1.14509 0.4047 0.44989 163.57 95.2 17.5 33 16 17.5 25 10 34 17.5 12.5 25 25 25 37.5 25 25 40 32.5 33 
1 Juve 1.19077 0.42084 0.46407 172.98 103.2 34 17.5 16 17.5 25 10 12.5 25 25 25 37.5 25 17.5 33 25 40 32.5 33 
1 Juve 1.10671 0.3881 0.43695 190.53 116 32.5 33 16 17.5 25 10 34 17.5 12.5 25 25 25 37.5 25 17.5 33 25 40 
1 Juve 1.28697 0.4557 0.49641 177.78 106.8 17.5 33 16 17.5 25 10 34 17.5 12.5 25 25 25 37.5 25 25 40 32.5 33 
1 Juve 1.30625 0.46147 0.50795 171.2 101 25 40 16 17.5 25 10 34 17.5 12.5 25 25 25 37.5 25 17.5 33 32.5 33 
1 Juve 1.28045 0.45221 0.49783 172.48 103.8 17.5 33 16 17.5 25 10 34 17.5 12.5 25 25 25 37.5 25 25 40 32.5 33 
1 Juve 1.31839 0.46617 0.5148 206.33 121.2 37.5 25 16 17.5 25 10 34 17.5 12.5 25 25 25 17.5 33 25 40 32.5 33 
1 Juve 1.26528 0.447 0.49281 175.38 110.8 25 10 16 17.5 34 17.5 12.5 25 25 25 37.5 25 17.5 33 25 40 32.5 33 
1 Juve 1.27266 0.45104 0.4914 174.12 103.4 16 17.5 25 10 34 17.5 12.5 25 25 25 37.5 25 17.5 33 25 40 32.5 33 
1 Juve 1.27891 0.45085 0.49703 183.08 110.6 25 40 16 17.5 25 10 34 17.5 12.5 25 25 25 37.5 25 17.5 33 32.5 33 
1 Juve 1.27304 0.45199 0.49546 232.12 133 12.5 25 16 17.5 25 10 34 17.5 25 25 37.5 25 17.5 33 25 40 32.5 33 
1 Juve 1.26275 0.44891 0.48955 172.33 105.8 25 25 16 17.5 25 10 34 17.5 12.5 25 37.5 25 17.5 33 25 40 32.5 33 
1 Juve 1.33091 0.47144 0.51656 171.67 106.4 34 17.5 16 17.5 25 10 12.5 25 25 25 37.5 25 17.5 33 25 40 32.5 33 
1 Juve 1.26717 0.44883 0.49123 172.54 103.2 32.5 33 16 17.5 25 10 34 17.5 12.5 25 25 25 37.5 25 17.5 33 25 40 
1 Juve 1.27547 0.45253 0.49672 167.7 103 12.5 25 16 17.5 25 10 34 17.5 25 25 37.5 25 17.5 33 25 40 32.5 33 
1 Juve 1.27394 0.44808 0.4961 181.47 106.2 25 40 16 17.5 25 10 34 17.5 12.5 25 25 25 37.5 25 17.5 33 32.5 33 
1 Juve 1.08347 0.38226 0.42557 161.07 93 12.5 25 16 17.5 25 10 34 17.5 25 25 37.5 25 17.5 33 25 40 32.5 33 
1 Juve 1.27024 0.45093 0.49241 176.96 101.14 34 17.5 16 17.5 25 10 12.5 25 25 25 37.5 25 17.5 33 25 40 32.5 33 
1 Juve 1.32125 0.46831 0.51039 178.04 104.4 25 10 16 17.5 34 17.5 12.5 25 25 25 37.5 25 17.5 33 25 40 32.5 33 
1 Juve 1.32743 0.46767 0.51584 215.84 126.2 25 25 16 17.5 25 10 34 17.5 12.5 25 37.5 25 17.5 33 25 40 32.5 33 
1 Juve 1.30599 0.46082 0.50632 155.78 93.2 16 17.5 25 10 34 17.5 12.5 25 25 25 37.5 25 17.5 33 25 40 32.5 33 
1 Juve 1.28199 0.45294 0.49351 172.59 103.6 12.5 25 16 17.5 25 10 34 17.5 25 25 37.5 25 17.5 33 25 40 32.5 33 
1 Juve 1.04314 0.36324 0.41126 187.41 112.8 12.5 25 16 17.5 25 10 34 17.5 25 25 37.5 25 17.5 33 25 40 32.5 33 
1 Juve 1.10439 0.38523 0.42855 174.56 108.4 16 17.5 25 10 34 17.5 12.5 25 25 25 37.5 25 17.5 33 25 40 32.5 33 
1 Juve 1.28084 0.45189 0.49855 184.69 110 34 17.5 16 17.5 25 10 12.5 25 25 25 37.5 25 17.5 33 25 40 32.5 33 
1 Juve 1.32048 0.46583 0.51498 176.37 107.8 25 40 16 17.5 25 10 34 17.5 12.5 25 25 25 37.5 25 17.5 33 32.5 33 
1 Juve 1.12124 0.39499 0.43915 198.64 120.2 25 40 16 17.5 25 10 34 17.5 12.5 25 25 25 37.5 25 17.5 33 32.5 33 
1 Juve 1.26818 0.44647 0.49189 160.79 96.8 34 17.5 16 17.5 25 10 12.5 25 25 25 37.5 25 17.5 33 25 40 32.5 33 
1 Juve 1.26247 0.44628 0.49102 180.03 110.6 32.5 33 16 17.5 25 10 34 17.5 12.5 25 25 25 37.5 25 17.5 33 25 40 
1 Juve 1.2738 0.45189 0.48787 159.48 93.4 16 17.5 25 10 34 17.5 12.5 25 25 25 37.5 25 17.5 33 25 40 32.5 33 
1 Juve 1.26575 0.44936 0.48985 171 99.8 12.5 25 16 17.5 25 10 34 17.5 25 25 37.5 25 17.5 33 25 40 32.5 33 
1 Juve 1.15748 0.40952 0.44973 188.98 112.19 25 25 16 17.5 25 10 34 17.5 12.5 25 37.5 25 17.5 33 25 40 32.5 33 
1 Juve 1.28904 0.45487 0.50183 176.69 106.4 12.5 25 16 17.5 25 10 34 17.5 25 25 37.5 25 17.5 33 25 40 32.5 33 
1 Juve 1.33914 0.47141 0.52728 190.55 119.2 25 40 16 17.5 25 10 34 17.5 12.5 25 25 25 37.5 25 17.5 33 32.5 33 
1 Juve 1.06223 0.36993 0.41253 175.88 110 37.5 25 16 17.5 25 10 34 17.5 12.5 25 25 25 17.5 33 25 40 32.5 33 
1 Juve 1.10527 0.38468 0.42727 160.86 94.4 12.5 25 16 17.5 25 10 34 17.5 25 25 37.5 25 17.5 33 25 40 32.5 33 
1 Juve 1.33359 0.47186 0.51754 214.66 127.2 37.5 25 16 17.5 25 10 34 17.5 12.5 25 25 25 17.5 33 25 40 32.5 33 
1 Juve 1.30961 0.46128 0.50786 205.04 122 25 25 16 17.5 25 10 34 17.5 12.5 25 37.5 25 17.5 33 25 40 32.5 33 
1 Juve 1.12544 0.40032 0.44746 223.98 136.8 17.5 33 16 17.5 25 10 34 17.5 12.5 25 25 25 37.5 25 25 40 32.5 33 
1 Juve 1.27214 0.45065 0.48946 170.84 100.8 37.5 25 16 17.5 25 10 34 17.5 12.5 25 25 25 17.5 33 25 40 32.5 33 
1 Juve 1.11089 0.3896 0.43276 156.06 91.2 17.5 33 16 17.5 25 10 34 17.5 12.5 25 25 25 37.5 25 25 40 32.5 33 
1 Juve 1.09791 0.38328 0.42651 158.11 96 16 17.5 25 10 34 17.5 12.5 25 25 25 37.5 25 17.5 33 25 40 32.5 33 
1 Juve 1.11135 0.3943 0.43683 203.42 117.2 16 17.5 25 10 34 17.5 12.5 25 25 25 37.5 25 17.5 33 25 40 32.5 33 
1 Juve 1.30576 0.46164 0.50614 199.55 117.2 17.5 33 16 17.5 25 10 34 17.5 12.5 25 25 25 37.5 25 25 40 32.5 33 
1 Juve 1.28195 0.4561 0.49354 182.54 104.2 37.5 25 16 17.5 25 10 34 17.5 12.5 25 25 25 17.5 33 25 40 32.5 33 
1 Juve 1.30134 0.45897 0.50588 193.3 112 37.5 25 16 17.5 25 10 34 17.5 12.5 25 25 25 17.5 33 25 40 32.5 33 
1 Juve 1.26324 0.44733 0.49156 169.17 98.8 32.5 33 16 17.5 25 10 34 17.5 12.5 25 25 25 37.5 25 17.5 33 25 40 
1 Juve 1.32414 0.46808 0.51115 175.08 97.8 25 25 16 17.5 25 10 34 17.5 12.5 25 37.5 25 17.5 33 25 40 32.5 33 
1 Juve 1.13046 0.39345 0.4412 168.25 102.6 16 17.5 25 10 34 17.5 12.5 25 25 25 37.5 25 17.5 33 25 40 32.5 33 
1 Juve 1.29593 0.45967 0.50592 179.18 103.4 12.5 25 16 17.5 25 10 34 17.5 25 25 37.5 25 17.5 33 25 40 32.5 33 
1 Juve 1.31005 0.46404 0.50832 176.57 102.8 37.5 25 16 17.5 25 10 34 17.5 12.5 25 25 25 17.5 33 25 40 32.5 33 
1 Juve 1.27527 0.45008 0.4964 170.48 100.6 25 10 16 17.5 34 17.5 12.5 25 25 25 37.5 25 17.5 33 25 40 32.5 33 
1 Juve 1.28107 0.45105 0.50005 185.51 119 37.5 25 16 17.5 25 10 34 17.5 12.5 25 25 25 17.5 33 25 40 32.5 33 
1 Juve 1.2964 0.45793 0.50006 163.78 94.4 16 17.5 25 10 34 17.5 12.5 25 25 25 37.5 25 17.5 33 25 40 32.5 33 
1 Juve 1.26438 0.44708 0.48687 164.56 99.8 32.5 33 16 17.5 25 10 34 17.5 12.5 25 25 25 37.5 25 17.5 33 25 40 
1 Juve 1.37617 0.48713 0.53718 172.69 105.2 17.5 33 16 17.5 25 10 34 17.5 12.5 25 25 25 37.5 25 25 40 32.5 33 
1 Juve 1.07274 0.37519 0.41699 223.21 133.6 16 17.5 25 10 34 17.5 12.5 25 25 25 37.5 25 17.5 33 25 40 32.5 33 
1 Juve 1.12371 0.39801 0.43905 193.51 117.2 16 17.5 25 10 34 17.5 12.5 25 25 25 37.5 25 17.5 33 25 40 32.5 33 
1 Juve 1.17215 0.41113 0.45458 153.01 88.2 16 17.5 25 10 34 17.5 12.5 25 25 25 37.5 25 17.5 33 25 40 32.5 33 
1 Juve 1.11412 0.38954 0.43355 200.11 120.4 25 25 16 17.5 25 10 34 17.5 12.5 25 37.5 25 17.5 33 25 40 32.5 33 
1 Juve 1.14353 0.40178 0.45039 188.03 110.6 32.5 33 16 17.5 25 10 34 17.5 12.5 25 25 25 37.5 25 17.5 33 25 40 
1 Juve 1.11267 0.38693 0.43558 166.05 102.4 32.5 33 16 17.5 25 10 34 17.5 12.5 25 25 25 37.5 25 17.5 33 25 40 
1 Juve 1.14641 0.40272 0.44557 207.07 121.8 25 10 16 17.5 34 17.5 12.5 25 25 25 37.5 25 17.5 33 25 40 32.5 33 
1 Juve 1.15241 0.40295 0.44614 159.05 92.4 16 17.5 25 10 34 17.5 12.5 25 25 25 37.5 25 17.5 33 25 40 32.5 33 
1 Juve 1.29549 0.4604 0.50137 192.11 112.8 25 25 16 17.5 25 10 34 17.5 12.5 25 37.5 25 17.5 33 25 40 32.5 33 
1 Juve 1.32721 0.46879 0.51831 163.82 101.2 17.5 33 16 17.5 25 10 34 17.5 12.5 25 25 25 37.5 25 25 40 32.5 33 
1 Juve 1.27929 0.45463 0.49478 184.83 111.4 25 10 16 17.5 34 17.5 12.5 25 25 25 37.5 25 17.5 33 25 40 32.5 33 
1 Juve 1.24089 0.44114 0.4831 169.91 102.39 34 17.5 16 17.5 25 10 12.5 25 25 25 37.5 25 17.5 33 25 40 32.5 33 
1 Juve 1.26824 0.44923 0.48926 198.52 115.4 12.5 25 16 17.5 25 10 34 17.5 25 25 37.5 25 17.5 33 25 40 32.5 33 
1 Juve 1.27741 0.45236 0.49743 254.26 147 12.5 25 16 17.5 25 10 34 17.5 25 25 37.5 25 17.5 33 25 40 32.5 33 
1 Juve 1.09215 0.3801 0.42247 175.69 107.4 34 17.5 16 17.5 25 10 12.5 25 25 25 37.5 25 17.5 33 25 40 32.5 33 
1 Juve 1.25993 0.44521 0.48757 191.06 112.75 25 10 16 17.5 34 17.5 12.5 25 25 25 37.5 25 17.5 33 25 40 32.5 33 
1 Juve 1.13675 0.40124 0.44218 177.31 105.8 37.5 25 16 17.5 25 10 34 17.5 12.5 25 25 25 17.5 33 25 40 32.5 33 
1 Juve 1.28775 0.45077 0.5092 169.7 103.2 37.5 25 16 17.5 25 10 34 17.5 12.5 25 25 25 17.5 33 25 40 32.5 33 
1 Juve 1.20808 0.42326 0.46969 178.46 106.6 34 17.5 16 17.5 25 10 12.5 25 25 25 37.5 25 17.5 33 25 40 32.5 33 
1 Juve 1.14508 0.40018 0.44894 175.85 103.8 12.5 25 16 17.5 25 10 34 17.5 25 25 37.5 25 17.5 33 25 40 32.5 33 
1 Juve 1.16829 0.41266 0.44887 200.98 118 25 25 16 17.5 25 10 34 17.5 12.5 25 37.5 25 17.5 33 25 40 32.5 33 
1 Juve 1.1689 0.40863 0.45338 207.2 121 34 17.5 16 17.5 25 10 12.5 25 25 25 37.5 25 17.5 33 25 40 32.5 33 
1 Juve 1.27271 0.44622 0.49604 163.29 97.4 34 17.5 16 17.5 25 10 12.5 25 25 25 37.5 25 17.5 33 25 40 32.5 33 
1 Juve 1.06171 0.36936 0.41306 174.4 104.4 34 17.5 16 17.5 25 10 12.5 25 25 25 37.5 25 17.5 33 25 40 32.5 33 
1 Juve 1.09004 0.37856 0.42423 162.38 96.6 16 17.5 25 10 34 17.5 12.5 25 25 25 37.5 25 17.5 33 25 40 32.5 33 
1 Juve 1.08586 0.3814 0.42629 176.1 104.2 25 10 16 17.5 34 17.5 12.5 25 25 25 37.5 25 17.5 33 25 40 32.5 33 
1 Juve 1.12613 0.39171 0.44385 176.88 101.6 25 40 16 17.5 25 10 34 17.5 12.5 25 25 25 37.5 25 17.5 33 32.5 33 
1 Juve 1.19247 0.42322 0.46596 177.61 103.4 32.5 33 16 17.5 25 10 34 17.5 12.5 25 25 25 37.5 25 17.5 33 25 40 
1 Juve 1.13091 0.39882 0.44145 182.48 108.2 37.5 25 16 17.5 25 10 34 17.5 12.5 25 25 25 17.5 33 25 40 32.5 33 
1 Juve 1.1433 0.40444 0.44494 181.06 108.4 25 25 16 17.5 25 10 34 17.5 12.5 25 37.5 25 17.5 33 25 40 32.5 33 
1 Juve 1.12959 0.39541 0.43693 210.96 124.8 34 17.5 16 17.5 25 10 12.5 25 25 25 37.5 25 17.5 33 25 40 32.5 33 
1 Juve 1.17352 0.41468 0.45645 237.8 132 25 10 16 17.5 34 17.5 12.5 25 25 25 37.5 25 17.5 33 25 40 32.5 33 
1 Juve 1.11834 0.39096 0.43436 166.73 100.8 32.5 33 16 17.5 25 10 34 17.5 12.5 25 25 25 37.5 25 17.5 33 25 40 
1 Juve 1.06497 0.37084 0.4131 189.27 112.8 17.5 33 16 17.5 25 10 34 17.5 12.5 25 25 25 37.5 25 25 40 32.5 33 
1 Juve 1.13386 0.39436 0.44217 179.45 104.4 34 17.5 16 17.5 25 10 12.5 25 25 25 37.5 25 17.5 33 25 40 32.5 33 
1 Juve 1.04524 0.36458 0.40546 177.45 103.6 37.5 25 16 17.5 25 10 34 17.5 12.5 25 25 25 17.5 33 25 40 32.5 33 
1 Juve 1.09164 0.38154 0.42218 166.54 99.2 37.5 25 16 17.5 25 10 34 17.5 12.5 25 25 25 17.5 33 25 40 32.5 33 
1 Juve 1.17952 0.41762 0.46125 183.43 105.4 34 17.5 16 17.5 25 10 12.5 25 25 25 37.5 25 17.5 33 25 40 32.5 33 
1 Juve 1.17459 0.4153 0.45487 199.68 116.4 12.5 25 16 17.5 25 10 34 17.5 25 25 37.5 25 17.5 33 25 40 32.5 33 
1 Juve 1.17822 0.41617 0.46156 160.49 91.8 32.5 33 16 17.5 25 10 34 17.5 12.5 25 25 25 37.5 25 17.5 33 25 40 
1 Juve 1.03296 0.35916 0.40236 179.68 105 25 25 16 17.5 25 10 34 17.5 12.5 25 37.5 25 17.5 33 25 40 32.5 33 
1 Juve 1.17104 0.41216 0.45988 186.68 115 16 17.5 25 10 34 17.5 12.5 25 25 25 37.5 25 17.5 33 25 40 32.5 33 
1 Juve 1.1203 0.39215 0.44177 249.11 143.2 25 25 16 17.5 25 10 34 17.5 12.5 25 37.5 25 17.5 33 25 40 32.5 33 
1 Juve 1.17716 0.41657 0.4583 169.72 98.2 25 25 16 17.5 25 10 34 17.5 12.5 25 37.5 25 17.5 33 25 40 32.5 33 
1 Juve 1.12313 0.39296 0.43366 182.83 107.8 32.5 33 16 17.5 25 10 34 17.5 12.5 25 25 25 37.5 25 17.5 33 25 40 
1 Juve 1.13048 0.39735 0.43811 159.93 91.2 12.5 25 16 17.5 25 10 34 17.5 25 25 37.5 25 17.5 33 25 40 32.5 33 
1 Juve 1.27825 0.45269 0.49411 169.28 97.4 32.5 33 16 17.5 25 10 34 17.5 12.5 25 25 25 37.5 25 17.5 33 25 40 
1 Juve 1.16865 0.41214 0.45789 185.95 108.6 25 25 16 17.5 25 10 34 17.5 12.5 25 37.5 25 17.5 33 25 40 32.5 33 
1 Juve 1.12154 0.39464 0.4402 175.12 108.4 25 10 16 17.5 34 17.5 12.5 25 25 25 37.5 25 17.5 33 25 40 32.5 33 
1 Juve 1.12615 0.39515 0.43119 182.05 108.2 25 25 16 17.5 25 10 34 17.5 12.5 25 37.5 25 17.5 33 25 40 32.5 33 
1 Juve 1.16425 0.41079 0.45387 167.52 99.8 32.5 33 16 17.5 25 10 34 17.5 12.5 25 25 25 37.5 25 17.5 33 25 40 
1 Juve 1.08936 0.38025 0.41984 167.46 104.2 17.5 33 16 17.5 25 10 34 17.5 12.5 25 25 25 37.5 25 25 40 32.5 33 
1 Juve 1.13111 0.39793 0.44689 167.53 95.8 34 17.5 16 17.5 25 10 12.5 25 25 25 37.5 25 17.5 33 25 40 32.5 33 
1 Juve 1.18429 0.41853 0.46456 201.32 119.6 16 17.5 25 10 34 17.5 12.5 25 25 25 37.5 25 17.5 33 25 40 32.5 33 
1 Juve 1.12668 0.38942 0.44375 186.23 117.4 12.5 25 16 17.5 25 10 34 17.5 25 25 37.5 25 17.5 33 25 40 32.5 33 
1 Juve 1.1118 0.3899 0.43549 235.87 132.6 37.5 25 16 17.5 25 10 34 17.5 12.5 25 25 25 17.5 33 25 40 32.5 33 
1 Juve 1.1887 0.419 0.46573 210.12 125.2 25 40 16 17.5 25 10 34 17.5 12.5 25 25 25 37.5 25 17.5 33 32.5 33 
1 Juve 1.13289 0.39835 0.44614 192.91 114.8 25 40 16 17.5 25 10 34 17.5 12.5 25 25 25 37.5 25 17.5 33 32.5 33 
1 Juve 1.16091 0.41212 0.45072 155.88 89.6 17.5 33 16 17.5 25 10 34 17.5 12.5 25 25 25 37.5 25 25 40 32.5 33 
1 Juve 1.161 0.41028 0.45344 208.82 120.4 25 40 16 17.5 25 10 34 17.5 12.5 25 25 25 37.5 25 17.5 33 32.5 33 
1 Juve 1.11706 0.38955 0.43331 178.42 105.2 25 10 16 17.5 34 17.5 12.5 25 25 25 37.5 25 17.5 33 25 40 32.5 33 
1 Juve 1.17268 0.41658 0.45844 183.18 103.4 25 25 16 17.5 25 10 34 17.5 12.5 25 37.5 25 17.5 33 25 40 32.5 33 
1 Juve 1.09895 0.38554 0.42972 172.6 102.6 17.5 33 16 17.5 25 10 34 17.5 12.5 25 25 25 37.5 25 25 40 32.5 33 
1 Juve 1.25848 0.4449 0.48939 180.82 109 37.5 25 16 17.5 25 10 34 17.5 12.5 25 25 25 17.5 33 25 40 32.5 33 
1 Juve 1.30787 0.4626 0.5055 181.21 104.8 25 25 16 17.5 25 10 34 17.5 12.5 25 37.5 25 17.5 33 25 40 32.5 33 
1 Juve 1.12046 0.3918 0.43565 160.61 93.2 25 10 16 17.5 34 17.5 12.5 25 25 25 37.5 25 17.5 33 25 40 32.5 33 
1 Juve 1.11892 0.38764 0.43285 177.42 107.4 25 40 16 17.5 25 10 34 17.5 12.5 25 25 25 37.5 25 17.5 33 32.5 33 
1 Juve 1.27536 0.45303 0.49467 184.83 108.2 25 25 16 17.5 25 10 34 17.5 12.5 25 37.5 25 17.5 33 25 40 32.5 33 
1 Juve 1.26417 0.44893 0.48849 160.85 91.2 34 17.5 16 17.5 25 10 12.5 25 25 25 37.5 25 17.5 33 25 40 32.5 33 
1 Juve 1.12366 0.39555 0.43855 170.3 101.6 32.5 33 16 17.5 25 10 34 17.5 12.5 25 25 25 37.5 25 17.5 33 25 40 
1 Juve 1.12752 0.39986 0.44511 206.6 120.8 34 17.5 16 17.5 25 10 12.5 25 25 25 37.5 25 17.5 33 25 40 32.5 33 
1 Juve 1.28484 0.4566 0.5019 181.22 105.4 12.5 25 16 17.5 25 10 34 17.5 25 25 37.5 25 17.5 33 25 40 32.5 33 
1 Juve 1.25337 0.44123 0.49223 167.69 98.8 17.5 33 16 17.5 25 10 34 17.5 12.5 25 25 25 37.5 25 25 40 32.5 33 
1 Juve 1.16992 0.41249 0.45361 174.17 101.6 25 10 16 17.5 34 17.5 12.5 25 25 25 37.5 25 17.5 33 25 40 32.5 33 
1 Juve 1.10202 0.38387 0.42737 167.95 101.8 32.5 33 16 17.5 25 10 34 17.5 12.5 25 25 25 37.5 25 17.5 33 25 40 
1 Juve 1.04532 0.36375 0.40774 165.42 96.4 25 10 16 17.5 34 17.5 12.5 25 25 25 37.5 25 17.5 33 25 40 32.5 33 
1 Juve 1.03833 0.35916 0.40502 175.98 100.8 12.5 25 16 17.5 25 10 34 17.5 25 25 37.5 25 17.5 33 25 40 32.5 33 
1 Juve 1.15764 0.40675 0.4507 194.79 118.4 25 25 16 17.5 25 10 34 17.5 12.5 25 37.5 25 17.5 33 25 40 32.5 33 
1 Juve 1.17459 0.41571 0.46041 182.87 104 37.5 25 16 17.5 25 10 34 17.5 12.5 25 25 25 17.5 33 25 40 32.5 33 
1 Juve 1.09814 0.38652 0.43491 159.12 92.6 16 17.5 25 10 34 17.5 12.5 25 25 25 37.5 25 17.5 33 25 40 32.5 33 
1 Juve 1.17758 0.41567 0.45802 154.02 89.8 17.5 33 16 17.5 25 10 34 17.5 12.5 25 25 25 37.5 25 25 40 32.5 33 
1 Juve 1.1195 0.39267 0.43508 178.71 104.33 34 17.5 16 17.5 25 10 12.5 25 25 25 37.5 25 17.5 33 25 40 32.5 33 
1 Juve 1.16592 0.40491 0.46171 280.16 157.4 37.5 25 16 17.5 25 10 34 17.5 12.5 25 25 25 17.5 33 25 40 32.5 33 
1 Juve 1.10813 0.38398 0.43407 195.94 118.2 16 17.5 25 10 34 17.5 12.5 25 25 25 37.5 25 17.5 33 25 40 32.5 33 
1 Juve 1.15701 0.40598 0.45652 171.21 101.6 16 17.5 25 10 34 17.5 12.5 25 25 25 37.5 25 17.5 33 25 40 32.5 33 
1 Juve 1.26842 0.44791 0.49067 163.17 94.8 32.5 33 16 17.5 25 10 34 17.5 12.5 25 25 25 37.5 25 17.5 33 25 40 
1 Juve 1.2932 0.45675 0.49992 176.47 107.6 25 40 16 17.5 25 10 34 17.5 12.5 25 25 25 37.5 25 17.5 33 32.5 33 
1 Juve 1.29613 0.45686 0.50462 196.75 119 37.5 25 16 17.5 25 10 34 17.5 12.5 25 25 25 17.5 33 25 40 32.5 33 
1 Juve 1.27858 0.44958 0.49968 176.97 104 37.5 25 16 17.5 25 10 34 17.5 12.5 25 25 25 17.5 33 25 40 32.5 33 
1 Juve 1.28243 0.45331 0.49664 160.19 96 37.5 25 16 17.5 25 10 34 17.5 12.5 25 25 25 17.5 33 25 40 32.5 33 
1 Juve 1.27247 0.45008 0.49159 155.45 90.2 32.5 33 16 17.5 25 10 34 17.5 12.5 25 25 25 37.5 25 17.5 33 25 40 
1 Juve 1.27298 0.45122 0.49128 172.18 104 17.5 33 16 17.5 25 10 34 17.5 12.5 25 25 25 37.5 25 25 40 32.5 33 
1 Juve 1.3138 0.46304 0.50535 163.31 98.2 16 17.5 25 10 34 17.5 12.5 25 25 25 37.5 25 17.5 33 25 40 32.5 33 
1 Juve 1.32727 0.47132 0.5146 159.97 91.8 32.5 33 16 17.5 25 10 34 17.5 12.5 25 25 25 37.5 25 17.5 33 25 40 
1 Juve 1.13172 0.39926 0.44549 193.39 112.6 25 40 16 17.5 25 10 34 17.5 12.5 25 25 25 37.5 25 17.5 33 32.5 33 
1 Juve 1.13826 0.4012 0.44738 198.13 120.4 25 25 16 17.5 25 10 34 17.5 12.5 25 37.5 25 17.5 33 25 40 32.5 33 
1 Juve 1.11836 0.38858 0.43504 169.64 99.6 25 25 16 17.5 25 10 34 17.5 12.5 25 37.5 25 17.5 33 25 40 32.5 33 
1 Juve 1.04519 0.36358 0.41263 173.56 103.2 25 40 16 17.5 25 10 34 17.5 12.5 25 25 25 37.5 25 17.5 33 32.5 33 
1 Juve 1.04258 0.36399 0.40598 184.8 115.8 25 25 16 17.5 25 10 34 17.5 12.5 25 37.5 25 17.5 33 25 40 32.5 33 
1 Juve 1.11841 0.39191 0.42989 168.09 97.8 12.5 25 16 17.5 25 10 34 17.5 25 25 37.5 25 17.5 33 25 40 32.5 33 
1 Juve 1.18943 0.42079 0.46359 179.78 104.2 25 25 16 17.5 25 10 34 17.5 12.5 25 37.5 25 17.5 33 25 40 32.5 33 
1 Juve 1.22081 0.43114 0.4739 180.59 106.6 12.5 25 16 17.5 25 10 34 17.5 25 25 37.5 25 17.5 33 25 40 32.5 33 
1 Juve 1.07683 0.37434 0.41802 189.51 113.63 37.5 25 16 17.5 25 10 34 17.5 12.5 25 25 25 17.5 33 25 40 32.5 33 
1 Juve 1.16965 0.41307 0.45462 175.46 101.8 25 40 16 17.5 25 10 34 17.5 12.5 25 25 25 37.5 25 17.5 33 32.5 33 
1 Juve 1.13812 0.40108 0.44363 166.55 108 16 17.5 25 10 34 17.5 12.5 25 25 25 37.5 25 17.5 33 25 40 32.5 33 
1 Juve 1.10717 0.38961 0.44161 204.72 121.8 32.5 33 16 17.5 25 10 34 17.5 12.5 25 25 25 37.5 25 17.5 33 25 40 
1 Juve 1.14064 0.40098 0.44413 172.28 108.2 17.5 33 16 17.5 25 10 34 17.5 12.5 25 25 25 37.5 25 25 40 32.5 33 
1 Juve 1.28972 0.45666 0.50181 186.93 114.8 25 25 16 17.5 25 10 34 17.5 12.5 25 37.5 25 17.5 33 25 40 32.5 33 
1 Juve 1.04729 0.36664 0.41466 157.14 94.2 34 17.5 16 17.5 25 10 12.5 25 25 25 37.5 25 17.5 33 25 40 32.5 33 
1 Juve 1.0271 0.35713 0.40084 205.43 124.4 25 25 16 17.5 25 10 34 17.5 12.5 25 37.5 25 17.5 33 25 40 32.5 33 
1 Juve 1.1516 0.40276 0.44785 176.21 107.4 37.5 25 16 17.5 25 10 34 17.5 12.5 25 25 25 17.5 33 25 40 32.5 33 
1 Juve 1.16052 0.40514 0.45652 254.01 148.6 25 10 16 17.5 34 17.5 12.5 25 25 25 37.5 25 17.5 33 25 40 32.5 33 
1 Juve 1.13826 0.39669 0.44215 173.09 106.8 25 10 16 17.5 34 17.5 12.5 25 25 25 37.5 25 17.5 33 25 40 32.5 33 
1 Juve 1.14858 0.40985 0.45189 173.96 102.8 17.5 33 16 17.5 25 10 34 17.5 12.5 25 25 25 37.5 25 25 40 32.5 33 
1 Juve 1.13734 0.40063 0.44185 183.74 111.6 37.5 25 16 17.5 25 10 34 17.5 12.5 25 25 25 17.5 33 25 40 32.5 33 
1 Juve 1.14376 0.40209 0.44553 177.84 106.4 25 25 16 17.5 25 10 34 17.5 12.5 25 37.5 25 17.5 33 25 40 32.5 33 
1 Juve 1.29497 0.4548 0.50798 167.02 101 25 40 16 17.5 25 10 34 17.5 12.5 25 25 25 37.5 25 17.5 33 32.5 33 
1 Juve 1.27823 0.4523 0.4991 167.43 98.2 12.5 25 16 17.5 25 10 34 17.5 25 25 37.5 25 17.5 33 25 40 32.5 33 
1 Juve 1.16679 0.41069 0.45493 169.24 100.4 32.5 33 16 17.5 25 10 34 17.5 12.5 25 25 25 37.5 25 17.5 33 25 40 
1 Juve 1.13252 0.40057 0.4433 172.07 99 25 10 16 17.5 34 17.5 12.5 25 25 25 37.5 25 17.5 33 25 40 32.5 33 
1 Juve 1.25699 0.44843 0.48504 164.03 93.8 17.5 33 16 17.5 25 10 34 17.5 12.5 25 25 25 37.5 25 25 40 32.5 33 
1 Juve 1.19943 0.42259 0.4636 168.58 100.6 12.5 25 16 17.5 25 10 34 17.5 25 25 37.5 25 17.5 33 25 40 32.5 33 
1 Juve 1.15476 0.40395 0.44393 196.65 117.8 34 17.5 16 17.5 25 10 12.5 25 25 25 37.5 25 17.5 33 25 40 32.5 33 
1 Juve 1.13194 0.39809 0.44451 188.71 110.6 25 25 16 17.5 25 10 34 17.5 12.5 25 37.5 25 17.5 33 25 40 32.5 33 
1 Juve 1.31113 0.46347 0.50597 151.15 88.2 34 17.5 16 17.5 25 10 12.5 25 25 25 37.5 25 17.5 33 25 40 32.5 33 
1 Juve 1.33445 0.47313 0.51703 182.48 109.6 34 17.5 16 17.5 25 10 12.5 25 25 25 37.5 25 17.5 33 25 40 32.5 33 
1 Juve 1.34475 0.4757 0.52737 182.52 104.2 25 25 16 17.5 25 10 34 17.5 12.5 25 37.5 25 17.5 33 25 40 32.5 33 
1 Juve 1.09918 0.38186 0.42929 179.58 108.2 12.5 25 16 17.5 25 10 34 17.5 25 25 37.5 25 17.5 33 25 40 32.5 33 
1 Juve 1.04576 0.36435 0.40564 180.4 112.2 25 40 16 17.5 25 10 34 17.5 12.5 25 25 25 37.5 25 17.5 33 32.5 33 
1 Juve 1.11249 0.38597 0.43544 177 108.2 25 10 16 17.5 34 17.5 12.5 25 25 25 37.5 25 17.5 33 25 40 32.5 33 
1 Juve 1.14413 0.40389 0.44878 185.18 113.2 12.5 25 16 17.5 25 10 34 17.5 25 25 37.5 25 17.5 33 25 40 32.5 33 
1 Juve 1.21587 0.43344 0.4739 175.12 102.4 25 25 16 17.5 25 10 34 17.5 12.5 25 37.5 25 17.5 33 25 40 32.5 33 
1 Juve 1.14388 0.40332 0.44528 182.85 113.8 16 17.5 25 10 34 17.5 12.5 25 25 25 37.5 25 17.5 33 25 40 32.5 33 
1 Juve 1.27811 0.45287 0.49509 173.36 102.91 32.5 33 16 17.5 25 10 34 17.5 12.5 25 25 25 37.5 25 17.5 33 25 40 
1 Juve 1.25013 0.44245 0.48295 155.38 87.2 34 17.5 16 17.5 25 10 12.5 25 25 25 37.5 25 17.5 33 25 40 32.5 33 
1 Juve 1.19913 0.42222 0.46831 185.09 105.8 25 40 16 17.5 25 10 34 17.5 12.5 25 25 25 37.5 25 17.5 33 32.5 33 
1 Juve 1.15695 0.41153 0.4542 166.15 99.8 34 17.5 16 17.5 25 10 12.5 25 25 25 37.5 25 17.5 33 25 40 32.5 33 
1 Juve 1.08948 0.38013 0.42701 182.21 108 12.5 25 16 17.5 25 10 34 17.5 25 25 37.5 25 17.5 33 25 40 32.5 33 
1 Juve 1.12334 0.39607 0.43833 182.22 107 37.5 25 16 17.5 25 10 34 17.5 12.5 25 25 25 17.5 33 25 40 32.5 33 
1 Juve 1.29221 0.45681 0.50136 216.98 126.79 37.5 25 16 17.5 25 10 34 17.5 12.5 25 25 25 17.5 33 25 40 32.5 33 
1 Juve 1.29147 0.45606 0.49556 168.07 99.4 25 10 16 17.5 34 17.5 12.5 25 25 25 37.5 25 17.5 33 25 40 32.5 33 
1 Juve 1.0883 0.37869 0.42457 185.18 110.6 25 25 16 17.5 25 10 34 17.5 12.5 25 37.5 25 17.5 33 25 40 32.5 33 
1 Juve 1.11261 0.38766 0.43199 169.13 97.6 16 17.5 25 10 34 17.5 12.5 25 25 25 37.5 25 17.5 33 25 40 32.5 33 
1 Juve 1.23864 0.4368 0.47911 165.3 99.4 34 17.5 16 17.5 25 10 12.5 25 25 25 37.5 25 17.5 33 25 40 32.5 33 
1 Juve 1.19649 0.4209 0.46976 178.64 110.4 16 17.5 25 10 34 17.5 12.5 25 25 25 37.5 25 17.5 33 25 40 32.5 33 
1 Juve 1.12817 0.39963 0.43972 164.52 100.2 17.5 33 16 17.5 25 10 34 17.5 12.5 25 25 25 37.5 25 25 40 32.5 33 
1 Juve 1.27615 0.45134 0.4985 191.88 115.6 32.5 33 16 17.5 25 10 34 17.5 12.5 25 25 25 37.5 25 17.5 33 25 40 
1 Juve 1.14942 0.40501 0.44914 161.62 95.8 17.5 33 16 17.5 25 10 34 17.5 12.5 25 25 25 37.5 25 25 40 32.5 33 
1 Juve 1.29085 0.45676 0.50461 203.78 117.8 25 40 16 17.5 25 10 34 17.5 12.5 25 25 25 37.5 25 17.5 33 32.5 33 
1 Juve 1.27826 0.45195 0.49379 176.11 103.8 25 10 16 17.5 34 17.5 12.5 25 25 25 37.5 25 17.5 33 25 40 32.5 33 
1 Juve 1.28129 0.4513 0.50026 176.79 105.6 37.5 25 16 17.5 25 10 34 17.5 12.5 25 25 25 17.5 33 25 40 32.5 33 
1 Juve 1.23895 0.4383 0.48349 177.44 108.4 25 10 16 17.5 34 17.5 12.5 25 25 25 37.5 25 17.5 33 25 40 32.5 33 
1 Juve 1.29294 0.45604 0.49987 162.6 94.4 34 17.5 16 17.5 25 10 12.5 25 25 25 37.5 25 17.5 33 25 40 32.5 33 
1 Juve 1.29321 0.45868 0.49888 177.72 111.4 25 10 16 17.5 34 17.5 12.5 25 25 25 37.5 25 17.5 33 25 40 32.5 33 
1 Juve 1.13967 0.39794 0.44466 212.61 126.6 25 25 16 17.5 25 10 34 17.5 12.5 25 37.5 25 17.5 33 25 40 32.5 33 
1 Juve 1.18811 0.42117 0.46651 185.37 112 25 25 16 17.5 25 10 34 17.5 12.5 25 37.5 25 17.5 33 25 40 32.5 33 
1 Juve 1.31061 0.46457 0.51204 197.58 117.8 25 25 16 17.5 25 10 34 17.5 12.5 25 37.5 25 17.5 33 25 40 32.5 33 
1 Juve 1.18458 0.4188 0.46179 174.83 105 34 17.5 16 17.5 25 10 12.5 25 25 25 37.5 25 17.5 33 25 40 32.5 33 
1 Juve 1.1841 0.41785 0.46178 195.44 116.2 25 40 16 17.5 25 10 34 17.5 12.5 25 25 25 37.5 25 17.5 33 32.5 33 
1 Juve 1.13871 0.39832 0.44279 184.22 110.4 37.5 25 16 17.5 25 10 34 17.5 12.5 25 25 25 17.5 33 25 40 32.5 33 
1 Juve 1.11718 0.38944 0.43187 182.82 109 25 10 16 17.5 34 17.5 12.5 25 25 25 37.5 25 17.5 33 25 40 32.5 33 
1 Juve 1.1575 0.40283 0.45139 165.16 99.2 17.5 33 16 17.5 25 10 34 17.5 12.5 25 25 25 37.5 25 25 40 32.5 33 
1 Juve 0.997543 0.34714 0.39036 175.84 107.8 16 17.5 25 10 34 17.5 12.5 25 25 25 37.5 25 17.5 33 25 40 32.5 33 
1 Juve 1.26328 0.44683 0.48811 150.33 88.4 34 17.5 16 17.5 25 10 12.5 25 25 25 37.5 25 17.5 33 25 40 32.5 33 
1 Juve 1.10456 0.3831 0.43143 175.56 105.4 25 10 16 17.5 34 17.5 12.5 25 25 25 37.5 25 17.5 33 25 40 32.5 33 
1 Juve 1.27856 0.45284 0.49521 178.26 105.2 32.5 33 16 17.5 25 10 34 17.5 12.5 25 25 25 37.5 25 17.5 33 25 40 
1 Juve 1.00361 0.34902 0.38949 167.92 101.8 25 10 16 17.5 34 17.5 12.5 25 25 25 37.5 25 17.5 33 25 40 32.5 33 
1 Juve 1.2768 0.45288 0.49721 184.87 112.8 37.5 25 16 17.5 25 10 34 17.5 12.5 25 25 25 17.5 33 25 40 32.5 33 
1 Juve 1.07618 0.38123 0.42762 223.61 126 34 17.5 16 17.5 25 10 12.5 25 25 25 37.5 25 17.5 33 25 40 32.5 33 
1 Juve 1.03656 0.36122 0.40336 163.73 94.6 34 17.5 16 17.5 25 10 12.5 25 25 25 37.5 25 17.5 33 25 40 32.5 33 
1 Juve 1.17442 0.41608 0.45839 175.33 108.4 25 10 16 17.5 34 17.5 12.5 25 25 25 37.5 25 17.5 33 25 40 32.5 33 
1 Juve 1.15238 0.40614 0.45095 153.81 91.2 34 17.5 16 17.5 25 10 12.5 25 25 25 37.5 25 17.5 33 25 40 32.5 33 
1 Juve 1.27079 0.45234 0.49176 160.01 96.2 34 17.5 16 17.5 25 10 12.5 25 25 25 37.5 25 17.5 33 25 40 32.5 33 
1 Juve 1.29092 0.45701 0.50248 183.11 110.4 16 17.5 25 10 34 17.5 12.5 25 25 25 37.5 25 17.5 33 25 40 32.5 33 
1 Juve 1.29607 0.45781 0.50168 173.62 101.8 25 10 16 17.5 34 17.5 12.5 25 25 25 37.5 25 17.5 33 25 40 32.5 33 
1 Juve 1.27074 0.44969 0.4905 167.79 101.6 12.5 25 16 17.5 25 10 34 17.5 25 25 37.5 25 17.5 33 25 40 32.5 33 
1 Juve 1.30245 0.46322 0.5058 176.12 104.2 25 25 16 17.5 25 10 34 17.5 12.5 25 37.5 25 17.5 33 25 40 32.5 33 
1 Juve 1.30836 0.46154 0.5079 188.27 114.18 25 25 16 17.5 25 10 34 17.5 12.5 25 37.5 25 17.5 33 25 40 32.5 33 
1 Juve 1.29294 0.45737 0.4987 166.02 97 37.5 25 16 17.5 25 10 34 17.5 12.5 25 25 25 17.5 33 25 40 32.5 33 
1 Juve 1.29729 0.45957 0.50466 170.63 102.2 32.5 33 16 17.5 25 10 34 17.5 12.5 25 25 25 37.5 25 17.5 33 25 40 
1 Juve 1.25906 0.4444 0.48686 159.33 96.998 17.5 33 16 17.5 25 10 34 17.5 12.5 25 25 25 37.5 25 25 40 32.5 33 
1 Juve 1.27894 0.45343 0.49271 175.56 108.2 37.5 25 16 17.5 25 10 34 17.5 12.5 25 25 25 17.5 33 25 40 32.5 33 
1 Juve 1.32393 0.46822 0.51508 187.88 113.6 16 17.5 25 10 34 17.5 12.5 25 25 25 37.5 25 17.5 33 25 40 32.5 33 
1 Juve 1.30229 0.4588 0.50387 176.6 110.6 17.5 33 16 17.5 25 10 34 17.5 12.5 25 25 25 37.5 25 25 40 32.5 33 
1 Juve 1.23709 0.43733 0.47842 164.98 98 37.5 25 16 17.5 25 10 34 17.5 12.5 25 25 25 17.5 33 25 40 32.5 33 
1 Juve 1.32971 0.46755 0.51723 170.76 99.666 37.5 25 16 17.5 25 10 34 17.5 12.5 25 25 25 17.5 33 25 40 32.5 33 
1 Juve 1.27208 0.44855 0.49382 161.26 94 16 17.5 25 10 34 17.5 12.5 25 25 25 37.5 25 17.5 33 25 40 32.5 33 
1 Juve 1.30319 0.46294 0.50465 149.21 86 16 17.5 25 10 34 17.5 12.5 25 25 25 37.5 25 17.5 33 25 40 32.5 33 
1 Juve 1.28149 0.45215 0.49598 174.84 102.2 37.5 25 16 17.5 25 10 34 17.5 12.5 25 25 25 17.5 33 25 40 32.5 33 
1 Juve 1.22037 0.43625 0.47587 200.19 116.2 17.5 33 16 17.5 25 10 34 17.5 12.5 25 25 25 37.5 25 25 40 32.5 33 
1 Juve 1.28753 0.45594 0.49718 163.22 97.6 25 40 16 17.5 25 10 34 17.5 12.5 25 25 25 37.5 25 17.5 33 32.5 33 
1 Juve 1.31028 0.46269 0.50903 208.69 135.15 25 40 16 17.5 25 10 34 17.5 12.5 25 25 25 37.5 25 17.5 33 32.5 33 
1 Juve 1.30243 0.46173 0.50787 234.08 128.6 37.5 25 16 17.5 25 10 34 17.5 12.5 25 25 25 17.5 33 25 40 32.5 33 
1 Juve 1.0836 0.38277 0.42268 173.3 110.18 12.5 25 16 17.5 25 10 34 17.5 25 25 37.5 25 17.5 33 25 40 32.5 33 
1 Juve 1.37204 0.48415 0.5344 205.88 123.2 34 17.5 16 17.5 25 10 12.5 25 25 25 37.5 25 17.5 33 25 40 32.5 33 
1 Juve 1.25477 0.44404 0.48621 163.12 97.4 25 10 16 17.5 34 17.5 12.5 25 25 25 37.5 25 17.5 33 25 40 32.5 33 
1 Juve 1.29591 0.45717 0.50512 178.98 107 32.5 33 16 17.5 25 10 34 17.5 12.5 25 25 25 37.5 25 17.5 33 25 40 
1 Juve 1.28215 0.45437 0.49871 172.05 102.77 25 10 16 17.5 34 17.5 12.5 25 25 25 37.5 25 17.5 33 25 40 32.5 33 
1 Juve 1.27816 0.442 0.48714 168.17 102.8 32.5 33 16 17.5 25 10 34 17.5 12.5 25 25 25 37.5 25 17.5 33 25 40 
1 Juve 1.12729 0.39658 0.43852 173.63 104.4 25 10 16 17.5 34 17.5 12.5 25 25 25 37.5 25 17.5 33 25 40 32.5 33 
1 Juve 1.2571 0.44777 0.48312 160.47 92.8 16 17.5 25 10 34 17.5 12.5 25 25 25 37.5 25 17.5 33 25 40 32.5 33 
1 Juve 1.26939 0.44755 0.49389 222.99 131.4 12.5 25 16 17.5 25 10 34 17.5 25 25 37.5 25 17.5 33 25 40 32.5 33 
1 Juve 1.26902 0.43858 0.50765 169.96 100.54 25 25 16 17.5 25 10 34 17.5 12.5 25 37.5 25 17.5 33 25 40 32.5 33 
1 Juve 1.17638 0.41028 0.45698 162.61 92.8 17.5 33 16 17.5 25 10 34 17.5 12.5 25 25 25 37.5 25 25 40 32.5 33 
1 Juve 1.28598 0.45592 0.49856 194.5 114.4 17.5 33 16 17.5 25 10 34 17.5 12.5 25 25 25 37.5 25 25 40 32.5 33 
1 Juve 1.27763 0.45214 0.50019 214.38 127.39 12.5 25 16 17.5 25 10 34 17.5 25 25 37.5 25 17.5 33 25 40 32.5 33 
1 Juve 1.27767 0.45131 0.49542 193.52 120.6 32.5 33 16 17.5 25 10 34 17.5 12.5 25 25 25 37.5 25 17.5 33 25 40 
1 Juve 1.23357 0.43794 0.48557 214.79 125 25 10 16 17.5 34 17.5 12.5 25 25 25 37.5 25 17.5 33 25 40 32.5 33 
1 Juve 1.19774 0.42263 0.47072 171.97 104 17.5 33 16 17.5 25 10 34 17.5 12.5 25 25 25 37.5 25 25 40 32.5 33 
1 Juve 1.18609 0.41704 0.45947 159.03 92.2 25 10 16 17.5 34 17.5 12.5 25 25 25 37.5 25 17.5 33 25 40 32.5 33 
1 Juve 1.11485 0.39504 0.43984 168.58 100.2 12.5 25 16 17.5 25 10 34 17.5 25 25 37.5 25 17.5 33 25 40 32.5 33 
1 Juve 1.11309 0.39297 0.43546 177.1 108.2 16 17.5 25 10 34 17.5 12.5 25 25 25 37.5 25 17.5 33 25 40 32.5 33 
1 Juve 1.1553 0.40768 0.45194 211.14 127.6 25 10 16 17.5 34 17.5 12.5 25 25 25 37.5 25 17.5 33 25 40 32.5 33 
1 Juve 1.043 0.36285 0.40764 169.99 104.4 16 17.5 25 10 34 17.5 12.5 25 25 25 37.5 25 17.5 33 25 40 32.5 33 
1 Juve 1.10619 0.39038 0.43783 194.23 114 16 17.5 25 10 34 17.5 12.5 25 25 25 37.5 25 17.5 33 25 40 32.5 33 
1 Juve 1.0393 0.3621 0.40715 173.08 101 25 10 16 17.5 34 17.5 12.5 25 25 25 37.5 25 17.5 33 25 40 32.5 33 
1 Juve 1.18466 0.41483 0.45855 152.51 90.6 17.5 33 16 17.5 25 10 34 17.5 12.5 25 25 25 37.5 25 25 40 32.5 33 
1 Juve 1.31355 0.46601 0.50833 158.25 93.2 32.5 33 16 17.5 25 10 34 17.5 12.5 25 25 25 37.5 25 17.5 33 25 40 
1 Juve 1.22069 0.43062 0.47204 181.63 107.8 32.5 33 16 17.5 25 10 34 17.5 12.5 25 25 25 37.5 25 17.5 33 25 40 
1 Juve 1.14716 0.40297 0.44657 166.4 97.2 25 10 16 17.5 34 17.5 12.5 25 25 25 37.5 25 17.5 33 25 40 32.5 33 
1 Juve 1.10457 0.38374 0.4276 175.94 110.2 17.5 33 16 17.5 25 10 34 17.5 12.5 25 25 25 37.5 25 25 40 32.5 33 
1 Juve 1.29834 0.4597 0.50542 176.85 110.8 16 17.5 25 10 34 17.5 12.5 25 25 25 37.5 25 17.5 33 25 40 32.5 33 
1 Juve 1.16479 0.40878 0.46233 185.44 112 25 10 16 17.5 34 17.5 12.5 25 25 25 37.5 25 17.5 33 25 40 32.5 33 
1 Juve 1.24039 0.43885 0.48652 176.87 106.2 32.5 33 16 17.5 25 10 34 17.5 12.5 25 25 25 37.5 25 17.5 33 25 40 
1 Juve 1.17463 0.41215 0.45578 211.84 117.8 16 17.5 25 10 34 17.5 12.5 25 25 25 37.5 25 17.5 33 25 40 32.5 33 
1 Juve 1.07719 0.37996 0.4248 172.98 107.2 37.5 25 16 17.5 25 10 34 17.5 12.5 25 25 25 17.5 33 25 40 32.5 33 
1 Juve 1.19915 0.42431 0.46554 164.61 99 32.5 33 16 17.5 25 10 34 17.5 12.5 25 25 25 37.5 25 17.5 33 25 40 
1 Juve 1.03273 0.36554 0.40832 170.91 98.2 25 25 16 17.5 25 10 34 17.5 12.5 25 37.5 25 17.5 33 25 40 32.5 33 
1 Juve 1.22447 0.43142 0.47552 173.91 97.2 25 40 16 17.5 25 10 34 17.5 12.5 25 25 25 37.5 25 17.5 33 32.5 33 
1 Juve 1.0108 0.35094 0.39673 166.88 99 32.5 33 16 17.5 25 10 34 17.5 12.5 25 25 25 37.5 25 17.5 33 25 40 
1 Juve 1.10516 0.38234 0.43068 183.55 111 25 10 16 17.5 34 17.5 12.5 25 25 25 37.5 25 17.5 33 25 40 32.5 33 
1 Juve 1.24245 0.43493 0.47699 239.47 139.2 12.5 25 16 17.5 25 10 34 17.5 25 25 37.5 25 17.5 33 25 40 32.5 33 
1 Juve 1.17636 0.41526 0.46059 172.23 99.6 17.5 33 16 17.5 25 10 34 17.5 12.5 25 25 25 37.5 25 25 40 32.5 33 
1 Juve 1.26895 0.44985 0.49245 164.48 98.4 25 10 16 17.5 34 17.5 12.5 25 25 25 37.5 25 17.5 33 25 40 32.5 33 
1 Juve 1.13567 0.3984 0.44686 200.57 117.8 25 25 16 17.5 25 10 34 17.5 12.5 25 37.5 25 17.5 33 25 40 32.5 33 
1 Juve 1.26924 0.44831 0.49151 154.38 89.4 16 17.5 25 10 34 17.5 12.5 25 25 25 37.5 25 17.5 33 25 40 32.5 33 
1 Juve 1.25774 0.44558 0.48966 207.41 124.4 25 40 16 17.5 25 10 34 17.5 12.5 25 25 25 37.5 25 17.5 33 32.5 33 
1 Juve 1.30005 0.46019 0.50383 197.66 115.8 17.5 33 16 17.5 25 10 34 17.5 12.5 25 25 25 37.5 25 25 40 32.5 33 
1 Juve 1.27407 0.45127 0.49277 175.75 101 32.5 33 16 17.5 25 10 34 17.5 12.5 25 25 25 37.5 25 17.5 33 25 40 
1 Juve 1.31138 0.46602 0.50931 170.37 108.4 34 17.5 16 17.5 25 10 12.5 25 25 25 37.5 25 17.5 33 25 40 32.5 33 
1 Juve 1.25375 0.44199 0.48795 187.53 116.6 37.5 25 16 17.5 25 10 34 17.5 12.5 25 25 25 17.5 33 25 40 32.5 33 
1 Juve 1.32434 0.4684 0.51684 205.23 116.4 25 25 16 17.5 25 10 34 17.5 12.5 25 37.5 25 17.5 33 25 40 32.5 33 
1 Juve 1.31111 0.46486 0.50686 162.9 93.4 37.5 25 16 17.5 25 10 34 17.5 12.5 25 25 25 17.5 33 25 40 32.5 33 
1 Juve 1.26253 0.44692 0.49266 201.21 118.4 12.5 25 16 17.5 25 10 34 17.5 25 25 37.5 25 17.5 33 25 40 32.5 33 
1 Juve 1.33032 0.47179 0.51468 184.82 111.4 32.5 33 16 17.5 25 10 34 17.5 12.5 25 25 25 37.5 25 17.5 33 25 40 
1 Juve 1.17053 0.4135 0.45963 166.11 103.99 25 10 16 17.5 34 17.5 12.5 25 25 25 37.5 25 17.5 33 25 40 32.5 33 
1 Juve 1.27823 0.45344 0.49513 159.34 98.2 17.5 33 16 17.5 25 10 34 17.5 12.5 25 25 25 37.5 25 25 40 32.5 33 
1 Juve 1.28459 0.45528 0.5 217.38 129.6 37.5 25 16 17.5 25 10 34 17.5 12.5 25 25 25 17.5 33 25 40 32.5 33 
1 Juve 1.31659 0.46538 0.50826 162.44 100.8 16 17.5 25 10 34 17.5 12.5 25 25 25 37.5 25 17.5 33 25 40 32.5 33 
1 Juve 1.36639 0.48306 0.53383 231.53 135.6 25 25 16 17.5 25 10 34 17.5 12.5 25 37.5 25 17.5 33 25 40 32.5 33 
1 Juve 1.08012 0.37659 0.41855 171.52 105.2 34 17.5 16 17.5 25 10 12.5 25 25 25 37.5 25 17.5 33 25 40 32.5 33 
1 Juve 1.11308 0.39169 0.43844 169.69 104.8 17.5 33 16 17.5 25 10 34 17.5 12.5 25 25 25 37.5 25 25 40 32.5 33 
1 Juve 1.10542 0.39024 0.43486 175.85 108.4 25 40 16 17.5 25 10 34 17.5 12.5 25 25 25 37.5 25 17.5 33 32.5 33 
1 Juve 1.19385 0.41509 0.47779 197.56 120.2 25 40 16 17.5 25 10 34 17.5 12.5 25 25 25 37.5 25 17.5 33 32.5 33 
1 Juve 1.14203 0.40371 0.44642 213.36 122.8 12.5 25 16 17.5 25 10 34 17.5 25 25 37.5 25 17.5 33 25 40 32.5 33 
1 Juve 1.13047 0.39145 0.44027 200.36 124 32.5 33 16 17.5 25 10 34 17.5 12.5 25 25 25 37.5 25 17.5 33 25 40 
1 Juve 1.17398 0.41318 0.45739 195.24 111 16 17.5 25 10 34 17.5 12.5 25 25 25 37.5 25 17.5 33 25 40 32.5 33 
1 Juve 1.13184 0.39449 0.44028 163.14 101.6 16 17.5 25 10 34 17.5 12.5 25 25 25 37.5 25 17.5 33 25 40 32.5 33 
1 Juve 1.32186 0.46894 0.5118 162.41 91.8 32.5 33 16 17.5 25 10 34 17.5 12.5 25 25 25 37.5 25 17.5 33 25 40 
1 Juve 1.00781 0.34931 0.39494 175.77 108 12.5 25 16 17.5 25 10 34 17.5 25 25 37.5 25 17.5 33 25 40 32.5 33 
1 Juve 1.11735 0.39231 0.43264 170.59 102.4 25 10 16 17.5 34 17.5 12.5 25 25 25 37.5 25 17.5 33 25 40 32.5 33 
1 Juve 1.32328 0.46964 0.51154 196.2 117 25 40 16 17.5 25 10 34 17.5 12.5 25 25 25 37.5 25 17.5 33 32.5 33 
1 Juve 1.28537 0.45164 0.50248 176.48 104 37.5 25 16 17.5 25 10 34 17.5 12.5 25 25 25 17.5 33 25 40 32.5 33 
1 Juve 1.30516 0.45896 0.50511 167.35 102.4 34 17.5 16 17.5 25 10 12.5 25 25 25 37.5 25 17.5 33 25 40 32.5 33 
1 Juve 1.26073 0.44477 0.4888 188.29 113.6 25 25 16 17.5 25 10 34 17.5 12.5 25 37.5 25 17.5 33 25 40 32.5 33 
1 Juve 1.27703 0.45188 0.4943 201.17 114.2 25 10 16 17.5 34 17.5 12.5 25 25 25 37.5 25 17.5 33 25 40 32.5 33 
1 Juve 1.24572 0.4389 0.48671 182.94 110 12.5 25 16 17.5 25 10 34 17.5 25 25 37.5 25 17.5 33 25 40 32.5 33 
1 Juve 1.34765 0.47838 0.52199 165.06 96.756 12.5 25 16 17.5 25 10 34 17.5 25 25 37.5 25 17.5 33 25 40 32.5 33 
1 Juve 1.14226 0.40542 0.44337 180.6 103.2 34 17.5 16 17.5 25 10 12.5 25 25 25 37.5 25 17.5 33 25 40 32.5 33 
1 Juve 1.29925 0.46222 0.50304 161.65 94.8 12.5 25 16 17.5 25 10 34 17.5 25 25 37.5 25 17.5 33 25 40 32.5 33 
1 Juve 1.23381 0.4356 0.47723 165.76 97.394 37.5 25 16 17.5 25 10 34 17.5 12.5 25 25 25 17.5 33 25 40 32.5 33 
1 Juve 1.26071 0.44531 0.49152 206.27 114.6 25 40 16 17.5 25 10 34 17.5 12.5 25 25 25 37.5 25 17.5 33 32.5 33 
1 Juve 1.28361 0.4555 0.49573 170.42 99.6 17.5 33 16 17.5 25 10 34 17.5 12.5 25 25 25 37.5 25 25 40 32.5 33 
1 Juve 0.850559 0.28866 0.32838 110.94 69.795 12.5 25 16 17.5 25 10 34 17.5 25 25 37.5 25 17.5 33 25 40 32.5 33 
