1 Juve 1.04074 0.36287 0.38996 96.727 54.8 25 42.5 25 7.5 7.5 25 42.5 25 
1 Juve 1.07217 0.37717 0.40428 88.947 51 7.5 25 25 7.5 42.5 25 25 42.5 
1 Juve 1.09556 0.38405 0.40798 93.782 52.8 25 42.5 25 7.5 7.5 25 42.5 25 
1 Juve 0.956801 0.33365 0.36033 99.919 59.2 42.5 25 25 7.5 7.5 25 25 42.5 
1 Juve 1.00998 0.35684 0.38354 83.773 45.8 42.5 25 25 7.5 7.5 25 25 42.5 
1 Juve 1.06035 0.37605 0.40321 89.172 49.2 42.5 25 25 7.5 7.5 25 25 42.5 
1 Juve 1.07356 0.3788 0.40759 96.388 55.8 7.5 25 25 7.5 42.5 25 25 42.5 
1 Juve 1.03585 0.36271 0.39382 102.03 60 7.5 25 25 7.5 42.5 25 25 42.5 
1 Juve 1.08268 0.37877 0.40736 97.135 54.189 25 42.5 25 7.5 7.5 25 42.5 25 
1 Juve 1.00822 0.35288 0.37824 90.102 49.4 25 42.5 25 7.5 7.5 25 42.5 25 
1 Juve 1.06599 0.37372 0.40506 105.25 62.4 25 7.5 7.5 25 42.5 25 25 42.5 
1 Juve 1.08792 0.38174 0.40769 93.738 52.8 7.5 25 25 7.5 42.5 25 25 42.5 
1 Juve 1.09695 0.38191 0.40781 96.473 54 7.5 25 25 7.5 42.5 25 25 42.5 
1 Juve 1.03608 0.3653 0.39084 103.39 58.8 25 7.5 7.5 25 42.5 25 25 42.5 
1 Juve 1.09016 0.38379 0.41149 105.56 59.8 7.5 25 25 7.5 42.5 25 25 42.5 
1 Juve 1.07063 0.37284 0.40619 100.56 59.4 7.5 25 25 7.5 42.5 25 25 42.5 
1 Juve 1.17936 0.41595 0.43982 97.725 53.4 25 42.5 25 7.5 7.5 25 42.5 25 
1 Juve 1.04374 0.36359 0.38828 99.584 57.6 42.5 25 25 7.5 7.5 25 25 42.5 
1 Juve 1.11935 0.39642 0.42226 97.597 55.6 7.5 25 25 7.5 42.5 25 25 42.5 
1 Juve 1.00706 0.35138 0.38181 90.689 53 7.5 25 25 7.5 42.5 25 25 42.5 
1 Juve 1.06946 0.37421 0.40069 93.038 55.4 42.5 25 25 7.5 7.5 25 25 42.5 
1 Juve 1.07001 0.37171 0.40579 90.304 50.4 42.5 25 25 7.5 7.5 25 25 42.5 
1 Juve 1.15748 0.40707 0.43395 98.018 52.8 7.5 25 25 7.5 42.5 25 25 42.5 
1 Juve 0.934745 0.32505 0.35097 93.451 53.8 25 42.5 25 7.5 7.5 25 42.5 25 
1 Juve 1.22655 0.43259 0.45896 93.052 51.6 25 42.5 25 7.5 7.5 25 42.5 25 
1 Juve 1.13968 0.39866 0.42716 98.501 57.2 25 42.5 25 7.5 7.5 25 42.5 25 
1 Juve 1.13188 0.39571 0.42496 86.374 49.4 42.5 25 25 7.5 7.5 25 25 42.5 
1 Juve 1.03774 0.36444 0.39057 91.282 54.8 25 7.5 7.5 25 42.5 25 25 42.5 
1 Juve 1.06417 0.3755 0.39781 98.66 56 25 7.5 7.5 25 42.5 25 25 42.5 
1 Juve 1.01719 0.35619 0.38392 90.243 50 7.5 25 25 7.5 42.5 25 25 42.5 
1 Juve 1.02641 0.35986 0.38709 89.462 50.8 25 7.5 7.5 25 42.5 25 25 42.5 
1 Juve 1.07263 0.37564 0.40181 89.572 48.4 7.5 25 25 7.5 42.5 25 25 42.5 
1 Juve 1.1252 0.39948 0.42932 92.955 53 25 7.5 7.5 25 42.5 25 25 42.5 
1 Juve 1.04655 0.36518 0.39548 85.876 47.4 25 7.5 7.5 25 42.5 25 25 42.5 
1 Juve 1.01745 0.35553 0.38237 94.836 53.2 25 7.5 7.5 25 42.5 25 25 42.5 
1 Juve 1.17614 0.41313 0.44163 100.68 61.6 7.5 25 25 7.5 42.5 25 25 42.5 
1 Juve 1.07579 0.3797 0.4077 88.79 50.6 25 7.5 7.5 25 42.5 25 25 42.5 
1 Juve 1.15358 0.40588 0.44109 99.674 58.6 42.5 25 25 7.5 7.5 25 25 42.5 
1 Juve 1.05774 0.37176 0.40116 105.62 62.8 7.5 25 25 7.5 42.5 25 25 42.5 
1 Juve 1.11937 0.39822 0.42096 103.26 62.8 42.5 25 25 7.5 7.5 25 25 42.5 
1 Juve 1.00326 0.35027 0.37659 101.84 58 7.5 25 25 7.5 42.5 25 25 42.5 
1 Juve 1.22729 0.43222 0.4614 110.02 61.6 25 7.5 7.5 25 42.5 25 25 42.5 
1 Juve 1.22619 0.43219 0.4611 85.247 46.4 25 42.5 25 7.5 7.5 25 42.5 25 
1 Juve 1.23215 0.43257 0.46306 94.428 51.6 7.5 25 25 7.5 42.5 25 25 42.5 
1 Juve 1.20235 0.42463 0.44975 84.747 47.4 25 42.5 25 7.5 7.5 25 42.5 25 
1 Juve 1.19045 0.42149 0.44453 94.732 55.2 25 7.5 7.5 25 42.5 25 25 42.5 
1 Juve 0.939811 0.32514 0.35236 92.458 51.8 42.5 25 25 7.5 7.5 25 25 42.5 
1 Juve 1.21931 0.42727 0.46207 105.01 61.2 25 42.5 25 7.5 7.5 25 42.5 25 
1 Juve 1.18327 0.41656 0.44258 90.351 51 42.5 25 25 7.5 7.5 25 25 42.5 
1 Juve 1.08621 0.38242 0.4104 98.345 56.8 25 7.5 7.5 25 42.5 25 25 42.5 
1 Juve 1.1586 0.40974 0.43471 94.011 52.893 25 42.5 25 7.5 7.5 25 42.5 25 
1 Juve 1.13926 0.39784 0.42293 107.97 60 25 42.5 25 7.5 7.5 25 42.5 25 
1 Juve 1.0127 0.35526 0.37996 88.72 49.6 42.5 25 25 7.5 7.5 25 25 42.5 
1 Juve 0.955124 0.33311 0.36152 88.691 48.2 25 7.5 7.5 25 42.5 25 25 42.5 
1 Juve 1.02857 0.3605 0.3878 97.498 56.4 25 42.5 25 7.5 7.5 25 42.5 25 
1 Juve 0.992264 0.35011 0.38071 102.67 61.2 42.5 25 25 7.5 7.5 25 25 42.5 
1 Juve 1.18228 0.41244 0.44362 88.828 49.2 7.5 25 25 7.5 42.5 25 25 42.5 
1 Juve 0.965586 0.33522 0.36015 91.616 52.4 25 7.5 7.5 25 42.5 25 25 42.5 
1 Juve 0.962462 0.33891 0.36551 100.22 53.8 7.5 25 25 7.5 42.5 25 25 42.5 
1 Juve 1.11311 0.39306 0.42224 93.414 53 25 7.5 7.5 25 42.5 25 25 42.5 
1 Juve 0.997032 0.34761 0.36883 94.372 58 42.5 25 25 7.5 7.5 25 25 42.5 
1 Juve 1.18068 0.4155 0.44265 83.606 46.4 42.5 25 25 7.5 7.5 25 25 42.5 
1 Juve 1.03819 0.36368 0.38457 93.485 50.4 25 42.5 25 7.5 7.5 25 42.5 25 
1 Juve 1.07269 0.37746 0.4072 121.55 70.2 25 42.5 25 7.5 7.5 25 42.5 25 
1 Juve 1.04496 0.36771 0.39583 92.911 52.2 25 7.5 7.5 25 42.5 25 25 42.5 
1 Juve 1.21673 0.4276 0.45509 93.447 52.768 25 42.5 25 7.5 7.5 25 42.5 25 
1 Juve 1.08104 0.38106 0.40808 94.967 53.2 7.5 25 25 7.5 42.5 25 25 42.5 
1 Juve 1.03633 0.36471 0.38989 90.143 51 42.5 25 25 7.5 7.5 25 25 42.5 
1 Juve 1.09935 0.38674 0.41511 86.919 49.4 25 7.5 7.5 25 42.5 25 25 42.5 
1 Juve 1.01607 0.35714 0.38407 90.223 50.4 25 7.5 7.5 25 42.5 25 25 42.5 
1 Juve 1.02994 0.36329 0.39101 94.357 55.4 7.5 25 25 7.5 42.5 25 25 42.5 
1 Juve 0.950043 0.33096 0.35829 89.338 49 7.5 25 25 7.5 42.5 25 25 42.5 
1 Juve 0.943594 0.3254 0.35742 92.236 55.6 42.5 25 25 7.5 7.5 25 25 42.5 
1 Juve 1.11287 0.39047 0.41989 102.38 59.6 42.5 25 25 7.5 7.5 25 25 42.5 
1 Juve 1.05016 0.36739 0.39503 88.289 49.8 25 7.5 7.5 25 42.5 25 25 42.5 
1 Juve 1.08968 0.38312 0.41081 90.409 50 25 7.5 7.5 25 42.5 25 25 42.5 
1 Juve 1.15152 0.4051 0.43478 128.68 73.2 25 7.5 7.5 25 42.5 25 25 42.5 
1 Juve 1.1565 0.40755 0.43458 88.306 50.6 25 42.5 25 7.5 7.5 25 42.5 25 
1 Juve 1.00184 0.35175 0.37909 95.572 53.8 7.5 25 25 7.5 42.5 25 25 42.5 
1 Juve 1.05565 0.37195 0.39945 91.37 53.2 25 42.5 25 7.5 7.5 25 42.5 25 
1 Juve 1.05979 0.37307 0.40079 104.15 58 25 7.5 7.5 25 42.5 25 25 42.5 
1 Juve 1.15342 0.40602 0.43321 89.634 51.2 25 7.5 7.5 25 42.5 25 25 42.5 
1 Juve 1.07521 0.3777 0.40638 94.131 57.6 7.5 25 25 7.5 42.5 25 25 42.5 
1 Juve 1.08834 0.38412 0.41181 91.595 51 42.5 25 25 7.5 7.5 25 25 42.5 
1 Juve 1.03901 0.36358 0.39034 98.702 54.4 42.5 25 25 7.5 7.5 25 25 42.5 
1 Juve 1.06276 0.37488 0.3998 99.898 59.6 42.5 25 25 7.5 7.5 25 25 42.5 
1 Juve 1.02682 0.36041 0.39077 92.781 53 7.5 25 25 7.5 42.5 25 25 42.5 
1 Juve 1.0823 0.38073 0.40919 80.651 45 25 42.5 25 7.5 7.5 25 42.5 25 
1 Juve 1.03316 0.36458 0.39153 87.603 48.6 7.5 25 25 7.5 42.5 25 25 42.5 
1 Juve 0.954089 0.33162 0.3594 95.382 54.786 42.5 25 25 7.5 7.5 25 25 42.5 
1 Juve 1.02161 0.35658 0.3823 82.378 45.4 7.5 25 25 7.5 42.5 25 25 42.5 
1 Juve 1.10695 0.38647 0.41409 88.185 49.2 25 42.5 25 7.5 7.5 25 42.5 25 
1 Juve 1.0043 0.35008 0.38075 93.154 54.8 25 7.5 7.5 25 42.5 25 25 42.5 
1 Juve 1.02432 0.36193 0.39013 105.84 60.2 7.5 25 25 7.5 42.5 25 25 42.5 
1 Juve 1.03571 0.36028 0.39413 101.48 61.2 7.5 25 25 7.5 42.5 25 25 42.5 
1 Juve 0.960928 0.33469 0.365 98.678 57.4 25 7.5 7.5 25 42.5 25 25 42.5 
1 Juve 1.04162 0.36434 0.3905 95.286 53.4 25 7.5 7.5 25 42.5 25 25 42.5 
1 Juve 1.02112 0.35403 0.37748 97.618 57 25 7.5 7.5 25 42.5 25 25 42.5 
1 Juve 1.02894 0.35824 0.38878 104.64 56.8 42.5 25 25 7.5 7.5 25 25 42.5 
1 Juve 0.939876 0.32571 0.35476 89.168 48.2 7.5 25 25 7.5 42.5 25 25 42.5 
1 Juve 1.00809 0.35073 0.37685 100.29 55.2 25 42.5 25 7.5 7.5 25 42.5 25 
1 Juve 1.06206 0.371 0.40255 99.839 57.4 7.5 25 25 7.5 42.5 25 25 42.5 
1 Juve 0.934925 0.32402 0.35163 98.055 58.8 25 42.5 25 7.5 7.5 25 42.5 25 
1 Juve 0.999103 0.35129 0.38044 106.42 59.2 7.5 25 25 7.5 42.5 25 25 42.5 
1 Juve 1.03832 0.36093 0.38755 89.406 52.2 42.5 25 25 7.5 7.5 25 25 42.5 
1 Juve 0.988198 0.3478 0.37844 104.69 55.4 7.5 25 25 7.5 42.5 25 25 42.5 
1 Juve 1.02033 0.35701 0.38542 91.25 57.8 25 7.5 7.5 25 42.5 25 25 42.5 
1 Juve 1.00139 0.34869 0.37453 85.014 47.2 25 7.5 7.5 25 42.5 25 25 42.5 
1 Juve 0.950634 0.33129 0.35796 93.789 52.2 42.5 25 25 7.5 7.5 25 25 42.5 
1 Juve 1.04558 0.36577 0.39224 89.845 51.2 7.5 25 25 7.5 42.5 25 25 42.5 
1 Juve 1.02394 0.35911 0.38265 96.271 60.6 42.5 25 25 7.5 7.5 25 25 42.5 
1 Juve 0.972763 0.33897 0.36562 93.466 54.8 25 7.5 7.5 25 42.5 25 25 42.5 
1 Juve 0.911078 0.31376 0.34405 91.949 50 42.5 25 25 7.5 7.5 25 25 42.5 
1 Juve 0.923637 0.31954 0.34745 86.819 48.4 7.5 25 25 7.5 42.5 25 25 42.5 
1 Juve 1.03207 0.36001 0.38978 96.247 56.6 42.5 25 25 7.5 7.5 25 25 42.5 
1 Juve 1.04276 0.36726 0.39668 93.616 54.2 25 7.5 7.5 25 42.5 25 25 42.5 
1 Juve 1.19375 0.42068 0.44843 99.904 58.6 7.5 25 25 7.5 42.5 25 25 42.5 
1 Juve 1.17504 0.41353 0.44121 97.804 58.6 25 42.5 25 7.5 7.5 25 42.5 25 
1 Juve 1.19202 0.41914 0.4512 95.142 51.2 7.5 25 25 7.5 42.5 25 25 42.5 
1 Juve 1.17564 0.41488 0.44124 87.269 48.6 25 42.5 25 7.5 7.5 25 42.5 25 
1 Juve 1.15876 0.40913 0.43524 88.119 47.2 25 42.5 25 7.5 7.5 25 42.5 25 
1 Juve 1.17841 0.41589 0.44312 90.548 52 42.5 25 25 7.5 7.5 25 25 42.5 
1 Juve 1.16699 0.41162 0.43681 105.04 62.4 7.5 25 25 7.5 42.5 25 25 42.5 
1 Juve 1.17581 0.41555 0.44198 89.899 50.4 7.5 25 25 7.5 42.5 25 25 42.5 
1 Juve 1.18232 0.41714 0.44636 100.58 61 42.5 25 25 7.5 7.5 25 25 42.5 
1 Juve 1.2013 0.42291 0.45358 88.036 49.6 25 7.5 7.5 25 42.5 25 25 42.5 
1 Juve 1.16316 0.40828 0.43508 97.052 55.2 25 7.5 7.5 25 42.5 25 25 42.5 
1 Juve 1.18142 0.41563 0.44429 119.97 70.4 42.5 25 25 7.5 7.5 25 25 42.5 
1 Juve 1.19378 0.42213 0.44482 89.865 50.2 7.5 25 25 7.5 42.5 25 25 42.5 
1 Juve 1.20608 0.4272 0.45473 95.741 55 25 42.5 25 7.5 7.5 25 42.5 25 
1 Juve 1.16716 0.4101 0.43805 116.04 63.8 25 7.5 7.5 25 42.5 25 25 42.5 
1 Juve 1.18032 0.41584 0.44345 93.01 52.6 42.5 25 25 7.5 7.5 25 25 42.5 
1 Juve 1.05641 0.3684 0.39405 94.153 57 25 42.5 25 7.5 7.5 25 42.5 25 
1 Juve 1.00165 0.35071 0.37807 89.872 51.4 7.5 25 25 7.5 42.5 25 25 42.5 
1 Juve 1.02124 0.35619 0.38196 105.59 60.6 7.5 25 25 7.5 42.5 25 25 42.5 
1 Juve 0.89826 0.3103 0.33544 98.671 56.8 25 42.5 25 7.5 7.5 25 42.5 25 
1 Juve 1.1009 0.38788 0.41431 86.519 47.2 42.5 25 25 7.5 7.5 25 25 42.5 
1 Juve 1.04336 0.36322 0.38955 95.4 58.503 25 42.5 25 7.5 7.5 25 42.5 25 
1 Juve 0.939012 0.32677 0.35119 93.673 51.4 42.5 25 25 7.5 7.5 25 25 42.5 
1 Juve 1.02188 0.35755 0.38529 93.691 49.8 7.5 25 25 7.5 42.5 25 25 42.5 
1 Juve 0.953732 0.33732 0.36343 93.017 51.8 25 7.5 7.5 25 42.5 25 25 42.5 
1 Juve 1.21134 0.42514 0.4542 92.5 52 7.5 25 25 7.5 42.5 25 25 42.5 
1 Juve 1.03683 0.36313 0.39092 99.613 58.8 42.5 25 25 7.5 7.5 25 25 42.5 
1 Juve 1.02935 0.36083 0.38753 90.678 51.6 25 7.5 7.5 25 42.5 25 25 42.5 
1 Juve 0.944819 0.32736 0.35389 92.426 51 25 42.5 25 7.5 7.5 25 42.5 25 
1 Juve 1.06653 0.3744 0.40091 96.283 57.2 7.5 25 25 7.5 42.5 25 25 42.5 
1 Juve 1.04929 0.3703 0.39711 99.267 54.6 25 7.5 7.5 25 42.5 25 25 42.5 
1 Juve 1.05182 0.36905 0.39656 94 54.2 7.5 25 25 7.5 42.5 25 25 42.5 
1 Juve 0.991378 0.34851 0.3744 95.054 56.2 25 42.5 25 7.5 7.5 25 42.5 25 
1 Juve 1.15863 0.40779 0.4342 85.818 47.2 25 42.5 25 7.5 7.5 25 42.5 25 
1 Juve 1.10345 0.38996 0.41845 104.18 61.8 7.5 25 25 7.5 42.5 25 25 42.5 
1 Juve 1.04234 0.37012 0.39231 84.126 47 7.5 25 25 7.5 42.5 25 25 42.5 
1 Juve 1.18319 0.41715 0.4453 104.99 62.4 42.5 25 25 7.5 7.5 25 25 42.5 
1 Juve 1.19958 0.42281 0.45035 99.665 56.8 25 42.5 25 7.5 7.5 25 42.5 25 
1 Juve 1.20438 0.42601 0.45206 91.051 52.6 25 7.5 7.5 25 42.5 25 25 42.5 
1 Juve 1.17939 0.41605 0.44032 104.82 63.4 25 7.5 7.5 25 42.5 25 25 42.5 
1 Juve 1.17456 0.41383 0.44073 111.03 67.781 25 42.5 25 7.5 7.5 25 42.5 25 
1 Juve 1.02377 0.35792 0.38307 86.384 48.6 25 7.5 7.5 25 42.5 25 25 42.5 
1 Juve 1.19326 0.42038 0.44791 105.27 59 25 7.5 7.5 25 42.5 25 25 42.5 
1 Juve 1.19765 0.42236 0.44982 93.151 54 42.5 25 25 7.5 7.5 25 25 42.5 
1 Juve 1.19193 0.41909 0.45065 108.86 64 42.5 25 25 7.5 7.5 25 25 42.5 
1 Juve 0.985544 0.34302 0.36872 89.382 48.4 7.5 25 25 7.5 42.5 25 25 42.5 
1 Juve 1.09959 0.38871 0.41802 94.27 52.8 7.5 25 25 7.5 42.5 25 25 42.5 
1 Juve 0.944361 0.32749 0.3546 88.935 49.6 42.5 25 25 7.5 7.5 25 25 42.5 
1 Juve 0.945722 0.32807 0.35393 99.48 61.8 42.5 25 25 7.5 7.5 25 25 42.5 
1 Juve 1.19104 0.41918 0.4478 89.176 51 25 7.5 7.5 25 42.5 25 25 42.5 
1 Juve 1.13398 0.40164 0.42468 95.487 56 42.5 25 25 7.5 7.5 25 25 42.5 
1 Juve 1.16456 0.41034 0.43492 87.728 49 42.5 25 25 7.5 7.5 25 25 42.5 
1 Juve 1.12717 0.39791 0.42389 94.51 54.8 25 42.5 25 7.5 7.5 25 42.5 25 
1 Juve 1.17488 0.413 0.44148 88.873 50.2 25 42.5 25 7.5 7.5 25 42.5 25 
1 Juve 1.21571 0.43194 0.45685 99.541 59.8 25 42.5 25 7.5 7.5 25 42.5 25 
1 Juve 1.04129 0.36295 0.39379 89.055 51.4 25 7.5 7.5 25 42.5 25 25 42.5 
1 Juve 1.20023 0.4235 0.45269 104.79 55.6 25 7.5 7.5 25 42.5 25 25 42.5 
1 Juve 1.1882 0.41834 0.44614 91.158 51.4 25 7.5 7.5 25 42.5 25 25 42.5 
1 Juve 1.04785 0.36676 0.39614 89.166 50.6 42.5 25 25 7.5 7.5 25 25 42.5 
1 Juve 1.00248 0.35395 0.38003 90.87 51.4 25 42.5 25 7.5 7.5 25 42.5 25 
1 Juve 1.08638 0.38166 0.41144 98.098 56.6 42.5 25 25 7.5 7.5 25 25 42.5 
1 Juve 1.18066 0.41763 0.43995 79.306 43.6 25 42.5 25 7.5 7.5 25 42.5 25 
1 Juve 1.20276 0.42455 0.4545 93.41 59 42.5 25 25 7.5 7.5 25 25 42.5 
1 Juve 1.23712 0.435 0.46273 103.2 57.4 25 42.5 25 7.5 7.5 25 42.5 25 
1 Juve 1.02039 0.35829 0.38505 95.371 53.2 25 42.5 25 7.5 7.5 25 42.5 25 
1 Juve 1.0565 0.37288 0.40195 93.044 51.8 25 42.5 25 7.5 7.5 25 42.5 25 
1 Juve 1.04564 0.36843 0.3954 87.339 48.4 25 42.5 25 7.5 7.5 25 42.5 25 
1 Juve 1.19311 0.41866 0.4498 92.255 51.4 25 42.5 25 7.5 7.5 25 42.5 25 
1 Juve 1.14574 0.40443 0.43015 89.991 50.6 25 42.5 25 7.5 7.5 25 42.5 25 
1 Juve 1.06945 0.37726 0.40733 98.671 54.6 7.5 25 25 7.5 42.5 25 25 42.5 
1 Juve 1.0567 0.37263 0.40056 89.973 50.2 42.5 25 25 7.5 7.5 25 25 42.5 
1 Juve 1.18999 0.42014 0.44832 99.782 57.8 7.5 25 25 7.5 42.5 25 25 42.5 
1 Juve 1.16981 0.41214 0.43936 93.241 51.2 25 7.5 7.5 25 42.5 25 25 42.5 
1 Juve 1.20062 0.42213 0.4486 86.911 48.6 7.5 25 25 7.5 42.5 25 25 42.5 
1 Juve 1.1961 0.42185 0.44869 99.654 56.8 42.5 25 25 7.5 7.5 25 25 42.5 
1 Juve 1.19712 0.42281 0.44886 101.56 58.4 25 7.5 7.5 25 42.5 25 25 42.5 
1 Juve 1.14172 0.40179 0.42991 111.03 73 7.5 25 25 7.5 42.5 25 25 42.5 
1 Juve 1.1912 0.41935 0.44904 96.776 55.8 25 42.5 25 7.5 7.5 25 42.5 25 
1 Juve 1.19709 0.42183 0.45049 89.244 52.4 25 7.5 7.5 25 42.5 25 25 42.5 
1 Juve 1.18662 0.41833 0.44659 89.871 54.2 25 42.5 25 7.5 7.5 25 42.5 25 
1 Juve 1.17605 0.41277 0.44289 82.944 48 42.5 25 25 7.5 7.5 25 25 42.5 
1 Juve 1.16696 0.41028 0.43812 91.831 53 25 7.5 7.5 25 42.5 25 25 42.5 
1 Juve 0.964375 0.33619 0.3607 98.471 54.4 25 42.5 25 7.5 7.5 25 42.5 25 
1 Juve 1.21374 0.42884 0.45653 91.395 51.4 25 42.5 25 7.5 7.5 25 42.5 25 
1 Juve 1.1773 0.4161 0.44311 93.426 55 25 42.5 25 7.5 7.5 25 42.5 25 
1 Juve 1.15639 0.40725 0.43458 101.38 57.6 7.5 25 25 7.5 42.5 25 25 42.5 
1 Juve 1.05249 0.37037 0.39746 86.375 47 25 7.5 7.5 25 42.5 25 25 42.5 
1 Juve 1.03267 0.36162 0.39034 86.617 48.8 42.5 25 25 7.5 7.5 25 25 42.5 
1 Juve 1.05462 0.37005 0.4013 94.576 54.8 25 7.5 7.5 25 42.5 25 25 42.5 
1 Juve 1.20494 0.42459 0.45045 93.614 51.2 7.5 25 25 7.5 42.5 25 25 42.5 
1 Juve 1.156 0.40609 0.43467 90.123 54.6 42.5 25 25 7.5 7.5 25 25 42.5 
1 Juve 1.06932 0.37249 0.39837 96.529 56.4 7.5 25 25 7.5 42.5 25 25 42.5 
1 Juve 1.16564 0.41025 0.43829 88.878 46.547 7.5 25 25 7.5 42.5 25 25 42.5 
1 Juve 1.01776 0.35515 0.38071 105.06 57.6 42.5 25 25 7.5 7.5 25 25 42.5 
1 Juve 1.08175 0.37786 0.40513 101.24 57.6 25 7.5 7.5 25 42.5 25 25 42.5 
1 Juve 1.21568 0.42778 0.4587 105.06 60.6 25 42.5 25 7.5 7.5 25 42.5 25 
1 Juve 1.16963 0.41203 0.43785 91.387 50 7.5 25 25 7.5 42.5 25 25 42.5 
1 Juve 1.16496 0.41029 0.43709 93.27 54 25 42.5 25 7.5 7.5 25 42.5 25 
1 Juve 1.18364 0.41788 0.44601 92.573 51.4 42.5 25 25 7.5 7.5 25 25 42.5 
1 Juve 1.15105 0.40749 0.43612 88.649 49.4 25 42.5 25 7.5 7.5 25 42.5 25 
1 Juve 1.15939 0.40786 0.43489 86.345 50.6 25 42.5 25 7.5 7.5 25 42.5 25 
1 Juve 0.967309 0.33733 0.36312 90.773 50.4 7.5 25 25 7.5 42.5 25 25 42.5 
1 Juve 1.24205 0.43661 0.46566 98.977 55.6 25 7.5 7.5 25 42.5 25 25 42.5 
1 Juve 1.14767 0.4034 0.431 105.59 59.4 25 42.5 25 7.5 7.5 25 42.5 25 
1 Juve 1.03122 0.36087 0.38889 97.108 57.6 7.5 25 25 7.5 42.5 25 25 42.5 
1 Juve 1.02934 0.36136 0.38998 92.934 51.4 42.5 25 25 7.5 7.5 25 25 42.5 
1 Juve 1.19961 0.4225 0.45038 92.521 52.2 42.5 25 25 7.5 7.5 25 25 42.5 
1 Juve 1.13715 0.40087 0.42672 91.888 51.4 25 7.5 7.5 25 42.5 25 25 42.5 
1 Juve 1.03465 0.36475 0.38985 101.72 57.304 25 7.5 7.5 25 42.5 25 25 42.5 
1 Juve 1.16817 0.41062 0.44009 91.484 53 42.5 25 25 7.5 7.5 25 25 42.5 
1 Juve 1.17173 0.41247 0.43855 103.17 58.4 25 42.5 25 7.5 7.5 25 42.5 25 
1 Juve 1.18285 0.41632 0.44277 95.618 56.2 42.5 25 25 7.5 7.5 25 25 42.5 
1 Juve 1.1983 0.42236 0.44844 91.66 54.2 42.5 25 25 7.5 7.5 25 25 42.5 
1 Juve 1.18185 0.41709 0.44577 84.57 45.4 7.5 25 25 7.5 42.5 25 25 42.5 
1 Juve 1.04689 0.36749 0.39467 88.313 51.6 42.5 25 25 7.5 7.5 25 25 42.5 
1 Juve 1.19357 0.42008 0.44804 96.708 55.8 7.5 25 25 7.5 42.5 25 25 42.5 
1 Juve 1.2365 0.43701 0.4642 116 63.6 25 42.5 25 7.5 7.5 25 42.5 25 
1 Juve 1.23549 0.43557 0.46231 93.059 51.6 42.5 25 25 7.5 7.5 25 25 42.5 
1 Juve 1.17903 0.41465 0.44226 105.47 59.8 42.5 25 25 7.5 7.5 25 25 42.5 
1 Juve 0.934142 0.32866 0.35662 101.84 58.8 7.5 25 25 7.5 42.5 25 25 42.5 
1 Juve 1.13452 0.39877 0.42619 89.631 49.4 25 7.5 7.5 25 42.5 25 25 42.5 
1 Juve 1.01991 0.35826 0.3881 86.961 49.6 7.5 25 25 7.5 42.5 25 25 42.5 
1 Juve 1.04092 0.36598 0.39204 89.605 52.8 42.5 25 25 7.5 7.5 25 25 42.5 
1 Juve 1.16044 0.40945 0.43845 91.804 52.6 42.5 25 25 7.5 7.5 25 25 42.5 
1 Juve 1.16928 0.41226 0.43806 89.208 49.8 42.5 25 25 7.5 7.5 25 25 42.5 
1 Juve 1.20424 0.42647 0.4496 108.04 68.6 42.5 25 25 7.5 7.5 25 25 42.5 
1 Juve 1.17836 0.41433 0.44048 94.606 54 7.5 25 25 7.5 42.5 25 25 42.5 
1 Juve 1.23838 0.43791 0.46615 99.424 56 25 7.5 7.5 25 42.5 25 25 42.5 
1 Juve 1.19828 0.42183 0.44964 90.809 51.4 7.5 25 25 7.5 42.5 25 25 42.5 
1 Juve 1.17499 0.41594 0.44182 86.457 49.6 25 7.5 7.5 25 42.5 25 25 42.5 
1 Juve 1.14541 0.40274 0.42824 94.725 53 42.5 25 25 7.5 7.5 25 25 42.5 
1 Juve 1.20496 0.4246 0.45154 97.888 56.8 7.5 25 25 7.5 42.5 25 25 42.5 
1 Juve 1.18499 0.41627 0.4448 88.526 47.8 25 7.5 7.5 25 42.5 25 25 42.5 
1 Juve 0.961611 0.3337 0.3626 93.546 55 25 7.5 7.5 25 42.5 25 25 42.5 
1 Juve 1.19431 0.42113 0.44687 129.24 80.2 42.5 25 25 7.5 7.5 25 25 42.5 
1 Juve 1.1981 0.42127 0.45126 103.84 58.4 7.5 25 25 7.5 42.5 25 25 42.5 
1 Juve 1.08218 0.38112 0.4099 96.301 55.2 25 42.5 25 7.5 7.5 25 42.5 25 
1 Juve 0.940751 0.32469 0.35247 84.702 46.4 42.5 25 25 7.5 7.5 25 25 42.5 
1 Juve 1.05112 0.36955 0.3978 95.045 52.8 25 7.5 7.5 25 42.5 25 25 42.5 
1 Juve 1.06061 0.37217 0.40228 91.056 50.8 25 7.5 7.5 25 42.5 25 25 42.5 
1 Juve 0.934526 0.32182 0.35144 83.992 45.8 25 7.5 7.5 25 42.5 25 25 42.5 
1 Juve 1.0683 0.37577 0.39832 92.188 53.8 25 42.5 25 7.5 7.5 25 42.5 25 
1 Juve 1.22123 0.43237 0.46009 87.44 48.8 7.5 25 25 7.5 42.5 25 25 42.5 
1 Juve 1.08294 0.37871 0.40629 87.651 47.6 25 7.5 7.5 25 42.5 25 25 42.5 
1 Juve 0.944877 0.32733 0.35561 92.309 54.2 25 42.5 25 7.5 7.5 25 42.5 25 
1 Juve 1.02322 0.36059 0.38956 98.416 55.2 7.5 25 25 7.5 42.5 25 25 42.5 
1 Juve 1.17573 0.41284 0.44021 89.565 50 42.5 25 25 7.5 7.5 25 25 42.5 
1 Juve 1.19112 0.42116 0.4473 86.312 48.4 42.5 25 25 7.5 7.5 25 25 42.5 
1 Juve 1.01596 0.35251 0.38011 94.858 52.6 42.5 25 25 7.5 7.5 25 25 42.5 
1 Juve 1.18777 0.41833 0.44675 112.34 65 25 7.5 7.5 25 42.5 25 25 42.5 
1 Juve 1.17793 0.4173 0.43993 97.821 55.6 25 7.5 7.5 25 42.5 25 25 42.5 
1 Juve 1.23402 0.43472 0.46263 97.976 60.4 42.5 25 25 7.5 7.5 25 25 42.5 
1 Juve 1.04301 0.36984 0.39671 89.421 50.6 25 7.5 7.5 25 42.5 25 25 42.5 
1 Juve 1.18956 0.42057 0.44721 91.83 52.8 42.5 25 25 7.5 7.5 25 25 42.5 
1 Juve 1.15124 0.40768 0.43789 95.784 56.6 42.5 25 25 7.5 7.5 25 25 42.5 
1 Juve 1.0174 0.35707 0.38512 106.54 63.8 42.5 25 25 7.5 7.5 25 25 42.5 
1 Juve 1.129 0.3983 0.42199 99.044 53.8 25 42.5 25 7.5 7.5 25 42.5 25 
1 Juve 1.023 0.36092 0.38351 91.211 53.8 7.5 25 25 7.5 42.5 25 25 42.5 
1 Juve 1.0139 0.35294 0.38025 101.75 59.8 25 42.5 25 7.5 7.5 25 42.5 25 
1 Juve 1.14106 0.40178 0.42805 94.068 53.995 25 7.5 7.5 25 42.5 25 25 42.5 
1 Juve 1.16535 0.40854 0.43525 101.53 55.6 25 7.5 7.5 25 42.5 25 25 42.5 
1 Juve 1.14044 0.40506 0.4286 91.719 53.6 25 42.5 25 7.5 7.5 25 42.5 25 
1 Juve 1.13135 0.39733 0.42317 100.68 59.2 25 7.5 7.5 25 42.5 25 25 42.5 
1 Juve 1.0344 0.36159 0.38889 107.35 62.2 7.5 25 25 7.5 42.5 25 25 42.5 
1 Juve 1.13656 0.40195 0.43172 100.33 56.2 25 7.5 7.5 25 42.5 25 25 42.5 
1 Juve 1.09752 0.3856 0.41437 92.83 51.8 7.5 25 25 7.5 42.5 25 25 42.5 
1 Juve 1.07744 0.38161 0.40983 99.392 58 7.5 25 25 7.5 42.5 25 25 42.5 
1 Juve 1.17277 0.41223 0.44162 102 64.8 7.5 25 25 7.5 42.5 25 25 42.5 
1 Juve 1.04314 0.36818 0.39324 89.066 47.6 25 7.5 7.5 25 42.5 25 25 42.5 
1 Juve 1.0771 0.38446 0.41236 98.557 57.8 25 7.5 7.5 25 42.5 25 25 42.5 
1 Juve 1.05608 0.37313 0.4007 100.59 55.695 25 7.5 7.5 25 42.5 25 25 42.5 
1 Juve 0.933282 0.32301 0.35078 98.454 56 42.5 25 25 7.5 7.5 25 25 42.5 
1 Juve 1.00448 0.35005 0.37567 101.94 57.4 7.5 25 25 7.5 42.5 25 25 42.5 
1 Juve 0.951214 0.33084 0.35329 92.364 51.2 42.5 25 25 7.5 7.5 25 25 42.5 
1 Juve 0.961839 0.33254 0.36081 95.026 56.4 42.5 25 25 7.5 7.5 25 25 42.5 
1 Juve 1.01273 0.3545 0.38321 90.324 51.2 25 7.5 7.5 25 42.5 25 25 42.5 
1 Juve 1.04604 0.36522 0.3972 126.04 69 7.5 25 25 7.5 42.5 25 25 42.5 
1 Juve 1.03891 0.36152 0.38918 85.622 48.4 25 42.5 25 7.5 7.5 25 42.5 25 
1 Juve 0.946899 0.33021 0.35292 84.856 48 7.5 25 25 7.5 42.5 25 25 42.5 
1 Juve 1.20271 0.42427 0.45043 102.3 62 25 7.5 7.5 25 42.5 25 25 42.5 
1 Juve 1.15211 0.40675 0.42807 87.483 49.561 25 42.5 25 7.5 7.5 25 42.5 25 
1 Juve 1.18089 0.41771 0.44478 86.599 49.2 25 7.5 7.5 25 42.5 25 25 42.5 
1 Juve 1.17338 0.41314 0.44026 92.334 54.2 25 42.5 25 7.5 7.5 25 42.5 25 
1 Juve 1.25788 0.44407 0.47209 92.285 55 42.5 25 25 7.5 7.5 25 25 42.5 
1 Juve 1.1671 0.41011 0.43815 97.712 55.2 25 42.5 25 7.5 7.5 25 42.5 25 
1 Juve 1.18065 0.41657 0.44373 103.57 58.2 7.5 25 25 7.5 42.5 25 25 42.5 
1 Juve 1.19124 0.42007 0.4483 93.5 51.2 25 42.5 25 7.5 7.5 25 42.5 25 
1 Juve 0.985019 0.34394 0.3703 101.33 58 25 42.5 25 7.5 7.5 25 42.5 25 
1 Juve 1.055 0.37246 0.39886 95.081 54.8 42.5 25 25 7.5 7.5 25 25 42.5 
1 Juve 1.11328 0.39253 0.41959 125.73 71.6 25 42.5 25 7.5 7.5 25 42.5 25 
1 Juve 1.07887 0.38079 0.40652 99.042 55.2 42.5 25 25 7.5 7.5 25 25 42.5 
1 Juve 1.09675 0.38828 0.41074 88.843 50.6 42.5 25 25 7.5 7.5 25 25 42.5 
1 Juve 1.18357 0.41692 0.44364 95.042 56.6 25 7.5 7.5 25 42.5 25 25 42.5 
1 Juve 1.21093 0.42528 0.45523 99.441 55.2 7.5 25 25 7.5 42.5 25 25 42.5 
1 Juve 1.18204 0.41543 0.44644 100.23 57.2 7.5 25 25 7.5 42.5 25 25 42.5 
1 Juve 1.00784 0.35143 0.38034 82.862 46.8 7.5 25 25 7.5 42.5 25 25 42.5 
1 Juve 1.18918 0.41972 0.44753 100.63 58 25 42.5 25 7.5 7.5 25 42.5 25 
1 Juve 1.19067 0.42289 0.44806 115.56 66.6 7.5 25 25 7.5 42.5 25 25 42.5 
1 Juve 1.21434 0.4284 0.45908 107.28 61.59 25 7.5 7.5 25 42.5 25 25 42.5 
1 Juve 1.14872 0.40407 0.43177 96.621 56.2 7.5 25 25 7.5 42.5 25 25 42.5 
1 Juve 1.03793 0.36534 0.39082 87.755 48.4 7.5 25 25 7.5 42.5 25 25 42.5 
1 Juve 1.23853 0.43515 0.46276 98.859 56.586 25 42.5 25 7.5 7.5 25 42.5 25 
1 Juve 1.18378 0.41932 0.44821 105.16 64.997 42.5 25 25 7.5 7.5 25 25 42.5 
1 Juve 1.21012 0.42723 0.45392 88.711 47.4 42.5 25 25 7.5 7.5 25 25 42.5 
1 Juve 1.17334 0.41351 0.44093 94.144 55.2 25 42.5 25 7.5 7.5 25 42.5 25 
1 Juve 1.17923 0.41526 0.44474 103.94 63.152 42.5 25 25 7.5 7.5 25 25 42.5 
1 Juve 1.21911 0.43011 0.45628 94.895 54.6 7.5 25 25 7.5 42.5 25 25 42.5 
1 Juve 1.20456 0.42414 0.45347 97.559 56 7.5 25 25 7.5 42.5 25 25 42.5 
1 Juve 1.17367 0.41344 0.43951 84.497 47.2 7.5 25 25 7.5 42.5 25 25 42.5 
1 Juve 1.00805 0.35157 0.38044 90.367 51.4 25 42.5 25 7.5 7.5 25 42.5 25 
1 Juve 1.18717 0.4203 0.44922 86.156 49.299 25 42.5 25 7.5 7.5 25 42.5 25 
1 Juve 1.15942 0.40692 0.43353 98.104 57.2 42.5 25 25 7.5 7.5 25 25 42.5 
1 Juve 1.22894 0.43517 0.45899 92.62 51.8 25 42.5 25 7.5 7.5 25 42.5 25 
1 Juve 1.03962 0.36504 0.38798 92.375 50.8 25 42.5 25 7.5 7.5 25 42.5 25 
1 Juve 1.05708 0.36999 0.40006 94.516 52.2 25 42.5 25 7.5 7.5 25 42.5 25 
1 Juve 1.17635 0.41382 0.44387 92.722 53.8 7.5 25 25 7.5 42.5 25 25 42.5 
1 Juve 1.19591 0.42148 0.44848 84.393 45.4 25 42.5 25 7.5 7.5 25 42.5 25 
1 Juve 1.06864 0.37994 0.40873 88.979 50.4 25 7.5 7.5 25 42.5 25 25 42.5 
1 Juve 1.14219 0.40054 0.42699 94.169 54.6 25 42.5 25 7.5 7.5 25 42.5 25 
1 Juve 0.952152 0.33141 0.35781 104.08 62 42.5 25 25 7.5 7.5 25 25 42.5 
1 Juve 1.0455 0.36725 0.39543 94.067 50 25 7.5 7.5 25 42.5 25 25 42.5 
1 Juve 1.21983 0.43034 0.45799 87.325 46.2 42.5 25 25 7.5 7.5 25 25 42.5 
1 Juve 1.1822 0.41634 0.44459 96.323 55 7.5 25 25 7.5 42.5 25 25 42.5 
1 Juve 1.05589 0.37305 0.39509 101.28 58.4 25 42.5 25 7.5 7.5 25 42.5 25 
1 Juve 1.08785 0.38325 0.40986 87.973 48.4 25 42.5 25 7.5 7.5 25 42.5 25 
1 Juve 1.00409 0.34957 0.37752 90.021 49.2 25 7.5 7.5 25 42.5 25 25 42.5 
1 Juve 1.09012 0.38192 0.40849 101.77 57.4 25 7.5 7.5 25 42.5 25 25 42.5 
1 Juve 1.05753 0.37097 0.39711 104.69 63.4 42.5 25 25 7.5 7.5 25 25 42.5 
1 Juve 0.95375 0.32812 0.35583 88.477 47.8 42.5 25 25 7.5 7.5 25 25 42.5 
1 Juve 1.08814 0.38397 0.41102 100.26 62 25 42.5 25 7.5 7.5 25 42.5 25 
1 Juve 1.10209 0.38944 0.41575 100.42 57.2 7.5 25 25 7.5 42.5 25 25 42.5 
1 Juve 1.01322 0.35441 0.38092 86.69 48 25 7.5 7.5 25 42.5 25 25 42.5 
1 Juve 1.06279 0.37534 0.40351 97.59 54.8 25 42.5 25 7.5 7.5 25 42.5 25 
1 Juve 1.07186 0.37862 0.40403 96.358 54.4 25 7.5 7.5 25 42.5 25 25 42.5 
1 Juve 1.05265 0.37007 0.39636 100.77 61.8 25 7.5 7.5 25 42.5 25 25 42.5 
1 Juve 1.20004 0.42288 0.44994 111.1 65.4 42.5 25 25 7.5 7.5 25 25 42.5 
1 Juve 1.17005 0.41197 0.43929 83.403 45.6 7.5 25 25 7.5 42.5 25 25 42.5 
1 Juve 1.07556 0.3763 0.40125 86.242 46.2 42.5 25 25 7.5 7.5 25 25 42.5 
1 Juve 1.20057 0.4221 0.44947 91.64 53 25 42.5 25 7.5 7.5 25 42.5 25 
1 Juve 1.19839 0.42245 0.45083 119.6 72.4 42.5 25 25 7.5 7.5 25 25 42.5 
1 Juve 1.19608 0.42115 0.45008 93.352 54.2 7.5 25 25 7.5 42.5 25 25 42.5 
1 Juve 1.21666 0.42947 0.45254 84.033 45 7.5 25 25 7.5 42.5 25 25 42.5 
1 Juve 1.06916 0.37521 0.40329 92.364 53.8 25 42.5 25 7.5 7.5 25 42.5 25 
1 Juve 1.1725 0.41372 0.4391 87.432 49.6 42.5 25 25 7.5 7.5 25 25 42.5 
1 Juve 1.1647 0.41042 0.43543 94.443 54.4 25 42.5 25 7.5 7.5 25 42.5 25 
1 Juve 1.05272 0.36905 0.39304 88.659 51.2 42.5 25 25 7.5 7.5 25 25 42.5 
1 Juve 1.19962 0.42303 0.45104 96.708 55.8 25 42.5 25 7.5 7.5 25 42.5 25 
1 Juve 0.920881 0.32186 0.34518 89.231 50.8 25 42.5 25 7.5 7.5 25 42.5 25 
1 Juve 1.08831 0.38382 0.40955 101.04 54.8 42.5 25 25 7.5 7.5 25 25 42.5 
1 Juve 1.20028 0.42289 0.45106 86.458 48.8 25 7.5 7.5 25 42.5 25 25 42.5 
1 Juve 1.01201 0.35786 0.38924 95.399 57.2 42.5 25 25 7.5 7.5 25 25 42.5 
1 Juve 1.17948 0.41513 0.44294 88.023 48.4 42.5 25 25 7.5 7.5 25 25 42.5 
1 Juve 1.00184 0.34772 0.37734 91.098 49.8 25 42.5 25 7.5 7.5 25 42.5 25 
1 Juve 1.04246 0.36093 0.38796 99.919 59.6 25 42.5 25 7.5 7.5 25 42.5 25 
1 Juve 1.20356 0.42434 0.45617 98.795 57.4 7.5 25 25 7.5 42.5 25 25 42.5 
1 Juve 1.16487 0.41104 0.43754 91.422 49.6 25 42.5 25 7.5 7.5 25 42.5 25 
1 Juve 1.21111 0.42749 0.45269 93.681 56.8 25 7.5 7.5 25 42.5 25 25 42.5 
1 Juve 1.19722 0.42155 0.44917 103.43 59.4 25 42.5 25 7.5 7.5 25 42.5 25 
1 Juve 1.06785 0.37161 0.40312 97.791 56.4 25 42.5 25 7.5 7.5 25 42.5 25 
1 Juve 1.22833 0.43366 0.46242 101.23 57 25 42.5 25 7.5 7.5 25 42.5 25 
1 Juve 1.20378 0.42316 0.45056 100.46 60.2 42.5 25 25 7.5 7.5 25 25 42.5 
1 Juve 1.16207 0.40852 0.43485 101.92 56.6 7.5 25 25 7.5 42.5 25 25 42.5 
1 Juve 1.16612 0.41089 0.43691 84.574 48.8 25 7.5 7.5 25 42.5 25 25 42.5 
1 Juve 1.20827 0.42614 0.45213 92.896 51.8 7.5 25 25 7.5 42.5 25 25 42.5 
1 Juve 0.920726 0.31979 0.34502 97.964 58.6 42.5 25 25 7.5 7.5 25 25 42.5 
1 Juve 1.10763 0.38776 0.41409 112.49 63.6 42.5 25 25 7.5 7.5 25 25 42.5 
1 Juve 1.21202 0.42663 0.45447 89.775 50.8 25 42.5 25 7.5 7.5 25 42.5 25 
1 Juve 1.21075 0.42636 0.45257 83.798 43.6 42.5 25 25 7.5 7.5 25 25 42.5 
1 Juve 1.1619 0.40993 0.43587 101.11 60.2 7.5 25 25 7.5 42.5 25 25 42.5 
1 Juve 1.22763 0.43372 0.45965 105.39 61.8 25 42.5 25 7.5 7.5 25 42.5 25 
1 Juve 1.21147 0.42842 0.45635 92.497 53.2 42.5 25 25 7.5 7.5 25 25 42.5 
1 Juve 1.17894 0.41428 0.44296 91.383 51.4 7.5 25 25 7.5 42.5 25 25 42.5 
1 Juve 1.20489 0.42539 0.45203 86.106 50 7.5 25 25 7.5 42.5 25 25 42.5 
1 Juve 1.1693 0.41082 0.43782 87.954 48.8 42.5 25 25 7.5 7.5 25 25 42.5 
1 Juve 1.21115 0.42582 0.4558 91.191 50.4 25 7.5 7.5 25 42.5 25 25 42.5 
1 Juve 1.21717 0.42971 0.45767 92.226 53.6 42.5 25 25 7.5 7.5 25 25 42.5 
1 Juve 1.21702 0.42914 0.45727 102.53 60.2 25 7.5 7.5 25 42.5 25 25 42.5 
1 Juve 1.20923 0.42769 0.4495 81.488 44.6 25 7.5 7.5 25 42.5 25 25 42.5 
1 Juve 1.20026 0.42283 0.44959 94.728 54.8 42.5 25 25 7.5 7.5 25 25 42.5 
1 Juve 1.20256 0.42326 0.45456 106.12 59.2 7.5 25 25 7.5 42.5 25 25 42.5 
1 Juve 1.2358 0.43656 0.46473 91.435 50.8 7.5 25 25 7.5 42.5 25 25 42.5 
1 Juve 1.16888 0.41256 0.43834 84.653 46.2 25 42.5 25 7.5 7.5 25 42.5 25 
1 Juve 1.20128 0.42366 0.45055 109.17 64.6 42.5 25 25 7.5 7.5 25 25 42.5 
1 Juve 0.963774 0.33739 0.36014 82.356 46 25 42.5 25 7.5 7.5 25 42.5 25 
