1 Juve 1.15697 0.39951 0.49216 377.47 216.2 46 17.5 4 4 17.5 4 32.5 4 46 4 4 17.5 17.5 17.5 32.5 17.5 4 33 17.5 33 32.5 33 46 33 4 46 17.5 46 32.5 46 46 46 
1 Juve 1.12125 0.39243 0.46087 284.84 163 17.5 17.5 4 4 17.5 4 32.5 4 46 4 4 17.5 32.5 17.5 46 17.5 4 33 17.5 33 32.5 33 46 33 4 46 17.5 46 32.5 46 46 46 
1 Juve 1.21767 0.42251 0.51778 381.93 217.2 46 33 4 4 17.5 4 32.5 4 46 4 4 17.5 17.5 17.5 32.5 17.5 46 17.5 4 33 17.5 33 32.5 33 4 46 17.5 46 32.5 46 46 46 
1 Juve 1.11539 0.38724 0.45981 307.77 181 46 4 4 4 17.5 4 32.5 4 4 17.5 17.5 17.5 32.5 17.5 46 17.5 4 33 17.5 33 32.5 33 46 33 4 46 17.5 46 32.5 46 46 46 
1 Juve 1.10265 0.38352 0.45669 291.32 170.9 46 33 4 4 17.5 4 32.5 4 46 4 4 17.5 17.5 17.5 32.5 17.5 46 17.5 4 33 17.5 33 32.5 33 4 46 17.5 46 32.5 46 46 46 
1 Juve 1.16602 0.40691 0.48521 315.62 192.6 17.5 33 4 4 17.5 4 32.5 4 46 4 4 17.5 17.5 17.5 32.5 17.5 46 17.5 4 33 32.5 33 46 33 4 46 17.5 46 32.5 46 46 46 
1 Juve 1.12152 0.38777 0.46678 293.47 171 46 4 4 4 17.5 4 32.5 4 4 17.5 17.5 17.5 32.5 17.5 46 17.5 4 33 17.5 33 32.5 33 46 33 4 46 17.5 46 32.5 46 46 46 
1 Juve 1.13384 0.39307 0.47543 309.22 183.71 4 17.5 4 4 17.5 4 32.5 4 46 4 17.5 17.5 32.5 17.5 46 17.5 4 33 17.5 33 32.5 33 46 33 4 46 17.5 46 32.5 46 46 46 
1 Juve 1.22283 0.43194 0.51429 372.56 215 46 4 4 4 17.5 4 32.5 4 4 17.5 17.5 17.5 32.5 17.5 46 17.5 4 33 17.5 33 32.5 33 46 33 4 46 17.5 46 32.5 46 46 46 
1 Juve 1.36538 0.48453 0.55809 312.34 198.2 46 46 4 4 17.5 4 32.5 4 46 4 4 17.5 17.5 17.5 32.5 17.5 46 17.5 4 33 17.5 33 32.5 33 46 33 4 46 17.5 46 32.5 46 
1 Juve 1.09509 0.37855 0.45871 304.31 183.8 4 33 4 4 17.5 4 32.5 4 46 4 4 17.5 17.5 17.5 32.5 17.5 46 17.5 17.5 33 32.5 33 46 33 4 46 17.5 46 32.5 46 46 46 
1 Juve 1.13133 0.39205 0.47655 330.94 201.77 4 17.5 4 4 17.5 4 32.5 4 46 4 17.5 17.5 32.5 17.5 46 17.5 4 33 17.5 33 32.5 33 46 33 4 46 17.5 46 32.5 46 46 46 
1 Juve 1.27779 0.44782 0.51711 291.78 167.06 17.5 46 4 4 17.5 4 32.5 4 46 4 4 17.5 17.5 17.5 32.5 17.5 46 17.5 4 33 17.5 33 32.5 33 46 33 4 46 32.5 46 46 46 
1 Juve 1.12781 0.39208 0.46428 290.65 167.4 46 46 4 4 17.5 4 32.5 4 46 4 4 17.5 17.5 17.5 32.5 17.5 46 17.5 4 33 17.5 33 32.5 33 46 33 4 46 17.5 46 32.5 46 
1 Juve 1.14634 0.3976 0.48243 346.04 203.8 46 46 4 4 17.5 4 32.5 4 46 4 4 17.5 17.5 17.5 32.5 17.5 46 17.5 4 33 17.5 33 32.5 33 46 33 4 46 17.5 46 32.5 46 
1 Juve 1.1205 0.38711 0.46578 287.55 167 46 4 4 4 17.5 4 32.5 4 4 17.5 17.5 17.5 32.5 17.5 46 17.5 4 33 17.5 33 32.5 33 46 33 4 46 17.5 46 32.5 46 46 46 
1 Juve 1.10651 0.38585 0.45437 289.99 172.8 17.5 17.5 4 4 17.5 4 32.5 4 46 4 4 17.5 32.5 17.5 46 17.5 4 33 17.5 33 32.5 33 46 33 4 46 17.5 46 32.5 46 46 46 
1 Juve 1.1428 0.39965 0.47099 296.18 176.4 4 4 17.5 4 32.5 4 46 4 4 17.5 17.5 17.5 32.5 17.5 46 17.5 4 33 17.5 33 32.5 33 46 33 4 46 17.5 46 32.5 46 46 46 
1 Juve 1.14714 0.40253 0.47368 351.38 203.8 46 33 4 4 17.5 4 32.5 4 46 4 4 17.5 17.5 17.5 32.5 17.5 46 17.5 4 33 17.5 33 32.5 33 4 46 17.5 46 32.5 46 46 46 
1 Juve 1.18078 0.41073 0.49449 324.81 188.6 4 17.5 4 4 17.5 4 32.5 4 46 4 17.5 17.5 32.5 17.5 46 17.5 4 33 17.5 33 32.5 33 46 33 4 46 17.5 46 32.5 46 46 46 
1 Juve 1.13786 0.39022 0.48288 374.49 217.2 17.5 33 4 4 17.5 4 32.5 4 46 4 4 17.5 17.5 17.5 32.5 17.5 46 17.5 4 33 32.5 33 46 33 4 46 17.5 46 32.5 46 46 46 
1 Juve 1.19924 0.41689 0.49035 297.39 179.2 32.5 17.5 4 4 17.5 4 32.5 4 46 4 4 17.5 17.5 17.5 46 17.5 4 33 17.5 33 32.5 33 46 33 4 46 17.5 46 32.5 46 46 46 
1 Juve 1.0876 0.37749 0.45053 332.79 194.8 4 46 4 4 17.5 4 32.5 4 46 4 4 17.5 17.5 17.5 32.5 17.5 46 17.5 4 33 17.5 33 32.5 33 46 33 17.5 46 32.5 46 46 46 
1 Juve 1.27258 0.4384 0.52153 299.22 182 17.5 46 4 4 17.5 4 32.5 4 46 4 4 17.5 17.5 17.5 32.5 17.5 46 17.5 4 33 17.5 33 32.5 33 46 33 4 46 32.5 46 46 46 
1 Juve 1.1721 0.40774 0.48325 301.86 179.6 32.5 46 4 4 17.5 4 32.5 4 46 4 4 17.5 17.5 17.5 32.5 17.5 46 17.5 4 33 17.5 33 32.5 33 46 33 4 46 17.5 46 46 46 
1 Juve 1.44372 0.50937 0.59021 337.56 201.18 32.5 46 4 4 17.5 4 32.5 4 46 4 4 17.5 17.5 17.5 32.5 17.5 46 17.5 4 33 17.5 33 32.5 33 46 33 4 46 17.5 46 46 46 
1 Juve 1.42235 0.50268 0.59189 360.98 213.4 46 46 4 4 17.5 4 32.5 4 46 4 4 17.5 17.5 17.5 32.5 17.5 46 17.5 4 33 17.5 33 32.5 33 46 33 4 46 17.5 46 32.5 46 
1 Juve 1.42004 0.5015 0.58074 304.25 181.98 46 33 4 4 17.5 4 32.5 4 46 4 4 17.5 17.5 17.5 32.5 17.5 46 17.5 4 33 17.5 33 32.5 33 4 46 17.5 46 32.5 46 46 46 
1 Juve 1.15031 0.39805 0.48613 329.09 194.6 46 17.5 4 4 17.5 4 32.5 4 46 4 4 17.5 17.5 17.5 32.5 17.5 4 33 17.5 33 32.5 33 46 33 4 46 17.5 46 32.5 46 46 46 
1 Juve 1.16849 0.40799 0.49105 326.57 192.29 46 17.5 4 4 17.5 4 32.5 4 46 4 4 17.5 17.5 17.5 32.5 17.5 4 33 17.5 33 32.5 33 46 33 4 46 17.5 46 32.5 46 46 46 
1 Juve 1.14538 0.39653 0.47819 313.55 186.8 17.5 46 4 4 17.5 4 32.5 4 46 4 4 17.5 17.5 17.5 32.5 17.5 46 17.5 4 33 17.5 33 32.5 33 46 33 4 46 32.5 46 46 46 
1 Juve 1.08821 0.37802 0.45116 307.83 185.2 4 17.5 4 4 17.5 4 32.5 4 46 4 17.5 17.5 32.5 17.5 46 17.5 4 33 17.5 33 32.5 33 46 33 4 46 17.5 46 32.5 46 46 46 
1 Juve 1.21755 0.42257 0.49736 322.09 191.2 32.5 4 4 4 17.5 4 46 4 4 17.5 17.5 17.5 32.5 17.5 46 17.5 4 33 17.5 33 32.5 33 46 33 4 46 17.5 46 32.5 46 46 46 
1 Juve 1.11424 0.38632 0.46382 303.5 182.8 46 17.5 4 4 17.5 4 32.5 4 46 4 4 17.5 17.5 17.5 32.5 17.5 4 33 17.5 33 32.5 33 46 33 4 46 17.5 46 32.5 46 46 46 
1 Juve 1.13635 0.3955 0.4657 293.5 175.6 17.5 17.5 4 4 17.5 4 32.5 4 46 4 4 17.5 32.5 17.5 46 17.5 4 33 17.5 33 32.5 33 46 33 4 46 17.5 46 32.5 46 46 46 
1 Juve 1.26991 0.44121 0.50825 312.39 180.57 46 33 4 4 17.5 4 32.5 4 46 4 4 17.5 17.5 17.5 32.5 17.5 46 17.5 4 33 17.5 33 32.5 33 4 46 17.5 46 32.5 46 46 46 
1 Juve 1.12302 0.39203 0.46252 293.77 169.8 46 4 4 4 17.5 4 32.5 4 4 17.5 17.5 17.5 32.5 17.5 46 17.5 4 33 17.5 33 32.5 33 46 33 4 46 17.5 46 32.5 46 46 46 
1 Juve 1.11674 0.3869 0.46368 311.85 181.6 4 17.5 4 4 17.5 4 32.5 4 46 4 17.5 17.5 32.5 17.5 46 17.5 4 33 17.5 33 32.5 33 46 33 4 46 17.5 46 32.5 46 46 46 
1 Juve 1.10406 0.38407 0.45514 295.89 180.2 4 17.5 4 4 17.5 4 32.5 4 46 4 17.5 17.5 32.5 17.5 46 17.5 4 33 17.5 33 32.5 33 46 33 4 46 17.5 46 32.5 46 46 46 
1 Juve 1.18108 0.4115 0.4915 331.86 189 32.5 46 4 4 17.5 4 32.5 4 46 4 4 17.5 17.5 17.5 32.5 17.5 46 17.5 4 33 17.5 33 32.5 33 46 33 4 46 17.5 46 46 46 
1 Juve 1.19964 0.41656 0.50105 352.22 208.4 32.5 4 4 4 17.5 4 46 4 4 17.5 17.5 17.5 32.5 17.5 46 17.5 4 33 17.5 33 32.5 33 46 33 4 46 17.5 46 32.5 46 46 46 
1 Juve 1.41833 0.5036 0.5801 312.21 182 17.5 46 4 4 17.5 4 32.5 4 46 4 4 17.5 17.5 17.5 32.5 17.5 46 17.5 4 33 17.5 33 32.5 33 46 33 4 46 32.5 46 46 46 
1 Juve 1.44593 0.51335 0.59048 345.63 202.2 4 33 4 4 17.5 4 32.5 4 46 4 4 17.5 17.5 17.5 32.5 17.5 46 17.5 17.5 33 32.5 33 46 33 4 46 17.5 46 32.5 46 46 46 
1 Juve 1.48021 0.52513 0.60489 355.27 206.4 17.5 33 4 4 17.5 4 32.5 4 46 4 4 17.5 17.5 17.5 32.5 17.5 46 17.5 4 33 32.5 33 46 33 4 46 17.5 46 32.5 46 46 46 
1 Juve 1.43318 0.50099 0.57157 306.88 181.2 46 33 4 4 17.5 4 32.5 4 46 4 4 17.5 17.5 17.5 32.5 17.5 46 17.5 4 33 17.5 33 32.5 33 4 46 17.5 46 32.5 46 46 46 
1 Juve 1.09826 0.38303 0.45239 300.03 182.79 46 33 4 4 17.5 4 32.5 4 46 4 4 17.5 17.5 17.5 32.5 17.5 46 17.5 4 33 17.5 33 32.5 33 4 46 17.5 46 32.5 46 46 46 
1 Juve 1.15723 0.39405 0.48915 355.54 215.4 4 33 4 4 17.5 4 32.5 4 46 4 4 17.5 17.5 17.5 32.5 17.5 46 17.5 17.5 33 32.5 33 46 33 4 46 17.5 46 32.5 46 46 46 
1 Juve 1.23696 0.42878 0.51373 358.52 206.6 32.5 17.5 4 4 17.5 4 32.5 4 46 4 4 17.5 17.5 17.5 46 17.5 4 33 17.5 33 32.5 33 46 33 4 46 17.5 46 32.5 46 46 46 
1 Juve 1.16933 0.40647 0.47938 298.36 175.8 46 17.5 4 4 17.5 4 32.5 4 46 4 4 17.5 17.5 17.5 32.5 17.5 4 33 17.5 33 32.5 33 46 33 4 46 17.5 46 32.5 46 46 46 
1 Juve 1.2153 0.41398 0.51169 324.36 186.2 17.5 46 4 4 17.5 4 32.5 4 46 4 4 17.5 17.5 17.5 32.5 17.5 46 17.5 4 33 17.5 33 32.5 33 46 33 4 46 32.5 46 46 46 
1 Juve 1.11689 0.38781 0.46586 322.06 198.2 46 4 4 4 17.5 4 32.5 4 4 17.5 17.5 17.5 32.5 17.5 46 17.5 4 33 17.5 33 32.5 33 46 33 4 46 17.5 46 32.5 46 46 46 
1 Juve 1.12951 0.38931 0.4757 317.79 189.6 32.5 33 4 4 17.5 4 32.5 4 46 4 4 17.5 17.5 17.5 32.5 17.5 46 17.5 4 33 17.5 33 46 33 4 46 17.5 46 32.5 46 46 46 
1 Juve 1.09114 0.37817 0.45293 308.87 180.8 17.5 33 4 4 17.5 4 32.5 4 46 4 4 17.5 17.5 17.5 32.5 17.5 46 17.5 4 33 32.5 33 46 33 4 46 17.5 46 32.5 46 46 46 
1 Juve 1.2574 0.43742 0.50729 300.97 186.2 46 4 4 4 17.5 4 32.5 4 4 17.5 17.5 17.5 32.5 17.5 46 17.5 4 33 17.5 33 32.5 33 46 33 4 46 17.5 46 32.5 46 46 46 
1 Juve 1.11009 0.38727 0.45521 290.62 167.8 32.5 46 4 4 17.5 4 32.5 4 46 4 4 17.5 17.5 17.5 32.5 17.5 46 17.5 4 33 17.5 33 32.5 33 46 33 4 46 17.5 46 46 46 
1 Juve 1.11492 0.38816 0.46102 293.79 173.4 4 33 4 4 17.5 4 32.5 4 46 4 4 17.5 17.5 17.5 32.5 17.5 46 17.5 17.5 33 32.5 33 46 33 4 46 17.5 46 32.5 46 46 46 
1 Juve 1.12944 0.39358 0.46997 339.92 204.99 46 46 4 4 17.5 4 32.5 4 46 4 4 17.5 17.5 17.5 32.5 17.5 46 17.5 4 33 17.5 33 32.5 33 46 33 4 46 17.5 46 32.5 46 
1 Juve 1.13903 0.39866 0.47122 322.76 192.6 4 33 4 4 17.5 4 32.5 4 46 4 4 17.5 17.5 17.5 32.5 17.5 46 17.5 17.5 33 32.5 33 46 33 4 46 17.5 46 32.5 46 46 46 
1 Juve 1.07464 0.3739 0.44263 276.42 161.74 4 33 4 4 17.5 4 32.5 4 46 4 4 17.5 17.5 17.5 32.5 17.5 46 17.5 17.5 33 32.5 33 46 33 4 46 17.5 46 32.5 46 46 46 
1 Juve 1.46632 0.51899 0.59338 298.55 177.43 46 17.5 4 4 17.5 4 32.5 4 46 4 4 17.5 17.5 17.5 32.5 17.5 4 33 17.5 33 32.5 33 46 33 4 46 17.5 46 32.5 46 46 46 
1 Juve 1.45036 0.51545 0.59343 331.26 192 4 46 4 4 17.5 4 32.5 4 46 4 4 17.5 17.5 17.5 32.5 17.5 46 17.5 4 33 17.5 33 32.5 33 46 33 17.5 46 32.5 46 46 46 
1 Juve 1.39026 0.49381 0.56499 335.11 198.55 46 46 4 4 17.5 4 32.5 4 46 4 4 17.5 17.5 17.5 32.5 17.5 46 17.5 4 33 17.5 33 32.5 33 46 33 4 46 17.5 46 32.5 46 
1 Juve 1.18183 0.40412 0.49983 311.96 189 32.5 4 4 4 17.5 4 46 4 4 17.5 17.5 17.5 32.5 17.5 46 17.5 4 33 17.5 33 32.5 33 46 33 4 46 17.5 46 32.5 46 46 46 
1 Juve 1.483 0.52109 0.60205 290.22 173.6 17.5 33 4 4 17.5 4 32.5 4 46 4 4 17.5 17.5 17.5 32.5 17.5 46 17.5 4 33 32.5 33 46 33 4 46 17.5 46 32.5 46 46 46 
1 Juve 1.22645 0.42361 0.4984 307.13 179.6 17.5 4 4 4 32.5 4 46 4 4 17.5 17.5 17.5 32.5 17.5 46 17.5 4 33 17.5 33 32.5 33 46 33 4 46 17.5 46 32.5 46 46 46 
1 Juve 1.14354 0.39565 0.47722 350.27 205.8 32.5 4 4 4 17.5 4 46 4 4 17.5 17.5 17.5 32.5 17.5 46 17.5 4 33 17.5 33 32.5 33 46 33 4 46 17.5 46 32.5 46 46 46 
1 Juve 1.10421 0.38393 0.45509 302.35 180.4 46 46 4 4 17.5 4 32.5 4 46 4 4 17.5 17.5 17.5 32.5 17.5 46 17.5 4 33 17.5 33 32.5 33 46 33 4 46 17.5 46 32.5 46 
1 Juve 1.19122 0.41774 0.49683 385.03 225.53 17.5 33 4 4 17.5 4 32.5 4 46 4 4 17.5 17.5 17.5 32.5 17.5 46 17.5 4 33 32.5 33 46 33 4 46 17.5 46 32.5 46 46 46 
1 Juve 1.43244 0.50767 0.58232 326.62 193.8 17.5 33 4 4 17.5 4 32.5 4 46 4 4 17.5 17.5 17.5 32.5 17.5 46 17.5 4 33 32.5 33 46 33 4 46 17.5 46 32.5 46 46 46 
1 Juve 1.1655 0.4107 0.47536 304.58 182.6 4 17.5 4 4 17.5 4 32.5 4 46 4 17.5 17.5 32.5 17.5 46 17.5 4 33 17.5 33 32.5 33 46 33 4 46 17.5 46 32.5 46 46 46 
1 Juve 1.21223 0.42053 0.51308 351.64 204 32.5 33 4 4 17.5 4 32.5 4 46 4 4 17.5 17.5 17.5 32.5 17.5 46 17.5 4 33 17.5 33 46 33 4 46 17.5 46 32.5 46 46 46 
1 Juve 1.11432 0.38973 0.46524 348.84 201 32.5 17.5 4 4 17.5 4 32.5 4 46 4 4 17.5 17.5 17.5 46 17.5 4 33 17.5 33 32.5 33 46 33 4 46 17.5 46 32.5 46 46 46 
1 Juve 1.1449 0.39988 0.47149 301.71 179.6 17.5 4 4 4 32.5 4 46 4 4 17.5 17.5 17.5 32.5 17.5 46 17.5 4 33 17.5 33 32.5 33 46 33 4 46 17.5 46 32.5 46 46 46 
1 Juve 1.44242 0.5119 0.59 328.69 190 46 17.5 4 4 17.5 4 32.5 4 46 4 4 17.5 17.5 17.5 32.5 17.5 4 33 17.5 33 32.5 33 46 33 4 46 17.5 46 32.5 46 46 46 
1 Juve 1.39333 0.49441 0.56645 285.25 166.4 17.5 17.5 4 4 17.5 4 32.5 4 46 4 4 17.5 32.5 17.5 46 17.5 4 33 17.5 33 32.5 33 46 33 4 46 17.5 46 32.5 46 46 46 
1 Juve 1.11579 0.39004 0.46571 356.37 215.97 32.5 46 4 4 17.5 4 32.5 4 46 4 4 17.5 17.5 17.5 32.5 17.5 46 17.5 4 33 17.5 33 32.5 33 46 33 4 46 17.5 46 46 46 
1 Juve 1.42064 0.5023 0.5793 330.7 189.68 17.5 17.5 4 4 17.5 4 32.5 4 46 4 4 17.5 32.5 17.5 46 17.5 4 33 17.5 33 32.5 33 46 33 4 46 17.5 46 32.5 46 46 46 
1 Juve 1.36984 0.48638 0.55698 307.23 184.4 4 33 4 4 17.5 4 32.5 4 46 4 4 17.5 17.5 17.5 32.5 17.5 46 17.5 17.5 33 32.5 33 46 33 4 46 17.5 46 32.5 46 46 46 
1 Juve 1.41033 0.49739 0.58058 322.15 193.2 4 4 17.5 4 32.5 4 46 4 4 17.5 17.5 17.5 32.5 17.5 46 17.5 4 33 17.5 33 32.5 33 46 33 4 46 17.5 46 32.5 46 46 46 
1 Juve 1.37081 0.48361 0.55932 305.22 178.8 32.5 46 4 4 17.5 4 32.5 4 46 4 4 17.5 17.5 17.5 32.5 17.5 46 17.5 4 33 17.5 33 32.5 33 46 33 4 46 17.5 46 46 46 
1 Juve 1.40548 0.4978 0.57282 300.08 176.8 32.5 4 4 4 17.5 4 46 4 4 17.5 17.5 17.5 32.5 17.5 46 17.5 4 33 17.5 33 32.5 33 46 33 4 46 17.5 46 32.5 46 46 46 
1 Juve 1.46813 0.51409 0.61651 460.61 277.4 46 33 4 4 17.5 4 32.5 4 46 4 4 17.5 17.5 17.5 32.5 17.5 46 17.5 4 33 17.5 33 32.5 33 4 46 17.5 46 32.5 46 46 46 
1 Juve 1.42889 0.50397 0.58206 305.28 176.99 46 17.5 4 4 17.5 4 32.5 4 46 4 4 17.5 17.5 17.5 32.5 17.5 4 33 17.5 33 32.5 33 46 33 4 46 17.5 46 32.5 46 46 46 
1 Juve 1.10557 0.38356 0.46324 368.1 209.98 4 33 4 4 17.5 4 32.5 4 46 4 4 17.5 17.5 17.5 32.5 17.5 46 17.5 17.5 33 32.5 33 46 33 4 46 17.5 46 32.5 46 46 46 
1 Juve 1.40981 0.49968 0.58252 336.44 204.6 46 33 4 4 17.5 4 32.5 4 46 4 4 17.5 17.5 17.5 32.5 17.5 46 17.5 4 33 17.5 33 32.5 33 4 46 17.5 46 32.5 46 46 46 
1 Juve 1.19611 0.42717 0.49188 291.41 170.4 17.5 33 4 4 17.5 4 32.5 4 46 4 4 17.5 17.5 17.5 32.5 17.5 46 17.5 4 33 32.5 33 46 33 4 46 17.5 46 32.5 46 46 46 
1 Juve 1.11931 0.39305 0.45915 291.42 171 46 33 4 4 17.5 4 32.5 4 46 4 4 17.5 17.5 17.5 32.5 17.5 46 17.5 4 33 17.5 33 32.5 33 4 46 17.5 46 32.5 46 46 46 
1 Juve 1.48407 0.51737 0.62298 398.72 231.6 17.5 17.5 4 4 17.5 4 32.5 4 46 4 4 17.5 32.5 17.5 46 17.5 4 33 17.5 33 32.5 33 46 33 4 46 17.5 46 32.5 46 46 46 
1 Juve 1.40975 0.501 0.57203 334.54 202 32.5 17.5 4 4 17.5 4 32.5 4 46 4 4 17.5 17.5 17.5 46 17.5 4 33 17.5 33 32.5 33 46 33 4 46 17.5 46 32.5 46 46 46 
1 Juve 1.46139 0.52093 0.58658 304.39 187 32.5 33 4 4 17.5 4 32.5 4 46 4 4 17.5 17.5 17.5 32.5 17.5 46 17.5 4 33 17.5 33 46 33 4 46 17.5 46 32.5 46 46 46 
1 Juve 1.4592 0.50927 0.61292 338.86 196.6 32.5 4 4 4 17.5 4 46 4 4 17.5 17.5 17.5 32.5 17.5 46 17.5 4 33 17.5 33 32.5 33 46 33 4 46 17.5 46 32.5 46 46 46 
1 Juve 1.41951 0.50367 0.57734 293.23 177.4 32.5 46 4 4 17.5 4 32.5 4 46 4 4 17.5 17.5 17.5 32.5 17.5 46 17.5 4 33 17.5 33 32.5 33 46 33 4 46 17.5 46 46 46 
1 Juve 1.41871 0.50646 0.58124 298.28 182 17.5 17.5 4 4 17.5 4 32.5 4 46 4 4 17.5 32.5 17.5 46 17.5 4 33 17.5 33 32.5 33 46 33 4 46 17.5 46 32.5 46 46 46 
1 Juve 1.12019 0.39247 0.4586 292.26 171.8 32.5 46 4 4 17.5 4 32.5 4 46 4 4 17.5 17.5 17.5 32.5 17.5 46 17.5 4 33 17.5 33 32.5 33 46 33 4 46 17.5 46 46 46 
1 Juve 1.20969 0.42047 0.49323 295.88 174.6 46 33 4 4 17.5 4 32.5 4 46 4 4 17.5 17.5 17.5 32.5 17.5 46 17.5 4 33 17.5 33 32.5 33 4 46 17.5 46 32.5 46 46 46 
1 Juve 1.12993 0.39619 0.47016 335.48 198.8 4 46 4 4 17.5 4 32.5 4 46 4 4 17.5 17.5 17.5 32.5 17.5 46 17.5 4 33 17.5 33 32.5 33 46 33 17.5 46 32.5 46 46 46 
1 Juve 1.28736 0.44585 0.51858 296.63 178.4 32.5 17.5 4 4 17.5 4 32.5 4 46 4 4 17.5 17.5 17.5 46 17.5 4 33 17.5 33 32.5 33 46 33 4 46 17.5 46 32.5 46 46 46 
1 Juve 1.17227 0.41252 0.48391 295.65 175.8 32.5 33 4 4 17.5 4 32.5 4 46 4 4 17.5 17.5 17.5 32.5 17.5 46 17.5 4 33 17.5 33 46 33 4 46 17.5 46 32.5 46 46 46 
1 Juve 1.26387 0.43771 0.52769 380.61 228.2 32.5 17.5 4 4 17.5 4 32.5 4 46 4 4 17.5 17.5 17.5 46 17.5 4 33 17.5 33 32.5 33 46 33 4 46 17.5 46 32.5 46 46 46 
1 Juve 1.36205 0.4745 0.54759 316.26 186.6 46 46 4 4 17.5 4 32.5 4 46 4 4 17.5 17.5 17.5 32.5 17.5 46 17.5 4 33 17.5 33 32.5 33 46 33 4 46 17.5 46 32.5 46 
1 Juve 1.34706 0.46471 0.54651 362.35 214.4 4 4 17.5 4 32.5 4 46 4 4 17.5 17.5 17.5 32.5 17.5 46 17.5 4 33 17.5 33 32.5 33 46 33 4 46 17.5 46 32.5 46 46 46 
1 Juve 1.18263 0.41026 0.48469 295.94 174.2 32.5 17.5 4 4 17.5 4 32.5 4 46 4 4 17.5 17.5 17.5 46 17.5 4 33 17.5 33 32.5 33 46 33 4 46 17.5 46 32.5 46 46 46 
1 Juve 1.33222 0.46864 0.53543 292.7 176.2 17.5 33 4 4 17.5 4 32.5 4 46 4 4 17.5 17.5 17.5 32.5 17.5 46 17.5 4 33 32.5 33 46 33 4 46 17.5 46 32.5 46 46 46 
1 Juve 1.1283 0.39592 0.46351 290.57 174.37 4 33 4 4 17.5 4 32.5 4 46 4 4 17.5 17.5 17.5 32.5 17.5 46 17.5 17.5 33 32.5 33 46 33 4 46 17.5 46 32.5 46 46 46 
1 Juve 1.15958 0.40755 0.4789 320.38 191.2 17.5 33 4 4 17.5 4 32.5 4 46 4 4 17.5 17.5 17.5 32.5 17.5 46 17.5 4 33 32.5 33 46 33 4 46 17.5 46 32.5 46 46 46 
1 Juve 1.14061 0.39818 0.46964 299.28 174 4 4 17.5 4 32.5 4 46 4 4 17.5 17.5 17.5 32.5 17.5 46 17.5 4 33 17.5 33 32.5 33 46 33 4 46 17.5 46 32.5 46 46 46 
1 Juve 1.1127 0.38565 0.46337 291.8 173.6 32.5 17.5 4 4 17.5 4 32.5 4 46 4 4 17.5 17.5 17.5 46 17.5 4 33 17.5 33 32.5 33 46 33 4 46 17.5 46 32.5 46 46 46 
1 Juve 1.10246 0.38465 0.455 285.02 169.6 46 33 4 4 17.5 4 32.5 4 46 4 4 17.5 17.5 17.5 32.5 17.5 46 17.5 4 33 17.5 33 32.5 33 4 46 17.5 46 32.5 46 46 46 
1 Juve 1.22052 0.43144 0.50511 297 176.4 17.5 46 4 4 17.5 4 32.5 4 46 4 4 17.5 17.5 17.5 32.5 17.5 46 17.5 4 33 17.5 33 32.5 33 46 33 4 46 32.5 46 46 46 
1 Juve 1.12526 0.39279 0.46054 315.15 192.4 32.5 33 4 4 17.5 4 32.5 4 46 4 4 17.5 17.5 17.5 32.5 17.5 46 17.5 4 33 17.5 33 46 33 4 46 17.5 46 32.5 46 46 46 
1 Juve 1.16816 0.41131 0.48161 317.35 187.78 4 4 17.5 4 32.5 4 46 4 4 17.5 17.5 17.5 32.5 17.5 46 17.5 4 33 17.5 33 32.5 33 46 33 4 46 17.5 46 32.5 46 46 46 
1 Juve 1.16158 0.40765 0.48285 329.31 195 46 33 4 4 17.5 4 32.5 4 46 4 4 17.5 17.5 17.5 32.5 17.5 46 17.5 4 33 17.5 33 32.5 33 4 46 17.5 46 32.5 46 46 46 
1 Juve 1.25702 0.4375 0.50947 298.89 180.2 17.5 17.5 4 4 17.5 4 32.5 4 46 4 4 17.5 32.5 17.5 46 17.5 4 33 17.5 33 32.5 33 46 33 4 46 17.5 46 32.5 46 46 46 
1 Juve 1.38872 0.49375 0.56493 292.24 175 4 4 17.5 4 32.5 4 46 4 4 17.5 17.5 17.5 32.5 17.5 46 17.5 4 33 17.5 33 32.5 33 46 33 4 46 17.5 46 32.5 46 46 46 
1 Juve 1.17177 0.41158 0.47879 284.11 166 32.5 33 4 4 17.5 4 32.5 4 46 4 4 17.5 17.5 17.5 32.5 17.5 46 17.5 4 33 17.5 33 46 33 4 46 17.5 46 32.5 46 46 46 
1 Juve 1.17366 0.4096 0.4843 319.41 186.2 4 46 4 4 17.5 4 32.5 4 46 4 4 17.5 17.5 17.5 32.5 17.5 46 17.5 4 33 17.5 33 32.5 33 46 33 17.5 46 32.5 46 46 46 
1 Juve 1.18571 0.41655 0.4893 298.31 183.2 32.5 46 4 4 17.5 4 32.5 4 46 4 4 17.5 17.5 17.5 32.5 17.5 46 17.5 4 33 17.5 33 32.5 33 46 33 4 46 17.5 46 46 46 
1 Juve 1.16039 0.39938 0.48622 308.21 187.8 32.5 17.5 4 4 17.5 4 32.5 4 46 4 4 17.5 17.5 17.5 46 17.5 4 33 17.5 33 32.5 33 46 33 4 46 17.5 46 32.5 46 46 46 
1 Juve 1.17872 0.41414 0.48787 344.3 202.6 17.5 33 4 4 17.5 4 32.5 4 46 4 4 17.5 17.5 17.5 32.5 17.5 46 17.5 4 33 32.5 33 46 33 4 46 17.5 46 32.5 46 46 46 
1 Juve 1.18052 0.41461 0.48932 306.79 180.6 17.5 46 4 4 17.5 4 32.5 4 46 4 4 17.5 17.5 17.5 32.5 17.5 46 17.5 4 33 17.5 33 32.5 33 46 33 4 46 32.5 46 46 46 
1 Juve 1.17149 0.40514 0.49275 325.2 198.4 17.5 4 4 4 32.5 4 46 4 4 17.5 17.5 17.5 32.5 17.5 46 17.5 4 33 17.5 33 32.5 33 46 33 4 46 17.5 46 32.5 46 46 46 
1 Juve 1.21309 0.42535 0.50859 393.78 227.8 4 17.5 4 4 17.5 4 32.5 4 46 4 17.5 17.5 32.5 17.5 46 17.5 4 33 17.5 33 32.5 33 46 33 4 46 17.5 46 32.5 46 46 46 
1 Juve 1.12667 0.39181 0.46859 316.78 191.2 17.5 17.5 4 4 17.5 4 32.5 4 46 4 4 17.5 32.5 17.5 46 17.5 4 33 17.5 33 32.5 33 46 33 4 46 17.5 46 32.5 46 46 46 
1 Juve 1.46964 0.51569 0.60633 330.22 195.6 32.5 46 4 4 17.5 4 32.5 4 46 4 4 17.5 17.5 17.5 32.5 17.5 46 17.5 4 33 17.5 33 32.5 33 46 33 4 46 17.5 46 46 46 
1 Juve 1.16626 0.40852 0.48517 318.73 193.73 46 33 4 4 17.5 4 32.5 4 46 4 4 17.5 17.5 17.5 32.5 17.5 46 17.5 4 33 17.5 33 32.5 33 4 46 17.5 46 32.5 46 46 46 
1 Juve 1.16656 0.40502 0.492 355.66 210 17.5 17.5 4 4 17.5 4 32.5 4 46 4 4 17.5 32.5 17.5 46 17.5 4 33 17.5 33 32.5 33 46 33 4 46 17.5 46 32.5 46 46 46 
1 Juve 1.2051 0.42684 0.50111 298.99 174.2 32.5 17.5 4 4 17.5 4 32.5 4 46 4 4 17.5 17.5 17.5 46 17.5 4 33 17.5 33 32.5 33 46 33 4 46 17.5 46 32.5 46 46 46 
1 Juve 1.17571 0.41324 0.47808 284 161.6 4 33 4 4 17.5 4 32.5 4 46 4 4 17.5 17.5 17.5 32.5 17.5 46 17.5 17.5 33 32.5 33 46 33 4 46 17.5 46 32.5 46 46 46 
1 Juve 1.16222 0.40534 0.48164 325.96 186.2 46 33 4 4 17.5 4 32.5 4 46 4 4 17.5 17.5 17.5 32.5 17.5 46 17.5 4 33 17.5 33 32.5 33 4 46 17.5 46 32.5 46 46 46 
1 Juve 1.2149 0.4235 0.49958 321.3 190 32.5 46 4 4 17.5 4 32.5 4 46 4 4 17.5 17.5 17.5 32.5 17.5 46 17.5 4 33 17.5 33 32.5 33 46 33 4 46 17.5 46 46 46 
1 Juve 1.20127 0.42154 0.4954 303.64 177.6 4 33 4 4 17.5 4 32.5 4 46 4 4 17.5 17.5 17.5 32.5 17.5 46 17.5 17.5 33 32.5 33 46 33 4 46 17.5 46 32.5 46 46 46 
1 Juve 1.40415 0.49885 0.56885 341.56 204.6 17.5 4 4 4 32.5 4 46 4 4 17.5 17.5 17.5 32.5 17.5 46 17.5 4 33 17.5 33 32.5 33 46 33 4 46 17.5 46 32.5 46 46 46 
1 Juve 1.15145 0.3996 0.48109 371.35 210 17.5 4 4 4 32.5 4 46 4 4 17.5 17.5 17.5 32.5 17.5 46 17.5 4 33 17.5 33 32.5 33 46 33 4 46 17.5 46 32.5 46 46 46 
1 Juve 1.2321 0.42715 0.51304 350.92 214 32.5 4 4 4 17.5 4 46 4 4 17.5 17.5 17.5 32.5 17.5 46 17.5 4 33 17.5 33 32.5 33 46 33 4 46 17.5 46 32.5 46 46 46 
1 Juve 1.38088 0.48977 0.56235 294.59 176.2 46 4 4 4 17.5 4 32.5 4 4 17.5 17.5 17.5 32.5 17.5 46 17.5 4 33 17.5 33 32.5 33 46 33 4 46 17.5 46 32.5 46 46 46 
1 Juve 1.17851 0.41194 0.49316 347.48 207.4 4 17.5 4 4 17.5 4 32.5 4 46 4 17.5 17.5 32.5 17.5 46 17.5 4 33 17.5 33 32.5 33 46 33 4 46 17.5 46 32.5 46 46 46 
1 Juve 1.40683 0.49927 0.56863 302.78 176.91 46 46 4 4 17.5 4 32.5 4 46 4 4 17.5 17.5 17.5 32.5 17.5 46 17.5 4 33 17.5 33 32.5 33 46 33 4 46 17.5 46 32.5 46 
1 Juve 1.4054 0.49445 0.57891 357.76 213 46 17.5 4 4 17.5 4 32.5 4 46 4 4 17.5 17.5 17.5 32.5 17.5 4 33 17.5 33 32.5 33 46 33 4 46 17.5 46 32.5 46 46 46 
1 Juve 1.39352 0.49649 0.56619 300.36 174.4 46 33 4 4 17.5 4 32.5 4 46 4 4 17.5 17.5 17.5 32.5 17.5 46 17.5 4 33 17.5 33 32.5 33 4 46 17.5 46 32.5 46 46 46 
1 Juve 1.40219 0.49619 0.57231 320.11 194.6 4 4 17.5 4 32.5 4 46 4 4 17.5 17.5 17.5 32.5 17.5 46 17.5 4 33 17.5 33 32.5 33 46 33 4 46 17.5 46 32.5 46 46 46 
1 Juve 1.13157 0.39848 0.47001 309.23 186.66 17.5 33 4 4 17.5 4 32.5 4 46 4 4 17.5 17.5 17.5 32.5 17.5 46 17.5 4 33 32.5 33 46 33 4 46 17.5 46 32.5 46 46 46 
1 Juve 1.46552 0.51517 0.60021 312.04 189.6 17.5 17.5 4 4 17.5 4 32.5 4 46 4 4 17.5 32.5 17.5 46 17.5 4 33 17.5 33 32.5 33 46 33 4 46 17.5 46 32.5 46 46 46 
1 Juve 1.20927 0.42722 0.50162 345.77 202.4 32.5 17.5 4 4 17.5 4 32.5 4 46 4 4 17.5 17.5 17.5 46 17.5 4 33 17.5 33 32.5 33 46 33 4 46 17.5 46 32.5 46 46 46 
1 Juve 1.44655 0.50467 0.59758 348.31 205.2 4 4 17.5 4 32.5 4 46 4 4 17.5 17.5 17.5 32.5 17.5 46 17.5 4 33 17.5 33 32.5 33 46 33 4 46 17.5 46 32.5 46 46 46 
1 Juve 1.14335 0.39853 0.48007 404.58 233 4 46 4 4 17.5 4 32.5 4 46 4 4 17.5 17.5 17.5 32.5 17.5 46 17.5 4 33 17.5 33 32.5 33 46 33 17.5 46 32.5 46 46 46 
1 Juve 1.19293 0.41644 0.48915 297.93 176.2 46 46 4 4 17.5 4 32.5 4 46 4 4 17.5 17.5 17.5 32.5 17.5 46 17.5 4 33 17.5 33 32.5 33 46 33 4 46 17.5 46 32.5 46 
1 Juve 1.12764 0.39141 0.47324 340.45 204 32.5 4 4 4 17.5 4 46 4 4 17.5 17.5 17.5 32.5 17.5 46 17.5 4 33 17.5 33 32.5 33 46 33 4 46 17.5 46 32.5 46 46 46 
1 Juve 1.20309 0.41538 0.50649 321.52 190.8 17.5 4 4 4 32.5 4 46 4 4 17.5 17.5 17.5 32.5 17.5 46 17.5 4 33 17.5 33 32.5 33 46 33 4 46 17.5 46 32.5 46 46 46 
1 Juve 1.24192 0.43288 0.51248 351.42 202.4 4 17.5 4 4 17.5 4 32.5 4 46 4 17.5 17.5 32.5 17.5 46 17.5 4 33 17.5 33 32.5 33 46 33 4 46 17.5 46 32.5 46 46 46 
1 Juve 1.4402 0.50702 0.59423 326.98 202.73 46 4 4 4 17.5 4 32.5 4 4 17.5 17.5 17.5 32.5 17.5 46 17.5 4 33 17.5 33 32.5 33 46 33 4 46 17.5 46 32.5 46 46 46 
1 Juve 1.44299 0.51431 0.59133 374.83 218.8 46 46 4 4 17.5 4 32.5 4 46 4 4 17.5 17.5 17.5 32.5 17.5 46 17.5 4 33 17.5 33 32.5 33 46 33 4 46 17.5 46 32.5 46 
1 Juve 1.53984 0.55059 0.62642 346.05 206.2 17.5 17.5 4 4 17.5 4 32.5 4 46 4 4 17.5 32.5 17.5 46 17.5 4 33 17.5 33 32.5 33 46 33 4 46 17.5 46 32.5 46 46 46 
1 Juve 1.18808 0.41332 0.48758 298.65 174.4 32.5 46 4 4 17.5 4 32.5 4 46 4 4 17.5 17.5 17.5 32.5 17.5 46 17.5 4 33 17.5 33 32.5 33 46 33 4 46 17.5 46 46 46 
1 Juve 1.11563 0.38838 0.46036 306.29 182.4 32.5 17.5 4 4 17.5 4 32.5 4 46 4 4 17.5 17.5 17.5 46 17.5 4 33 17.5 33 32.5 33 46 33 4 46 17.5 46 32.5 46 46 46 
1 Juve 1.13059 0.39266 0.46733 344.81 214.99 17.5 33 4 4 17.5 4 32.5 4 46 4 4 17.5 17.5 17.5 32.5 17.5 46 17.5 4 33 32.5 33 46 33 4 46 17.5 46 32.5 46 46 46 
1 Juve 1.12979 0.39235 0.47113 287.79 167.2 46 17.5 4 4 17.5 4 32.5 4 46 4 4 17.5 17.5 17.5 32.5 17.5 4 33 17.5 33 32.5 33 46 33 4 46 17.5 46 32.5 46 46 46 
1 Juve 1.41949 0.50673 0.57728 284.39 167.4 32.5 33 4 4 17.5 4 32.5 4 46 4 4 17.5 17.5 17.5 32.5 17.5 46 17.5 4 33 17.5 33 46 33 4 46 17.5 46 32.5 46 46 46 
1 Juve 1.16228 0.40495 0.48604 329.03 189.4 17.5 4 4 4 32.5 4 46 4 4 17.5 17.5 17.5 32.5 17.5 46 17.5 4 33 17.5 33 32.5 33 46 33 4 46 17.5 46 32.5 46 46 46 
1 Juve 1.14351 0.40203 0.46929 296.04 184.4 17.5 4 4 4 32.5 4 46 4 4 17.5 17.5 17.5 32.5 17.5 46 17.5 4 33 17.5 33 32.5 33 46 33 4 46 17.5 46 32.5 46 46 46 
1 Juve 1.17515 0.4138 0.49161 317.49 188.4 46 17.5 4 4 17.5 4 32.5 4 46 4 4 17.5 17.5 17.5 32.5 17.5 4 33 17.5 33 32.5 33 46 33 4 46 17.5 46 32.5 46 46 46 
1 Juve 1.13026 0.38861 0.4798 344.55 206.2 17.5 17.5 4 4 17.5 4 32.5 4 46 4 4 17.5 32.5 17.5 46 17.5 4 33 17.5 33 32.5 33 46 33 4 46 17.5 46 32.5 46 46 46 
1 Juve 1.41361 0.49949 0.58001 353.57 211 4 17.5 4 4 17.5 4 32.5 4 46 4 17.5 17.5 32.5 17.5 46 17.5 4 33 17.5 33 32.5 33 46 33 4 46 17.5 46 32.5 46 46 46 
1 Juve 1.13613 0.39789 0.47207 315.27 187.6 4 33 4 4 17.5 4 32.5 4 46 4 4 17.5 17.5 17.5 32.5 17.5 46 17.5 17.5 33 32.5 33 46 33 4 46 17.5 46 32.5 46 46 46 
1 Juve 1.09445 0.38127 0.45094 292.47 172.88 4 4 17.5 4 32.5 4 46 4 4 17.5 17.5 17.5 32.5 17.5 46 17.5 4 33 17.5 33 32.5 33 46 33 4 46 17.5 46 32.5 46 46 46 
1 Juve 1.10746 0.38462 0.45989 280.17 163.8 17.5 46 4 4 17.5 4 32.5 4 46 4 4 17.5 17.5 17.5 32.5 17.5 46 17.5 4 33 17.5 33 32.5 33 46 33 4 46 32.5 46 46 46 
1 Juve 1.16756 0.4049 0.48554 331.53 193.2 4 33 4 4 17.5 4 32.5 4 46 4 4 17.5 17.5 17.5 32.5 17.5 46 17.5 17.5 33 32.5 33 46 33 4 46 17.5 46 32.5 46 46 46 
1 Juve 1.17079 0.40918 0.48609 331.13 200.4 46 46 4 4 17.5 4 32.5 4 46 4 4 17.5 17.5 17.5 32.5 17.5 46 17.5 4 33 17.5 33 32.5 33 46 33 4 46 17.5 46 32.5 46 
1 Juve 1.20754 0.41815 0.49976 298.86 175.6 32.5 17.5 4 4 17.5 4 32.5 4 46 4 4 17.5 17.5 17.5 46 17.5 4 33 17.5 33 32.5 33 46 33 4 46 17.5 46 32.5 46 46 46 
1 Juve 1.45199 0.51431 0.59807 344.76 196.8 4 33 4 4 17.5 4 32.5 4 46 4 4 17.5 17.5 17.5 32.5 17.5 46 17.5 17.5 33 32.5 33 46 33 4 46 17.5 46 32.5 46 46 46 
1 Juve 1.18611 0.41589 0.49237 300.57 177.97 32.5 33 4 4 17.5 4 32.5 4 46 4 4 17.5 17.5 17.5 32.5 17.5 46 17.5 4 33 17.5 33 46 33 4 46 17.5 46 32.5 46 46 46 
1 Juve 1.32101 0.46729 0.53507 308.63 176.6 4 17.5 4 4 17.5 4 32.5 4 46 4 17.5 17.5 32.5 17.5 46 17.5 4 33 17.5 33 32.5 33 46 33 4 46 17.5 46 32.5 46 46 46 
1 Juve 1.18341 0.40819 0.49288 332.12 197 46 17.5 4 4 17.5 4 32.5 4 46 4 4 17.5 17.5 17.5 32.5 17.5 4 33 17.5 33 32.5 33 46 33 4 46 17.5 46 32.5 46 46 46 
1 Juve 1.38857 0.49113 0.56901 296.05 177.8 4 46 4 4 17.5 4 32.5 4 46 4 4 17.5 17.5 17.5 32.5 17.5 46 17.5 4 33 17.5 33 32.5 33 46 33 17.5 46 32.5 46 46 46 
1 Juve 1.37665 0.48731 0.55544 303.3 181.4 17.5 33 4 4 17.5 4 32.5 4 46 4 4 17.5 17.5 17.5 32.5 17.5 46 17.5 4 33 32.5 33 46 33 4 46 17.5 46 32.5 46 46 46 
1 Juve 1.33293 0.47241 0.5424 298.28 176.6 4 4 17.5 4 32.5 4 46 4 4 17.5 17.5 17.5 32.5 17.5 46 17.5 4 33 17.5 33 32.5 33 46 33 4 46 17.5 46 32.5 46 46 46 
1 Juve 1.14574 0.39974 0.47528 333.75 190 17.5 46 4 4 17.5 4 32.5 4 46 4 4 17.5 17.5 17.5 32.5 17.5 46 17.5 4 33 17.5 33 32.5 33 46 33 4 46 32.5 46 46 46 
1 Juve 1.13448 0.39909 0.46853 300.57 170.6 32.5 33 4 4 17.5 4 32.5 4 46 4 4 17.5 17.5 17.5 32.5 17.5 46 17.5 4 33 17.5 33 46 33 4 46 17.5 46 32.5 46 46 46 
1 Juve 1.28856 0.44628 0.52678 301.12 184.4 32.5 17.5 4 4 17.5 4 32.5 4 46 4 4 17.5 17.5 17.5 46 17.5 4 33 17.5 33 32.5 33 46 33 4 46 17.5 46 32.5 46 46 46 
1 Juve 1.27634 0.44591 0.51377 302.22 183.6 4 4 17.5 4 32.5 4 46 4 4 17.5 17.5 17.5 32.5 17.5 46 17.5 4 33 17.5 33 32.5 33 46 33 4 46 17.5 46 32.5 46 46 46 
1 Juve 1.14448 0.40048 0.46868 303.75 186.8 46 46 4 4 17.5 4 32.5 4 46 4 4 17.5 17.5 17.5 32.5 17.5 46 17.5 4 33 17.5 33 32.5 33 46 33 4 46 17.5 46 32.5 46 
1 Juve 1.13246 0.39664 0.46715 327.16 196 32.5 17.5 4 4 17.5 4 32.5 4 46 4 4 17.5 17.5 17.5 46 17.5 4 33 17.5 33 32.5 33 46 33 4 46 17.5 46 32.5 46 46 46 
1 Juve 1.10083 0.38265 0.45494 314.76 192.6 17.5 33 4 4 17.5 4 32.5 4 46 4 4 17.5 17.5 17.5 32.5 17.5 46 17.5 4 33 32.5 33 46 33 4 46 17.5 46 32.5 46 46 46 
1 Juve 1.1139 0.3842 0.47036 337.88 194.6 17.5 33 4 4 17.5 4 32.5 4 46 4 4 17.5 17.5 17.5 32.5 17.5 46 17.5 4 33 32.5 33 46 33 4 46 17.5 46 32.5 46 46 46 
1 Juve 1.3201 0.4654 0.54 323.69 185.4 4 33 4 4 17.5 4 32.5 4 46 4 4 17.5 17.5 17.5 32.5 17.5 46 17.5 17.5 33 32.5 33 46 33 4 46 17.5 46 32.5 46 46 46 
1 Juve 1.11813 0.39087 0.46133 311.12 184.2 4 17.5 4 4 17.5 4 32.5 4 46 4 17.5 17.5 32.5 17.5 46 17.5 4 33 17.5 33 32.5 33 46 33 4 46 17.5 46 32.5 46 46 46 
1 Juve 1.09722 0.38282 0.44923 308.79 187.6 17.5 46 4 4 17.5 4 32.5 4 46 4 4 17.5 17.5 17.5 32.5 17.5 46 17.5 4 33 17.5 33 32.5 33 46 33 4 46 32.5 46 46 46 
1 Juve 1.21261 0.42069 0.49751 304.63 180.8 32.5 17.5 4 4 17.5 4 32.5 4 46 4 4 17.5 17.5 17.5 46 17.5 4 33 17.5 33 32.5 33 46 33 4 46 17.5 46 32.5 46 46 46 
1 Juve 1.09664 0.38208 0.45343 295.28 172.4 17.5 17.5 4 4 17.5 4 32.5 4 46 4 4 17.5 32.5 17.5 46 17.5 4 33 17.5 33 32.5 33 46 33 4 46 17.5 46 32.5 46 46 46 
1 Juve 1.10879 0.38568 0.46201 317.88 184.4 46 46 4 4 17.5 4 32.5 4 46 4 4 17.5 17.5 17.5 32.5 17.5 46 17.5 4 33 17.5 33 32.5 33 46 33 4 46 17.5 46 32.5 46 
1 Juve 1.14631 0.40244 0.47269 340.51 200.8 17.5 17.5 4 4 17.5 4 32.5 4 46 4 4 17.5 32.5 17.5 46 17.5 4 33 17.5 33 32.5 33 46 33 4 46 17.5 46 32.5 46 46 46 
1 Juve 1.14475 0.39984 0.47802 295.34 173.8 46 46 4 4 17.5 4 32.5 4 46 4 4 17.5 17.5 17.5 32.5 17.5 46 17.5 4 33 17.5 33 32.5 33 46 33 4 46 17.5 46 32.5 46 
1 Juve 1.21336 0.4223 0.49792 306.5 181.2 32.5 4 4 4 17.5 4 46 4 4 17.5 17.5 17.5 32.5 17.5 46 17.5 4 33 17.5 33 32.5 33 46 33 4 46 17.5 46 32.5 46 46 46 
1 Juve 1.23948 0.43023 0.50646 339.5 199.8 17.5 4 4 4 32.5 4 46 4 4 17.5 17.5 17.5 32.5 17.5 46 17.5 4 33 17.5 33 32.5 33 46 33 4 46 17.5 46 32.5 46 46 46 
1 Juve 1.15536 0.40236 0.47989 302.12 187.2 17.5 46 4 4 17.5 4 32.5 4 46 4 4 17.5 17.5 17.5 32.5 17.5 46 17.5 4 33 17.5 33 32.5 33 46 33 4 46 32.5 46 46 46 
1 Juve 1.14763 0.39116 0.48315 328.07 193.8 46 46 4 4 17.5 4 32.5 4 46 4 4 17.5 17.5 17.5 32.5 17.5 46 17.5 4 33 17.5 33 32.5 33 46 33 4 46 17.5 46 32.5 46 
1 Juve 1.47266 0.52181 0.60909 326.23 196.6 17.5 4 4 4 32.5 4 46 4 4 17.5 17.5 17.5 32.5 17.5 46 17.5 4 33 17.5 33 32.5 33 46 33 4 46 17.5 46 32.5 46 46 46 
1 Juve 1.11998 0.38897 0.46689 310.69 182.13 32.5 17.5 4 4 17.5 4 32.5 4 46 4 4 17.5 17.5 17.5 46 17.5 4 33 17.5 33 32.5 33 46 33 4 46 17.5 46 32.5 46 46 46 
1 Juve 1.16377 0.4025 0.49065 329.2 198 4 33 4 4 17.5 4 32.5 4 46 4 4 17.5 17.5 17.5 32.5 17.5 46 17.5 17.5 33 32.5 33 46 33 4 46 17.5 46 32.5 46 46 46 
1 Juve 1.15171 0.40004 0.47903 293.88 177.6 17.5 17.5 4 4 17.5 4 32.5 4 46 4 4 17.5 32.5 17.5 46 17.5 4 33 17.5 33 32.5 33 46 33 4 46 17.5 46 32.5 46 46 46 
1 Juve 1.25519 0.4421 0.50487 293.64 172.6 4 46 4 4 17.5 4 32.5 4 46 4 4 17.5 17.5 17.5 32.5 17.5 46 17.5 4 33 17.5 33 32.5 33 46 33 17.5 46 32.5 46 46 46 
1 Juve 1.1729 0.41268 0.48488 295.93 173 17.5 46 4 4 17.5 4 32.5 4 46 4 4 17.5 17.5 17.5 32.5 17.5 46 17.5 4 33 17.5 33 32.5 33 46 33 4 46 32.5 46 46 46 
1 Juve 1.17775 0.41153 0.48859 289.95 171.4 17.5 46 4 4 17.5 4 32.5 4 46 4 4 17.5 17.5 17.5 32.5 17.5 46 17.5 4 33 17.5 33 32.5 33 46 33 4 46 32.5 46 46 46 
1 Juve 1.27683 0.44775 0.53538 366.17 211.2 17.5 4 4 4 32.5 4 46 4 4 17.5 17.5 17.5 32.5 17.5 46 17.5 4 33 17.5 33 32.5 33 46 33 4 46 17.5 46 32.5 46 46 46 
1 Juve 1.16527 0.40447 0.48779 341.33 197.8 32.5 4 4 4 17.5 4 46 4 4 17.5 17.5 17.5 32.5 17.5 46 17.5 4 33 17.5 33 32.5 33 46 33 4 46 17.5 46 32.5 46 46 46 
1 Juve 1.18749 0.41407 0.49252 293.75 172.4 4 4 17.5 4 32.5 4 46 4 4 17.5 17.5 17.5 32.5 17.5 46 17.5 4 33 17.5 33 32.5 33 46 33 4 46 17.5 46 32.5 46 46 46 
1 Juve 1.24579 0.44405 0.51829 318.76 193.2 46 46 4 4 17.5 4 32.5 4 46 4 4 17.5 17.5 17.5 32.5 17.5 46 17.5 4 33 17.5 33 32.5 33 46 33 4 46 17.5 46 32.5 46 
1 Juve 1.16741 0.40912 0.48588 323.75 198.4 17.5 4 4 4 32.5 4 46 4 4 17.5 17.5 17.5 32.5 17.5 46 17.5 4 33 17.5 33 32.5 33 46 33 4 46 17.5 46 32.5 46 46 46 
1 Juve 1.17214 0.40815 0.48922 338.48 200.42 4 4 17.5 4 32.5 4 46 4 4 17.5 17.5 17.5 32.5 17.5 46 17.5 4 33 17.5 33 32.5 33 46 33 4 46 17.5 46 32.5 46 46 46 
1 Juve 1.1998 0.41829 0.5036 348.47 211.2 32.5 4 4 4 17.5 4 46 4 4 17.5 17.5 17.5 32.5 17.5 46 17.5 4 33 17.5 33 32.5 33 46 33 4 46 17.5 46 32.5 46 46 46 
1 Juve 1.19532 0.42125 0.49622 294.01 173.8 32.5 4 4 4 17.5 4 46 4 4 17.5 17.5 17.5 32.5 17.5 46 17.5 4 33 17.5 33 32.5 33 46 33 4 46 17.5 46 32.5 46 46 46 
1 Juve 1.15703 0.40464 0.48096 297.87 175.2 4 4 17.5 4 32.5 4 46 4 4 17.5 17.5 17.5 32.5 17.5 46 17.5 4 33 17.5 33 32.5 33 46 33 4 46 17.5 46 32.5 46 46 46 
1 Juve 1.15154 0.40106 0.47867 308.76 187.4 17.5 46 4 4 17.5 4 32.5 4 46 4 4 17.5 17.5 17.5 32.5 17.5 46 17.5 4 33 17.5 33 32.5 33 46 33 4 46 32.5 46 46 46 
1 Juve 1.21892 0.42901 0.50779 293.2 166.57 4 17.5 4 4 17.5 4 32.5 4 46 4 17.5 17.5 32.5 17.5 46 17.5 4 33 17.5 33 32.5 33 46 33 4 46 17.5 46 32.5 46 46 46 
1 Juve 1.43129 0.50223 0.59461 346.01 197.8 32.5 46 4 4 17.5 4 32.5 4 46 4 4 17.5 17.5 17.5 32.5 17.5 46 17.5 4 33 17.5 33 32.5 33 46 33 4 46 17.5 46 46 46 
1 Juve 1.37144 0.48811 0.56414 297.19 172.6 32.5 33 4 4 17.5 4 32.5 4 46 4 4 17.5 17.5 17.5 32.5 17.5 46 17.5 4 33 17.5 33 46 33 4 46 17.5 46 32.5 46 46 46 
1 Juve 1.22247 0.42567 0.50841 330.83 191.6 4 17.5 4 4 17.5 4 32.5 4 46 4 17.5 17.5 32.5 17.5 46 17.5 4 33 17.5 33 32.5 33 46 33 4 46 17.5 46 32.5 46 46 46 
1 Juve 1.49137 0.52021 0.62273 369.95 219.6 4 4 17.5 4 32.5 4 46 4 4 17.5 17.5 17.5 32.5 17.5 46 17.5 4 33 17.5 33 32.5 33 46 33 4 46 17.5 46 32.5 46 46 46 
1 Juve 1.43357 0.51246 0.58444 304.15 180.53 46 4 4 4 17.5 4 32.5 4 4 17.5 17.5 17.5 32.5 17.5 46 17.5 4 33 17.5 33 32.5 33 46 33 4 46 17.5 46 32.5 46 46 46 
1 Juve 1.45944 0.51785 0.59393 321.51 192.4 17.5 33 4 4 17.5 4 32.5 4 46 4 4 17.5 17.5 17.5 32.5 17.5 46 17.5 4 33 32.5 33 46 33 4 46 17.5 46 32.5 46 46 46 
1 Juve 1.20069 0.41576 0.49166 307.29 183.8 32.5 17.5 4 4 17.5 4 32.5 4 46 4 4 17.5 17.5 17.5 46 17.5 4 33 17.5 33 32.5 33 46 33 4 46 17.5 46 32.5 46 46 46 
1 Juve 1.39901 0.49677 0.57323 288.19 172.2 4 4 17.5 4 32.5 4 46 4 4 17.5 17.5 17.5 32.5 17.5 46 17.5 4 33 17.5 33 32.5 33 46 33 4 46 17.5 46 32.5 46 46 46 
1 Juve 1.3918 0.49194 0.57019 300.67 178.2 46 46 4 4 17.5 4 32.5 4 46 4 4 17.5 17.5 17.5 32.5 17.5 46 17.5 4 33 17.5 33 32.5 33 46 33 4 46 17.5 46 32.5 46 
1 Juve 1.17394 0.40852 0.49293 380.11 219.2 46 17.5 4 4 17.5 4 32.5 4 46 4 4 17.5 17.5 17.5 32.5 17.5 4 33 17.5 33 32.5 33 46 33 4 46 17.5 46 32.5 46 46 46 
1 Juve 1.45275 0.51515 0.59626 300.44 178.8 17.5 46 4 4 17.5 4 32.5 4 46 4 4 17.5 17.5 17.5 32.5 17.5 46 17.5 4 33 17.5 33 32.5 33 46 33 4 46 32.5 46 46 46 
1 Juve 1.44739 0.51223 0.59414 310.03 184.6 32.5 4 4 4 17.5 4 46 4 4 17.5 17.5 17.5 32.5 17.5 46 17.5 4 33 17.5 33 32.5 33 46 33 4 46 17.5 46 32.5 46 46 46 
1 Juve 1.11697 0.389 0.4633 359.5 217.6 46 4 4 4 17.5 4 32.5 4 4 17.5 17.5 17.5 32.5 17.5 46 17.5 4 33 17.5 33 32.5 33 46 33 4 46 17.5 46 32.5 46 46 46 
1 Juve 1.12511 0.39281 0.46397 322.99 191.6 4 4 17.5 4 32.5 4 46 4 4 17.5 17.5 17.5 32.5 17.5 46 17.5 4 33 17.5 33 32.5 33 46 33 4 46 17.5 46 32.5 46 46 46 
1 Juve 1.11714 0.38804 0.46392 299.01 178.36 4 4 17.5 4 32.5 4 46 4 4 17.5 17.5 17.5 32.5 17.5 46 17.5 4 33 17.5 33 32.5 33 46 33 4 46 17.5 46 32.5 46 46 46 
1 Juve 1.0869 0.37544 0.45361 351.25 201.8 32.5 33 4 4 17.5 4 32.5 4 46 4 4 17.5 17.5 17.5 32.5 17.5 46 17.5 4 33 17.5 33 46 33 4 46 17.5 46 32.5 46 46 46 
1 Juve 1.12218 0.3915 0.4646 326.53 196.2 32.5 33 4 4 17.5 4 32.5 4 46 4 4 17.5 17.5 17.5 32.5 17.5 46 17.5 4 33 17.5 33 46 33 4 46 17.5 46 32.5 46 46 46 
1 Juve 1.10419 0.38134 0.45967 320.49 189.2 17.5 33 4 4 17.5 4 32.5 4 46 4 4 17.5 17.5 17.5 32.5 17.5 46 17.5 4 33 32.5 33 46 33 4 46 17.5 46 32.5 46 46 46 
1 Juve 1.16918 0.40264 0.49764 329.62 187.8 17.5 46 4 4 17.5 4 32.5 4 46 4 4 17.5 17.5 17.5 32.5 17.5 46 17.5 4 33 17.5 33 32.5 33 46 33 4 46 32.5 46 46 46 
1 Juve 1.12755 0.39497 0.47104 328.2 201.39 4 17.5 4 4 17.5 4 32.5 4 46 4 17.5 17.5 32.5 17.5 46 17.5 4 33 17.5 33 32.5 33 46 33 4 46 17.5 46 32.5 46 46 46 
1 Juve 1.13289 0.39644 0.46675 283.62 163.8 4 33 4 4 17.5 4 32.5 4 46 4 4 17.5 17.5 17.5 32.5 17.5 46 17.5 17.5 33 32.5 33 46 33 4 46 17.5 46 32.5 46 46 46 
1 Juve 1.36283 0.48216 0.55468 328.32 194.21 46 17.5 4 4 17.5 4 32.5 4 46 4 4 17.5 17.5 17.5 32.5 17.5 4 33 17.5 33 32.5 33 46 33 4 46 17.5 46 32.5 46 46 46 
1 Juve 1.10204 0.38364 0.45322 348.33 204.4 4 46 4 4 17.5 4 32.5 4 46 4 4 17.5 17.5 17.5 32.5 17.5 46 17.5 4 33 17.5 33 32.5 33 46 33 17.5 46 32.5 46 46 46 
1 Juve 1.09998 0.38215 0.45459 295.97 175 32.5 46 4 4 17.5 4 32.5 4 46 4 4 17.5 17.5 17.5 32.5 17.5 46 17.5 4 33 17.5 33 32.5 33 46 33 4 46 17.5 46 46 46 
1 Juve 1.10339 0.38593 0.45327 313.5 184.8 32.5 46 4 4 17.5 4 32.5 4 46 4 4 17.5 17.5 17.5 32.5 17.5 46 17.5 4 33 17.5 33 32.5 33 46 33 4 46 17.5 46 46 46 
1 Juve 1.08811 0.38016 0.44504 277.56 159.6 4 33 4 4 17.5 4 32.5 4 46 4 4 17.5 17.5 17.5 32.5 17.5 46 17.5 17.5 33 32.5 33 46 33 4 46 17.5 46 32.5 46 46 46 
1 Juve 1.18467 0.41072 0.49312 349.3 203 4 4 17.5 4 32.5 4 46 4 4 17.5 17.5 17.5 32.5 17.5 46 17.5 4 33 17.5 33 32.5 33 46 33 4 46 17.5 46 32.5 46 46 46 
1 Juve 1.19203 0.41848 0.49495 302.52 182.8 17.5 17.5 4 4 17.5 4 32.5 4 46 4 4 17.5 32.5 17.5 46 17.5 4 33 17.5 33 32.5 33 46 33 4 46 17.5 46 32.5 46 46 46 
1 Juve 1.45012 0.5131 0.58856 314.19 188.34 32.5 4 4 4 17.5 4 46 4 4 17.5 17.5 17.5 32.5 17.5 46 17.5 4 33 17.5 33 32.5 33 46 33 4 46 17.5 46 32.5 46 46 46 
1 Juve 1.37935 0.48646 0.56542 321.26 197.09 4 4 17.5 4 32.5 4 46 4 4 17.5 17.5 17.5 32.5 17.5 46 17.5 4 33 17.5 33 32.5 33 46 33 4 46 17.5 46 32.5 46 46 46 
1 Juve 1.4296 0.50787 0.57819 298.75 177.51 32.5 4 4 4 17.5 4 46 4 4 17.5 17.5 17.5 32.5 17.5 46 17.5 4 33 17.5 33 32.5 33 46 33 4 46 17.5 46 32.5 46 46 46 
1 Juve 1.45578 0.52041 0.59104 304.99 187.6 4 46 4 4 17.5 4 32.5 4 46 4 4 17.5 17.5 17.5 32.5 17.5 46 17.5 4 33 17.5 33 32.5 33 46 33 17.5 46 32.5 46 46 46 
1 Juve 1.32996 0.46299 0.54068 319.33 189.4 46 33 4 4 17.5 4 32.5 4 46 4 4 17.5 17.5 17.5 32.5 17.5 46 17.5 4 33 17.5 33 32.5 33 4 46 17.5 46 32.5 46 46 46 
1 Juve 1.39222 0.4921 0.56751 319.85 181 4 4 17.5 4 32.5 4 46 4 4 17.5 17.5 17.5 32.5 17.5 46 17.5 4 33 17.5 33 32.5 33 46 33 4 46 17.5 46 32.5 46 46 46 
1 Juve 1.38389 0.49076 0.56279 289.76 167 4 46 4 4 17.5 4 32.5 4 46 4 4 17.5 17.5 17.5 32.5 17.5 46 17.5 4 33 17.5 33 32.5 33 46 33 17.5 46 32.5 46 46 46 
1 Juve 1.44157 0.51441 0.58676 299.38 181 32.5 46 4 4 17.5 4 32.5 4 46 4 4 17.5 17.5 17.5 32.5 17.5 46 17.5 4 33 17.5 33 32.5 33 46 33 4 46 17.5 46 46 46 
1 Juve 1.39887 0.48769 0.58168 353.53 217.19 46 33 4 4 17.5 4 32.5 4 46 4 4 17.5 17.5 17.5 32.5 17.5 46 17.5 4 33 17.5 33 32.5 33 4 46 17.5 46 32.5 46 46 46 
1 Juve 1.11667 0.39204 0.46061 302.66 182.4 32.5 4 4 4 17.5 4 46 4 4 17.5 17.5 17.5 32.5 17.5 46 17.5 4 33 17.5 33 32.5 33 46 33 4 46 17.5 46 32.5 46 46 46 
1 Juve 1.18207 0.41269 0.48908 305.56 184.8 32.5 4 4 4 17.5 4 46 4 4 17.5 17.5 17.5 32.5 17.5 46 17.5 4 33 17.5 33 32.5 33 46 33 4 46 17.5 46 32.5 46 46 46 
1 Juve 1.40051 0.49571 0.5748 357.15 208.8 4 33 4 4 17.5 4 32.5 4 46 4 4 17.5 17.5 17.5 32.5 17.5 46 17.5 17.5 33 32.5 33 46 33 4 46 17.5 46 32.5 46 46 46 
1 Juve 1.46991 0.52149 0.59703 301.4 184.78 32.5 46 4 4 17.5 4 32.5 4 46 4 4 17.5 17.5 17.5 32.5 17.5 46 17.5 4 33 17.5 33 32.5 33 46 33 4 46 17.5 46 46 46 
1 Juve 1.1732 0.40716 0.4938 356.51 206.6 17.5 17.5 4 4 17.5 4 32.5 4 46 4 4 17.5 32.5 17.5 46 17.5 4 33 17.5 33 32.5 33 46 33 4 46 17.5 46 32.5 46 46 46 
1 Juve 1.44304 0.51107 0.58763 298.27 178.4 4 4 17.5 4 32.5 4 46 4 4 17.5 17.5 17.5 32.5 17.5 46 17.5 4 33 17.5 33 32.5 33 46 33 4 46 17.5 46 32.5 46 46 46 
1 Juve 1.43054 0.50455 0.58131 303.63 185.4 32.5 17.5 4 4 17.5 4 32.5 4 46 4 4 17.5 17.5 17.5 46 17.5 4 33 17.5 33 32.5 33 46 33 4 46 17.5 46 32.5 46 46 46 
1 Juve 1.45052 0.51784 0.58912 326.71 188.6 46 4 4 4 17.5 4 32.5 4 4 17.5 17.5 17.5 32.5 17.5 46 17.5 4 33 17.5 33 32.5 33 46 33 4 46 17.5 46 32.5 46 46 46 
1 Juve 1.4273 0.50243 0.58131 347.06 208.8 32.5 33 4 4 17.5 4 32.5 4 46 4 4 17.5 17.5 17.5 32.5 17.5 46 17.5 4 33 17.5 33 46 33 4 46 17.5 46 32.5 46 46 46 
1 Juve 1.25244 0.43568 0.52399 363.72 208.4 46 46 4 4 17.5 4 32.5 4 46 4 4 17.5 17.5 17.5 32.5 17.5 46 17.5 4 33 17.5 33 32.5 33 46 33 4 46 17.5 46 32.5 46 
1 Juve 1.40371 0.4956 0.57183 292.65 172.2 32.5 4 4 4 17.5 4 46 4 4 17.5 17.5 17.5 32.5 17.5 46 17.5 4 33 17.5 33 32.5 33 46 33 4 46 17.5 46 32.5 46 46 46 
1 Juve 1.4286 0.50505 0.57855 332.36 198.4 17.5 17.5 4 4 17.5 4 32.5 4 46 4 4 17.5 32.5 17.5 46 17.5 4 33 17.5 33 32.5 33 46 33 4 46 17.5 46 32.5 46 46 46 
1 Juve 1.39221 0.48915 0.57563 339.44 193.2 46 33 4 4 17.5 4 32.5 4 46 4 4 17.5 17.5 17.5 32.5 17.5 46 17.5 4 33 17.5 33 32.5 33 4 46 17.5 46 32.5 46 46 46 
1 Juve 1.43667 0.50983 0.58178 329.55 199.19 17.5 17.5 4 4 17.5 4 32.5 4 46 4 4 17.5 32.5 17.5 46 17.5 4 33 17.5 33 32.5 33 46 33 4 46 17.5 46 32.5 46 46 46 
1 Juve 1.14785 0.40389 0.47818 307.23 183.8 32.5 33 4 4 17.5 4 32.5 4 46 4 4 17.5 17.5 17.5 32.5 17.5 46 17.5 4 33 17.5 33 46 33 4 46 17.5 46 32.5 46 46 46 
1 Juve 1.16915 0.40713 0.48252 298.71 178.4 32.5 17.5 4 4 17.5 4 32.5 4 46 4 4 17.5 17.5 17.5 46 17.5 4 33 17.5 33 32.5 33 46 33 4 46 17.5 46 32.5 46 46 46 
1 Juve 1.40927 0.49878 0.57449 330.29 199.36 32.5 4 4 4 17.5 4 46 4 4 17.5 17.5 17.5 32.5 17.5 46 17.5 4 33 17.5 33 32.5 33 46 33 4 46 17.5 46 32.5 46 46 46 
1 Juve 1.472 0.52308 0.59964 307.63 186.8 17.5 17.5 4 4 17.5 4 32.5 4 46 4 4 17.5 32.5 17.5 46 17.5 4 33 17.5 33 32.5 33 46 33 4 46 17.5 46 32.5 46 46 46 
1 Juve 1.40733 0.49468 0.57646 331.06 201.6 17.5 17.5 4 4 17.5 4 32.5 4 46 4 4 17.5 32.5 17.5 46 17.5 4 33 17.5 33 32.5 33 46 33 4 46 17.5 46 32.5 46 46 46 
1 Juve 1.41189 0.49987 0.5904 369.69 216.4 4 33 4 4 17.5 4 32.5 4 46 4 4 17.5 17.5 17.5 32.5 17.5 46 17.5 17.5 33 32.5 33 46 33 4 46 17.5 46 32.5 46 46 46 
1 Juve 1.15744 0.40435 0.47735 301.62 176.6 32.5 4 4 4 17.5 4 46 4 4 17.5 17.5 17.5 32.5 17.5 46 17.5 4 33 17.5 33 32.5 33 46 33 4 46 17.5 46 32.5 46 46 46 
1 Juve 1.1333 0.39693 0.46561 291.86 170.2 17.5 33 4 4 17.5 4 32.5 4 46 4 4 17.5 17.5 17.5 32.5 17.5 46 17.5 4 33 32.5 33 46 33 4 46 17.5 46 32.5 46 46 46 
1 Juve 1.15894 0.40072 0.4862 301.3 177 4 46 4 4 17.5 4 32.5 4 46 4 4 17.5 17.5 17.5 32.5 17.5 46 17.5 4 33 17.5 33 32.5 33 46 33 17.5 46 32.5 46 46 46 
1 Juve 1.28015 0.43993 0.55246 383.58 218.6 46 17.5 4 4 17.5 4 32.5 4 46 4 4 17.5 17.5 17.5 32.5 17.5 4 33 17.5 33 32.5 33 46 33 4 46 17.5 46 32.5 46 46 46 
1 Juve 1.14412 0.39926 0.47415 327.45 190.4 46 4 4 4 17.5 4 32.5 4 4 17.5 17.5 17.5 32.5 17.5 46 17.5 4 33 17.5 33 32.5 33 46 33 4 46 17.5 46 32.5 46 46 46 
1 Juve 1.1199 0.39207 0.46537 305.77 182 17.5 33 4 4 17.5 4 32.5 4 46 4 4 17.5 17.5 17.5 32.5 17.5 46 17.5 4 33 32.5 33 46 33 4 46 17.5 46 32.5 46 46 46 
1 Juve 1.1537 0.40128 0.47888 316.06 188 46 4 4 4 17.5 4 32.5 4 4 17.5 17.5 17.5 32.5 17.5 46 17.5 4 33 17.5 33 32.5 33 46 33 4 46 17.5 46 32.5 46 46 46 
1 Juve 1.1479 0.40105 0.47925 317.46 186.37 46 46 4 4 17.5 4 32.5 4 46 4 4 17.5 17.5 17.5 32.5 17.5 46 17.5 4 33 17.5 33 32.5 33 46 33 4 46 17.5 46 32.5 46 
1 Juve 1.13761 0.39517 0.47776 335.49 192.8 32.5 4 4 4 17.5 4 46 4 4 17.5 17.5 17.5 32.5 17.5 46 17.5 4 33 17.5 33 32.5 33 46 33 4 46 17.5 46 32.5 46 46 46 
1 Juve 1.18007 0.4134 0.48644 305.05 180 46 4 4 4 17.5 4 32.5 4 4 17.5 17.5 17.5 32.5 17.5 46 17.5 4 33 17.5 33 32.5 33 46 33 4 46 17.5 46 32.5 46 46 46 
1 Juve 1.18427 0.4132 0.49176 285.65 166.6 4 4 17.5 4 32.5 4 46 4 4 17.5 17.5 17.5 32.5 17.5 46 17.5 4 33 17.5 33 32.5 33 46 33 4 46 17.5 46 32.5 46 46 46 
1 Juve 1.16368 0.40703 0.48051 299.87 175.6 32.5 4 4 4 17.5 4 46 4 4 17.5 17.5 17.5 32.5 17.5 46 17.5 4 33 17.5 33 32.5 33 46 33 4 46 17.5 46 32.5 46 46 46 
1 Juve 1.12967 0.39215 0.46631 331.43 198 32.5 46 4 4 17.5 4 32.5 4 46 4 4 17.5 17.5 17.5 32.5 17.5 46 17.5 4 33 17.5 33 32.5 33 46 33 4 46 17.5 46 46 46 
1 Juve 1.14656 0.4004 0.47437 298.19 183.41 17.5 46 4 4 17.5 4 32.5 4 46 4 4 17.5 17.5 17.5 32.5 17.5 46 17.5 4 33 17.5 33 32.5 33 46 33 4 46 32.5 46 46 46 
1 Juve 1.18187 0.40909 0.49812 375.91 219.8 46 4 4 4 17.5 4 32.5 4 4 17.5 17.5 17.5 32.5 17.5 46 17.5 4 33 17.5 33 32.5 33 46 33 4 46 17.5 46 32.5 46 46 46 
1 Juve 1.12708 0.39172 0.46341 284.11 163.8 17.5 46 4 4 17.5 4 32.5 4 46 4 4 17.5 17.5 17.5 32.5 17.5 46 17.5 4 33 17.5 33 32.5 33 46 33 4 46 32.5 46 46 46 
1 Juve 1.14947 0.40054 0.47161 290.08 169.6 32.5 17.5 4 4 17.5 4 32.5 4 46 4 4 17.5 17.5 17.5 46 17.5 4 33 17.5 33 32.5 33 46 33 4 46 17.5 46 32.5 46 46 46 
1 Juve 1.21177 0.42334 0.50351 357.69 217.41 17.5 46 4 4 17.5 4 32.5 4 46 4 4 17.5 17.5 17.5 32.5 17.5 46 17.5 4 33 17.5 33 32.5 33 46 33 4 46 32.5 46 46 46 
1 Juve 1.1382 0.39703 0.47572 351.57 206 4 4 17.5 4 32.5 4 46 4 4 17.5 17.5 17.5 32.5 17.5 46 17.5 4 33 17.5 33 32.5 33 46 33 4 46 17.5 46 32.5 46 46 46 
1 Juve 1.12656 0.39234 0.46474 329.77 194.8 46 33 4 4 17.5 4 32.5 4 46 4 4 17.5 17.5 17.5 32.5 17.5 46 17.5 4 33 17.5 33 32.5 33 4 46 17.5 46 32.5 46 46 46 
1 Juve 1.13843 0.39758 0.47127 307.82 185.8 32.5 33 4 4 17.5 4 32.5 4 46 4 4 17.5 17.5 17.5 32.5 17.5 46 17.5 4 33 17.5 33 46 33 4 46 17.5 46 32.5 46 46 46 
1 Juve 1.17442 0.41168 0.48573 295.77 174.6 32.5 46 4 4 17.5 4 32.5 4 46 4 4 17.5 17.5 17.5 32.5 17.5 46 17.5 4 33 17.5 33 32.5 33 46 33 4 46 17.5 46 46 46 
1 Juve 1.14807 0.40452 0.47118 284.57 166 46 33 4 4 17.5 4 32.5 4 46 4 4 17.5 17.5 17.5 32.5 17.5 46 17.5 4 33 17.5 33 32.5 33 4 46 17.5 46 32.5 46 46 46 
1 Juve 0.850572 0.29238 0.34738 272.81 161.6 32.5 4 4 4 17.5 4 46 4 4 17.5 17.5 17.5 32.5 17.5 46 17.5 4 33 17.5 33 32.5 33 46 33 4 46 17.5 46 32.5 46 46 46 
