1 Juve 1.24085 0.43686 0.46545 103.24 59.4 37.5 12.5 12.5 12.5 12.5 37.5 37.5 37.5 
1 Juve 1.10978 0.38925 0.41859 96.358 53 12.5 12.5 37.5 12.5 12.5 37.5 37.5 37.5 
1 Juve 1.07486 0.37753 0.40435 93.117 53.2 37.5 37.5 12.5 12.5 37.5 12.5 12.5 37.5 
1 Juve 1.14986 0.40649 0.43054 96.889 58.6 12.5 37.5 12.5 12.5 37.5 12.5 37.5 37.5 
1 Juve 1.05431 0.36921 0.4 112.01 64.2 12.5 37.5 12.5 12.5 37.5 12.5 37.5 37.5 
1 Juve 1.21948 0.42932 0.45584 94.818 53 37.5 12.5 12.5 12.5 12.5 37.5 37.5 37.5 
1 Juve 1.26221 0.44577 0.47426 103.24 61.2 12.5 12.5 37.5 12.5 12.5 37.5 37.5 37.5 
1 Juve 1.23711 0.43704 0.46328 101.39 57.8 37.5 12.5 12.5 12.5 12.5 37.5 37.5 37.5 
1 Juve 1.29233 0.45465 0.48635 89.482 51 37.5 12.5 12.5 12.5 12.5 37.5 37.5 37.5 
1 Juve 1.24936 0.44087 0.47089 121.27 64.6 12.5 37.5 12.5 12.5 37.5 12.5 37.5 37.5 
1 Juve 1.04079 0.36582 0.3918 99.458 58.6 12.5 12.5 37.5 12.5 12.5 37.5 37.5 37.5 
1 Juve 1.31012 0.46093 0.49286 124.44 70.178 12.5 12.5 37.5 12.5 12.5 37.5 37.5 37.5 
1 Juve 1.23811 0.4349 0.46474 103.36 61 37.5 37.5 12.5 12.5 37.5 12.5 12.5 37.5 
1 Juve 1.0624 0.37032 0.39848 86.132 48 37.5 37.5 12.5 12.5 37.5 12.5 12.5 37.5 
1 Juve 1.24736 0.44071 0.46673 115.34 67.4 12.5 37.5 12.5 12.5 37.5 12.5 37.5 37.5 
1 Juve 1.22807 0.43504 0.45906 98.446 55.6 12.5 12.5 37.5 12.5 12.5 37.5 37.5 37.5 
1 Juve 1.18623 0.4176 0.43976 92.503 55 12.5 37.5 12.5 12.5 37.5 12.5 37.5 37.5 
1 Juve 1.05953 0.37245 0.40071 126.65 72.8 37.5 12.5 12.5 12.5 12.5 37.5 37.5 37.5 
1 Juve 1.24828 0.44054 0.46945 103.58 56.6 12.5 37.5 12.5 12.5 37.5 12.5 37.5 37.5 
1 Juve 1.3711 0.48048 0.50857 94.296 54.6 12.5 37.5 12.5 12.5 37.5 12.5 37.5 37.5 
1 Juve 1.22283 0.43252 0.45841 90.864 50.2 12.5 12.5 37.5 12.5 12.5 37.5 37.5 37.5 
1 Juve 1.33156 0.46976 0.49674 98.306 57 12.5 12.5 37.5 12.5 12.5 37.5 37.5 37.5 
1 Juve 1.25331 0.44177 0.46979 104.11 62.4 12.5 37.5 12.5 12.5 37.5 12.5 37.5 37.5 
1 Juve 1.22891 0.43306 0.46176 97.087 56.6 37.5 12.5 12.5 12.5 12.5 37.5 37.5 37.5 
1 Juve 1.24957 0.4407 0.46936 111.42 65.4 12.5 12.5 37.5 12.5 12.5 37.5 37.5 37.5 
1 Juve 1.18778 0.41822 0.44908 110.05 60.6 37.5 12.5 12.5 12.5 12.5 37.5 37.5 37.5 
1 Juve 1.008 0.35199 0.37637 97.348 53.2 12.5 37.5 12.5 12.5 37.5 12.5 37.5 37.5 
1 Juve 1.1032 0.38517 0.41798 125.22 70.6 37.5 37.5 12.5 12.5 37.5 12.5 12.5 37.5 
1 Juve 1.02762 0.36155 0.3874 107.76 61.2 37.5 12.5 12.5 12.5 12.5 37.5 37.5 37.5 
1 Juve 1.13371 0.39948 0.4276 114.22 66 37.5 12.5 12.5 12.5 12.5 37.5 37.5 37.5 
1 Juve 1.04815 0.3673 0.39178 90.236 50.8 37.5 37.5 12.5 12.5 37.5 12.5 12.5 37.5 
1 Juve 1.11554 0.38779 0.41551 103.53 58.8 12.5 12.5 37.5 12.5 12.5 37.5 37.5 37.5 
1 Juve 1.09382 0.38651 0.40756 101.41 58.798 37.5 12.5 12.5 12.5 12.5 37.5 37.5 37.5 
1 Juve 1.2526 0.4409 0.46827 104.36 63 37.5 12.5 12.5 12.5 12.5 37.5 37.5 37.5 
1 Juve 1.00238 0.35069 0.37347 92.97 52.2 37.5 12.5 12.5 12.5 12.5 37.5 37.5 37.5 
1 Juve 1.05815 0.36876 0.39642 87.47 47.4 12.5 37.5 12.5 12.5 37.5 12.5 37.5 37.5 
1 Juve 1.11045 0.38798 0.42411 123.45 68.4 37.5 37.5 12.5 12.5 37.5 12.5 12.5 37.5 
1 Juve 1.06705 0.3754 0.40256 103.25 55.8 12.5 37.5 12.5 12.5 37.5 12.5 37.5 37.5 
1 Juve 1.07101 0.37636 0.40221 94.327 53.8 12.5 12.5 37.5 12.5 12.5 37.5 37.5 37.5 
1 Juve 1.11232 0.38957 0.4219 137.89 74.8 12.5 12.5 37.5 12.5 12.5 37.5 37.5 37.5 
1 Juve 0.96287 0.33476 0.36381 89.943 51.8 37.5 12.5 12.5 12.5 12.5 37.5 37.5 37.5 
1 Juve 0.978049 0.34045 0.3672 86.486 47.8 12.5 37.5 12.5 12.5 37.5 12.5 37.5 37.5 
1 Juve 1.08539 0.38136 0.40784 87.548 48.4 12.5 37.5 12.5 12.5 37.5 12.5 37.5 37.5 
1 Juve 1.10328 0.38581 0.41965 127.96 72.4 12.5 12.5 37.5 12.5 12.5 37.5 37.5 37.5 
1 Juve 0.977998 0.34155 0.36934 92.588 51.4 37.5 12.5 12.5 12.5 12.5 37.5 37.5 37.5 
1 Juve 1.20898 0.42513 0.45534 118.73 68.6 37.5 12.5 12.5 12.5 12.5 37.5 37.5 37.5 
1 Juve 1.22154 0.43048 0.45912 111.29 61.371 37.5 37.5 12.5 12.5 37.5 12.5 12.5 37.5 
1 Juve 1.24437 0.43746 0.46836 114.66 65 37.5 37.5 12.5 12.5 37.5 12.5 12.5 37.5 
1 Juve 1.12861 0.39852 0.42148 85.138 45.8 12.5 37.5 12.5 12.5 37.5 12.5 37.5 37.5 
1 Juve 1.11559 0.39229 0.4221 107.44 61.6 12.5 37.5 12.5 12.5 37.5 12.5 37.5 37.5 
1 Juve 1.09106 0.38393 0.41479 125.95 72.6 12.5 12.5 37.5 12.5 12.5 37.5 37.5 37.5 
1 Juve 1.31972 0.46661 0.49195 113.52 61.6 12.5 37.5 12.5 12.5 37.5 12.5 37.5 37.5 
1 Juve 1.25799 0.44224 0.4713 96.258 52.8 37.5 12.5 12.5 12.5 12.5 37.5 37.5 37.5 
1 Juve 1.2198 0.42835 0.45672 95.662 56 37.5 12.5 12.5 12.5 12.5 37.5 37.5 37.5 
1 Juve 1.1904 0.42096 0.44732 87.319 47.6 12.5 37.5 12.5 12.5 37.5 12.5 37.5 37.5 
1 Juve 1.08983 0.3818 0.40967 107.8 64 12.5 12.5 37.5 12.5 12.5 37.5 37.5 37.5 
1 Juve 1.25819 0.44325 0.47356 100.17 57.4 12.5 37.5 12.5 12.5 37.5 12.5 37.5 37.5 
1 Juve 1.09913 0.38654 0.41691 104.83 59.6 37.5 37.5 12.5 12.5 37.5 12.5 12.5 37.5 
1 Juve 1.06235 0.37294 0.39945 101.93 55.4 12.5 12.5 37.5 12.5 12.5 37.5 37.5 37.5 
1 Juve 1.19801 0.42226 0.45057 120.32 69.2 37.5 12.5 12.5 12.5 12.5 37.5 37.5 37.5 
1 Juve 1.30386 0.4608 0.49125 104.59 58.6 12.5 37.5 12.5 12.5 37.5 12.5 37.5 37.5 
1 Juve 1.23968 0.43327 0.47361 117.31 67 12.5 12.5 37.5 12.5 12.5 37.5 37.5 37.5 
1 Juve 1.05793 0.36906 0.39858 107.42 59.4 12.5 37.5 12.5 12.5 37.5 12.5 37.5 37.5 
1 Juve 1.08117 0.37676 0.40491 90.518 51.8 37.5 12.5 12.5 12.5 12.5 37.5 37.5 37.5 
1 Juve 1.28167 0.4509 0.48236 122.01 69 37.5 37.5 12.5 12.5 37.5 12.5 12.5 37.5 
1 Juve 1.04526 0.36923 0.3954 113.73 65.6 37.5 37.5 12.5 12.5 37.5 12.5 12.5 37.5 
1 Juve 1.07214 0.37393 0.40655 125.65 75.4 37.5 37.5 12.5 12.5 37.5 12.5 12.5 37.5 
1 Juve 1.04782 0.36643 0.39715 93.468 52.4 37.5 12.5 12.5 12.5 12.5 37.5 37.5 37.5 
1 Juve 1.21171 0.42687 0.45653 119.02 66.2 12.5 37.5 12.5 12.5 37.5 12.5 37.5 37.5 
1 Juve 0.977958 0.33764 0.36893 95.779 54.6 37.5 37.5 12.5 12.5 37.5 12.5 12.5 37.5 
1 Juve 1.11688 0.39003 0.4218 101.32 58.176 37.5 37.5 12.5 12.5 37.5 12.5 12.5 37.5 
1 Juve 1.06644 0.37174 0.4051 89.527 50.2 12.5 12.5 37.5 12.5 12.5 37.5 37.5 37.5 
1 Juve 1.23285 0.43381 0.46356 112.83 62.6 37.5 12.5 12.5 12.5 12.5 37.5 37.5 37.5 
1 Juve 1.22739 0.43267 0.46209 97.305 53.6 37.5 37.5 12.5 12.5 37.5 12.5 12.5 37.5 
1 Juve 1.07442 0.37717 0.40579 106.61 61.8 37.5 37.5 12.5 12.5 37.5 12.5 12.5 37.5 
1 Juve 1.06762 0.37447 0.39865 90.031 50.2 37.5 12.5 12.5 12.5 12.5 37.5 37.5 37.5 
1 Juve 1.20766 0.42792 0.45552 112.18 61 12.5 12.5 37.5 12.5 12.5 37.5 37.5 37.5 
1 Juve 1.2239 0.43121 0.45876 97.059 53.4 12.5 37.5 12.5 12.5 37.5 12.5 37.5 37.5 
1 Juve 1.08398 0.37987 0.40665 94.393 53.8 12.5 37.5 12.5 12.5 37.5 12.5 37.5 37.5 
1 Juve 1.13084 0.39805 0.42683 110.31 68.8 12.5 37.5 12.5 12.5 37.5 12.5 37.5 37.5 
1 Juve 1.06207 0.37178 0.40176 119.2 68.8 12.5 12.5 37.5 12.5 12.5 37.5 37.5 37.5 
1 Juve 1.11751 0.38923 0.41493 91.033 52.6 37.5 37.5 12.5 12.5 37.5 12.5 12.5 37.5 
1 Juve 1.26199 0.44555 0.47202 128.68 72.4 37.5 12.5 12.5 12.5 12.5 37.5 37.5 37.5 
1 Juve 1.31486 0.46709 0.49385 111.27 64 37.5 12.5 12.5 12.5 12.5 37.5 37.5 37.5 
1 Juve 1.27444 0.44984 0.47747 90.348 51 12.5 12.5 37.5 12.5 12.5 37.5 37.5 37.5 
1 Juve 1.22946 0.43313 0.46189 108.16 63.8 12.5 12.5 37.5 12.5 12.5 37.5 37.5 37.5 
1 Juve 1.24165 0.43743 0.46538 95.702 55.8 37.5 37.5 12.5 12.5 37.5 12.5 12.5 37.5 
1 Juve 1.24618 0.44106 0.46869 102.85 62 12.5 12.5 37.5 12.5 12.5 37.5 37.5 37.5 
1 Juve 1.24433 0.43913 0.46723 128.21 69.8 12.5 37.5 12.5 12.5 37.5 12.5 37.5 37.5 
1 Juve 1.11956 0.39609 0.4235 98.317 56.39 37.5 12.5 12.5 12.5 12.5 37.5 37.5 37.5 
1 Juve 1.06457 0.37269 0.39852 105.86 61.2 37.5 12.5 12.5 12.5 12.5 37.5 37.5 37.5 
1 Juve 1.06989 0.37494 0.40079 93.389 51.2 12.5 37.5 12.5 12.5 37.5 12.5 37.5 37.5 
1 Juve 1.18924 0.4197 0.44322 100.2 58 37.5 12.5 12.5 12.5 12.5 37.5 37.5 37.5 
1 Juve 1.23596 0.43544 0.46539 125.67 69.4 12.5 37.5 12.5 12.5 37.5 12.5 37.5 37.5 
1 Juve 1.33049 0.46736 0.49441 98.293 59.2 12.5 37.5 12.5 12.5 37.5 12.5 37.5 37.5 
1 Juve 1.16473 0.40756 0.43766 109.55 62.6 12.5 12.5 37.5 12.5 12.5 37.5 37.5 37.5 
1 Juve 1.31127 0.46009 0.49206 115.08 67.2 12.5 37.5 12.5 12.5 37.5 12.5 37.5 37.5 
1 Juve 1.16083 0.40915 0.44215 163.33 94.2 37.5 37.5 12.5 12.5 37.5 12.5 12.5 37.5 
1 Juve 1.10667 0.3894 0.4191 135.35 73.2 37.5 37.5 12.5 12.5 37.5 12.5 12.5 37.5 
1 Juve 1.11642 0.39399 0.42118 98.806 55.2 37.5 37.5 12.5 12.5 37.5 12.5 12.5 37.5 
1 Juve 1.12391 0.39591 0.42283 97.801 55.2 12.5 37.5 12.5 12.5 37.5 12.5 37.5 37.5 
1 Juve 1.06392 0.37501 0.39867 132.45 77 12.5 37.5 12.5 12.5 37.5 12.5 37.5 37.5 
1 Juve 1.06578 0.37614 0.40191 116.75 66 37.5 37.5 12.5 12.5 37.5 12.5 12.5 37.5 
1 Juve 1.05764 0.36956 0.39648 98.978 54.6 37.5 37.5 12.5 12.5 37.5 12.5 12.5 37.5 
1 Juve 1.20506 0.42667 0.45477 93.344 55.6 12.5 12.5 37.5 12.5 12.5 37.5 37.5 37.5 
1 Juve 1.21938 0.42997 0.45753 91.016 49 12.5 12.5 37.5 12.5 12.5 37.5 37.5 37.5 
1 Juve 1.32276 0.46742 0.49529 150.63 90.8 37.5 37.5 12.5 12.5 37.5 12.5 12.5 37.5 
1 Juve 1.24937 0.44089 0.46969 96.064 56.2 37.5 37.5 12.5 12.5 37.5 12.5 12.5 37.5 
1 Juve 1.22883 0.43284 0.46071 90.496 53 37.5 37.5 12.5 12.5 37.5 12.5 12.5 37.5 
1 Juve 1.03849 0.36219 0.38942 140.7 80.074 12.5 12.5 37.5 12.5 12.5 37.5 37.5 37.5 
1 Juve 1.06699 0.37607 0.39707 105.64 64 12.5 37.5 12.5 12.5 37.5 12.5 37.5 37.5 
1 Juve 1.13581 0.39884 0.4284 103.65 55 12.5 12.5 37.5 12.5 12.5 37.5 37.5 37.5 
1 Juve 1.27436 0.44872 0.47925 113 66 12.5 12.5 37.5 12.5 12.5 37.5 37.5 37.5 
1 Juve 1.14442 0.39943 0.4312 103.85 60.72 37.5 37.5 12.5 12.5 37.5 12.5 12.5 37.5 
1 Juve 1.2608 0.44497 0.47495 109.47 59.8 12.5 12.5 37.5 12.5 12.5 37.5 37.5 37.5 
1 Juve 1.05317 0.36914 0.40307 98.33 55 12.5 12.5 37.5 12.5 12.5 37.5 37.5 37.5 
1 Juve 1.0392 0.36589 0.38858 94.19 52.4 37.5 12.5 12.5 12.5 12.5 37.5 37.5 37.5 
1 Juve 1.08144 0.38046 0.40598 87.804 48.4 37.5 37.5 12.5 12.5 37.5 12.5 12.5 37.5 
1 Juve 1.21869 0.42932 0.4578 99.481 55.6 12.5 12.5 37.5 12.5 12.5 37.5 37.5 37.5 
1 Juve 1.32179 0.46332 0.49066 91.553 52.6 37.5 37.5 12.5 12.5 37.5 12.5 12.5 37.5 
1 Juve 1.08835 0.38665 0.41121 96.616 56.2 12.5 37.5 12.5 12.5 37.5 12.5 37.5 37.5 
1 Juve 1.11891 0.39272 0.42062 99.836 58.2 37.5 37.5 12.5 12.5 37.5 12.5 12.5 37.5 
1 Juve 1.07711 0.37469 0.40269 97.595 54.2 37.5 12.5 12.5 12.5 12.5 37.5 37.5 37.5 
1 Juve 1.11008 0.38867 0.41937 103.14 62.162 37.5 37.5 12.5 12.5 37.5 12.5 12.5 37.5 
1 Juve 1.29682 0.46033 0.49226 203.33 113 37.5 37.5 12.5 12.5 37.5 12.5 12.5 37.5 
1 Juve 1.1686 0.41075 0.43869 106.61 62.8 12.5 37.5 12.5 12.5 37.5 12.5 37.5 37.5 
1 Juve 1.22794 0.43212 0.46063 102 57 12.5 12.5 37.5 12.5 12.5 37.5 37.5 37.5 
1 Juve 1.23897 0.43627 0.46641 92.231 52 12.5 12.5 37.5 12.5 12.5 37.5 37.5 37.5 
1 Juve 1.10415 0.38917 0.4179 110.71 60.8 37.5 12.5 12.5 12.5 12.5 37.5 37.5 37.5 
1 Juve 1.34035 0.47535 0.49903 96.935 57.6 37.5 12.5 12.5 12.5 12.5 37.5 37.5 37.5 
1 Juve 1.04046 0.36541 0.39132 93.892 53.2 12.5 12.5 37.5 12.5 12.5 37.5 37.5 37.5 
1 Juve 1.10483 0.3906 0.4201 113.38 62.8 12.5 12.5 37.5 12.5 12.5 37.5 37.5 37.5 
1 Juve 1.04787 0.37431 0.40308 104.73 58.2 12.5 12.5 37.5 12.5 12.5 37.5 37.5 37.5 
1 Juve 1.03292 0.36286 0.38875 89.526 52.2 37.5 37.5 12.5 12.5 37.5 12.5 12.5 37.5 
1 Juve 1.20901 0.42622 0.45545 92.873 54.6 37.5 12.5 12.5 12.5 12.5 37.5 37.5 37.5 
1 Juve 1.19671 0.42369 0.44629 85.882 50.2 12.5 12.5 37.5 12.5 12.5 37.5 37.5 37.5 
1 Juve 1.1998 0.42384 0.45244 130.14 75.4 37.5 12.5 12.5 12.5 12.5 37.5 37.5 37.5 
1 Juve 1.08531 0.38119 0.40774 100.96 59.4 37.5 12.5 12.5 12.5 12.5 37.5 37.5 37.5 
1 Juve 1.26791 0.44759 0.48139 177.41 97 37.5 12.5 12.5 12.5 12.5 37.5 37.5 37.5 
1 Juve 1.13762 0.39634 0.43278 102.85 67.803 12.5 12.5 37.5 12.5 12.5 37.5 37.5 37.5 
1 Juve 1.28583 0.45418 0.4829 91.896 51.4 12.5 37.5 12.5 12.5 37.5 12.5 37.5 37.5 
1 Juve 1.26039 0.44504 0.47184 94.801 54.2 12.5 12.5 37.5 12.5 12.5 37.5 37.5 37.5 
1 Juve 1.20751 0.4259 0.44993 109.4 62 37.5 37.5 12.5 12.5 37.5 12.5 12.5 37.5 
1 Juve 1.19007 0.41879 0.44439 87.804 48.4 37.5 12.5 12.5 12.5 12.5 37.5 37.5 37.5 
1 Juve 1.44474 0.50483 0.53341 88.205 48 37.5 12.5 12.5 12.5 12.5 37.5 37.5 37.5 
1 Juve 1.20823 0.42814 0.4514 98.017 54.2 37.5 12.5 12.5 12.5 12.5 37.5 37.5 37.5 
1 Juve 1.25908 0.4442 0.47805 152.2 83.8 37.5 37.5 12.5 12.5 37.5 12.5 12.5 37.5 
1 Juve 1.08579 0.38019 0.40716 96.143 55.2 37.5 12.5 12.5 12.5 12.5 37.5 37.5 37.5 
1 Juve 1.13475 0.39733 0.42216 98.854 57.8 37.5 37.5 12.5 12.5 37.5 12.5 12.5 37.5 
1 Juve 1.0787 0.38011 0.41074 96 55.6 12.5 37.5 12.5 12.5 37.5 12.5 37.5 37.5 
1 Juve 1.23684 0.43614 0.46733 103.23 62.2 37.5 12.5 12.5 12.5 12.5 37.5 37.5 37.5 
1 Juve 1.11256 0.3909 0.41985 94.581 53 37.5 12.5 12.5 12.5 12.5 37.5 37.5 37.5 
1 Juve 1.0432 0.37017 0.39313 103.68 57.2 37.5 37.5 12.5 12.5 37.5 12.5 12.5 37.5 
1 Juve 1.31084 0.47292 0.49894 122.03 67.2 37.5 37.5 12.5 12.5 37.5 12.5 12.5 37.5 
1 Juve 1.22144 0.42551 0.4523 89.54 49.2 37.5 37.5 12.5 12.5 37.5 12.5 12.5 37.5 
1 Juve 1.12237 0.3973 0.42428 96.793 54.4 37.5 37.5 12.5 12.5 37.5 12.5 12.5 37.5 
1 Juve 1.16358 0.40884 0.4379 128.51 71.8 37.5 12.5 12.5 12.5 12.5 37.5 37.5 37.5 
1 Juve 0.948275 0.32639 0.35692 93.111 51.6 37.5 12.5 12.5 12.5 12.5 37.5 37.5 37.5 
1 Juve 1.04793 0.36568 0.3957 108.14 60 37.5 12.5 12.5 12.5 12.5 37.5 37.5 37.5 
1 Juve 1.08252 0.37787 0.4087 124.54 69.6 12.5 12.5 37.5 12.5 12.5 37.5 37.5 37.5 
1 Juve 1.08589 0.38216 0.41208 112.75 62.516 37.5 12.5 12.5 12.5 12.5 37.5 37.5 37.5 
1 Juve 0.992347 0.34568 0.37152 98.673 58 37.5 12.5 12.5 12.5 12.5 37.5 37.5 37.5 
1 Juve 1.07002 0.37535 0.40117 92.695 53.8 12.5 37.5 12.5 12.5 37.5 12.5 37.5 37.5 
1 Juve 1.02539 0.3577 0.38324 100.4 61.883 12.5 37.5 12.5 12.5 37.5 12.5 37.5 37.5 
1 Juve 1.06065 0.37181 0.39811 85.666 49 37.5 12.5 12.5 12.5 12.5 37.5 37.5 37.5 
1 Juve 1.00137 0.35085 0.37646 97.287 54.2 12.5 37.5 12.5 12.5 37.5 12.5 37.5 37.5 
1 Juve 1.05239 0.37129 0.39383 114.97 66.2 37.5 12.5 12.5 12.5 12.5 37.5 37.5 37.5 
1 Juve 1.03016 0.36133 0.38906 97.426 61.4 37.5 37.5 12.5 12.5 37.5 12.5 12.5 37.5 
1 Juve 1.22569 0.43383 0.45942 93.133 52 37.5 37.5 12.5 12.5 37.5 12.5 12.5 37.5 
1 Juve 0.969013 0.33567 0.36436 99.494 58.6 37.5 37.5 12.5 12.5 37.5 12.5 12.5 37.5 
1 Juve 1.03737 0.3629 0.39005 94.229 55 12.5 12.5 37.5 12.5 12.5 37.5 37.5 37.5 
1 Juve 1.06132 0.37471 0.40156 98.884 60.6 37.5 37.5 12.5 12.5 37.5 12.5 12.5 37.5 
1 Juve 1.06105 0.3722 0.40272 107.94 62.2 37.5 12.5 12.5 12.5 12.5 37.5 37.5 37.5 
1 Juve 0.967942 0.3334 0.36461 95.372 57.6 37.5 37.5 12.5 12.5 37.5 12.5 12.5 37.5 
1 Juve 0.958032 0.33578 0.36226 90.421 52 12.5 37.5 12.5 12.5 37.5 12.5 37.5 37.5 
1 Juve 1.22727 0.43204 0.46111 84.813 47 12.5 37.5 12.5 12.5 37.5 12.5 37.5 37.5 
1 Juve 1.30697 0.4594 0.48837 106.66 60.6 12.5 12.5 37.5 12.5 12.5 37.5 37.5 37.5 
1 Juve 1.27051 0.44713 0.47609 94.116 53.2 37.5 12.5 12.5 12.5 12.5 37.5 37.5 37.5 
1 Juve 1.10885 0.38952 0.41724 85.979 48 12.5 37.5 12.5 12.5 37.5 12.5 37.5 37.5 
1 Juve 1.10126 0.3919 0.42269 96.501 56.2 12.5 37.5 12.5 12.5 37.5 12.5 37.5 37.5 
1 Juve 1.11231 0.39198 0.41888 103.17 61.8 37.5 37.5 12.5 12.5 37.5 12.5 12.5 37.5 
1 Juve 1.11002 0.38805 0.4121 137.02 76.8 12.5 37.5 12.5 12.5 37.5 12.5 37.5 37.5 
1 Juve 1.26861 0.44761 0.47657 159.72 90.2 37.5 37.5 12.5 12.5 37.5 12.5 12.5 37.5 
1 Juve 1.25136 0.44183 0.47095 104.48 58.562 37.5 37.5 12.5 12.5 37.5 12.5 12.5 37.5 
1 Juve 1.1945 0.42191 0.44724 88.629 50.2 37.5 12.5 12.5 12.5 12.5 37.5 37.5 37.5 
1 Juve 1.17292 0.40973 0.43717 90.865 49 12.5 37.5 12.5 12.5 37.5 12.5 37.5 37.5 
1 Juve 1.01304 0.35524 0.37702 112.16 61.8 12.5 12.5 37.5 12.5 12.5 37.5 37.5 37.5 
1 Juve 0.930937 0.32416 0.35054 97.431 58.2 37.5 12.5 12.5 12.5 12.5 37.5 37.5 37.5 
1 Juve 0.928355 0.31928 0.35216 101.79 57.6 12.5 37.5 12.5 12.5 37.5 12.5 37.5 37.5 
1 Juve 0.975845 0.34231 0.37221 89.001 49.8 12.5 37.5 12.5 12.5 37.5 12.5 37.5 37.5 
1 Juve 1.03713 0.36077 0.38886 90.673 51.8 12.5 37.5 12.5 12.5 37.5 12.5 37.5 37.5 
1 Juve 1.28582 0.45163 0.48027 109.14 65.8 12.5 37.5 12.5 12.5 37.5 12.5 37.5 37.5 
1 Juve 1.07664 0.37614 0.40373 124 69 37.5 37.5 12.5 12.5 37.5 12.5 12.5 37.5 
1 Juve 1.10085 0.38544 0.40999 87.092 49.4 37.5 12.5 12.5 12.5 12.5 37.5 37.5 37.5 
1 Juve 1.10929 0.39432 0.42036 88.302 48.4 37.5 37.5 12.5 12.5 37.5 12.5 12.5 37.5 
1 Juve 1.12014 0.39239 0.42143 119.42 66.579 12.5 12.5 37.5 12.5 12.5 37.5 37.5 37.5 
1 Juve 1.121 0.39203 0.41993 103.27 56.8 37.5 37.5 12.5 12.5 37.5 12.5 12.5 37.5 
1 Juve 1.01568 0.35851 0.3861 97.719 54.2 37.5 37.5 12.5 12.5 37.5 12.5 12.5 37.5 
1 Juve 1.10092 0.38781 0.41537 108.18 63.6 37.5 12.5 12.5 12.5 12.5 37.5 37.5 37.5 
1 Juve 1.11198 0.38933 0.42044 121.65 68.6 37.5 37.5 12.5 12.5 37.5 12.5 12.5 37.5 
1 Juve 1.13102 0.39471 0.42225 98.596 54.4 37.5 12.5 12.5 12.5 12.5 37.5 37.5 37.5 
1 Juve 1.2306 0.42823 0.45721 121.09 66.8 37.5 37.5 12.5 12.5 37.5 12.5 12.5 37.5 
1 Juve 1.27242 0.44883 0.47582 90.846 51 37.5 12.5 12.5 12.5 12.5 37.5 37.5 37.5 
1 Juve 1.218 0.42758 0.45869 104.47 61.8 12.5 37.5 12.5 12.5 37.5 12.5 37.5 37.5 
1 Juve 1.06231 0.3706 0.39778 116.61 65.6 12.5 12.5 37.5 12.5 12.5 37.5 37.5 37.5 
1 Juve 1.20187 0.42525 0.44971 104.32 59.4 37.5 12.5 12.5 12.5 12.5 37.5 37.5 37.5 
1 Juve 1.2531 0.44098 0.46893 100.31 59.8 12.5 12.5 37.5 12.5 12.5 37.5 37.5 37.5 
1 Juve 1.23538 0.43687 0.46326 96.714 56 37.5 12.5 12.5 12.5 12.5 37.5 37.5 37.5 
1 Juve 1.26831 0.44786 0.47596 88.317 49.2 37.5 37.5 12.5 12.5 37.5 12.5 12.5 37.5 
1 Juve 1.07031 0.37203 0.40223 88.84 51 37.5 37.5 12.5 12.5 37.5 12.5 12.5 37.5 
1 Juve 0.970949 0.33793 0.36654 116.22 67.8 37.5 37.5 12.5 12.5 37.5 12.5 12.5 37.5 
1 Juve 1.02732 0.36359 0.38693 97.907 57 12.5 12.5 37.5 12.5 12.5 37.5 37.5 37.5 
1 Juve 1.15781 0.40971 0.43412 84.822 48.2 37.5 37.5 12.5 12.5 37.5 12.5 12.5 37.5 
1 Juve 1.12267 0.40249 0.42367 94.999 55.6 12.5 37.5 12.5 12.5 37.5 12.5 37.5 37.5 
1 Juve 1.05531 0.37207 0.4007 95.669 52 12.5 12.5 37.5 12.5 12.5 37.5 37.5 37.5 
1 Juve 0.981373 0.34076 0.3678 113.05 67.4 37.5 12.5 12.5 12.5 12.5 37.5 37.5 37.5 
1 Juve 1.02404 0.35644 0.38513 112.59 65.4 12.5 37.5 12.5 12.5 37.5 12.5 37.5 37.5 
1 Juve 0.99105 0.34452 0.37424 92.743 50.8 12.5 12.5 37.5 12.5 12.5 37.5 37.5 37.5 
1 Juve 1.02131 0.3561 0.3841 112.07 64.2 12.5 37.5 12.5 12.5 37.5 12.5 37.5 37.5 
1 Juve 1.06477 0.37289 0.40353 116.73 69.6 37.5 12.5 12.5 12.5 12.5 37.5 37.5 37.5 
1 Juve 1.01892 0.35783 0.38755 92.083 52.4 12.5 12.5 37.5 12.5 12.5 37.5 37.5 37.5 
1 Juve 1.04804 0.37118 0.40228 115.83 65 12.5 37.5 12.5 12.5 37.5 12.5 37.5 37.5 
1 Juve 0.951895 0.33224 0.35447 100.75 58.6 12.5 12.5 37.5 12.5 12.5 37.5 37.5 37.5 
1 Juve 1.06176 0.37418 0.39897 100.97 62 37.5 37.5 12.5 12.5 37.5 12.5 12.5 37.5 
1 Juve 1.09847 0.38721 0.41251 130.39 73.8 37.5 12.5 12.5 12.5 12.5 37.5 37.5 37.5 
1 Juve 0.992977 0.34864 0.37549 90.21 50 12.5 12.5 37.5 12.5 12.5 37.5 37.5 37.5 
1 Juve 1.19376 0.42058 0.44757 100.12 57.4 37.5 12.5 12.5 12.5 12.5 37.5 37.5 37.5 
1 Juve 1.01383 0.35519 0.38066 106.32 58.2 37.5 12.5 12.5 12.5 12.5 37.5 37.5 37.5 
1 Juve 1.03641 0.3596 0.39212 137.87 78.4 12.5 37.5 12.5 12.5 37.5 12.5 37.5 37.5 
1 Juve 1.10807 0.39906 0.42769 87.296 49.2 12.5 37.5 12.5 12.5 37.5 12.5 37.5 37.5 
1 Juve 1.13321 0.40332 0.43051 89.676 50.8 37.5 37.5 12.5 12.5 37.5 12.5 12.5 37.5 
1 Juve 1.25795 0.44333 0.46721 116.2 65.754 12.5 37.5 12.5 12.5 37.5 12.5 37.5 37.5 
1 Juve 1.1415 0.40255 0.43824 100.44 54.6 12.5 12.5 37.5 12.5 12.5 37.5 37.5 37.5 
1 Juve 1.19018 0.41879 0.44647 92.564 51.6 12.5 12.5 37.5 12.5 12.5 37.5 37.5 37.5 
1 Juve 1.19716 0.41917 0.44542 92.711 53.6 12.5 37.5 12.5 12.5 37.5 12.5 37.5 37.5 
1 Juve 1.01793 0.35864 0.38615 91.236 52 12.5 37.5 12.5 12.5 37.5 12.5 37.5 37.5 
1 Juve 1.22493 0.43253 0.46146 115.88 68.4 37.5 12.5 12.5 12.5 12.5 37.5 37.5 37.5 
1 Juve 1.24653 0.44309 0.46933 85.926 47 37.5 37.5 12.5 12.5 37.5 12.5 12.5 37.5 
1 Juve 1.08181 0.38006 0.40492 142.57 79.8 12.5 37.5 12.5 12.5 37.5 12.5 37.5 37.5 
1 Juve 1.08314 0.38182 0.40852 103.62 56.6 37.5 37.5 12.5 12.5 37.5 12.5 12.5 37.5 
1 Juve 1.10546 0.38526 0.41485 91.047 52.2 37.5 12.5 12.5 12.5 12.5 37.5 37.5 37.5 
1 Juve 1.1131 0.39305 0.41942 104.3 64.2 12.5 12.5 37.5 12.5 12.5 37.5 37.5 37.5 
1 Juve 1.05243 0.36615 0.39299 91.016 50.8 37.5 12.5 12.5 12.5 12.5 37.5 37.5 37.5 
1 Juve 1.06213 0.37163 0.39861 94.527 55.192 12.5 37.5 12.5 12.5 37.5 12.5 37.5 37.5 
1 Juve 1.15173 0.40666 0.43145 111.8 63.6 12.5 37.5 12.5 12.5 37.5 12.5 37.5 37.5 
1 Juve 1.08344 0.37935 0.40758 104.55 62.8 37.5 37.5 12.5 12.5 37.5 12.5 12.5 37.5 
1 Juve 1.08937 0.38541 0.40774 91.803 53.8 37.5 12.5 12.5 12.5 12.5 37.5 37.5 37.5 
1 Juve 1.01945 0.35442 0.38122 98.441 57.2 12.5 12.5 37.5 12.5 12.5 37.5 37.5 37.5 
1 Juve 1.06348 0.37341 0.40258 139.78 77.2 12.5 37.5 12.5 12.5 37.5 12.5 37.5 37.5 
1 Juve 1.26597 0.44588 0.47893 100.74 57.4 12.5 37.5 12.5 12.5 37.5 12.5 37.5 37.5 
1 Juve 1.04884 0.36897 0.39657 105.22 58.4 37.5 37.5 12.5 12.5 37.5 12.5 12.5 37.5 
1 Juve 1.05282 0.36853 0.39658 87.091 47.4 37.5 12.5 12.5 12.5 12.5 37.5 37.5 37.5 
1 Juve 1.09198 0.38278 0.41045 99.945 53.6 37.5 12.5 12.5 12.5 12.5 37.5 37.5 37.5 
1 Juve 1.07629 0.37803 0.406 99.074 56.194 37.5 37.5 12.5 12.5 37.5 12.5 12.5 37.5 
1 Juve 1.1878 0.41723 0.44411 94.838 53.2 12.5 37.5 12.5 12.5 37.5 12.5 37.5 37.5 
1 Juve 0.960919 0.33399 0.36317 98.339 56.8 12.5 12.5 37.5 12.5 12.5 37.5 37.5 37.5 
1 Juve 1.06581 0.3744 0.39784 89.313 49.2 37.5 12.5 12.5 12.5 12.5 37.5 37.5 37.5 
1 Juve 0.985484 0.34376 0.36984 88.404 49.2 12.5 12.5 37.5 12.5 12.5 37.5 37.5 37.5 
1 Juve 1.12633 0.39718 0.42447 106.48 61.6 12.5 12.5 37.5 12.5 12.5 37.5 37.5 37.5 
1 Juve 1.09806 0.38865 0.41768 173.08 93.8 37.5 37.5 12.5 12.5 37.5 12.5 12.5 37.5 
1 Juve 1.07296 0.37528 0.4038 113.04 63.6 37.5 12.5 12.5 12.5 12.5 37.5 37.5 37.5 
1 Juve 1.02951 0.36064 0.38583 91.103 52.6 37.5 12.5 12.5 12.5 12.5 37.5 37.5 37.5 
1 Juve 1.21586 0.42846 0.45793 128.87 73 12.5 37.5 12.5 12.5 37.5 12.5 37.5 37.5 
1 Juve 1.08724 0.37873 0.40973 108.26 63 12.5 37.5 12.5 12.5 37.5 12.5 37.5 37.5 
1 Juve 1.03931 0.36402 0.39142 90.368 48.779 12.5 12.5 37.5 12.5 12.5 37.5 37.5 37.5 
1 Juve 1.26075 0.44366 0.4706 91.81 50.8 12.5 37.5 12.5 12.5 37.5 12.5 37.5 37.5 
1 Juve 1.19001 0.41727 0.4494 120.95 66.6 12.5 37.5 12.5 12.5 37.5 12.5 37.5 37.5 
1 Juve 1.13328 0.39964 0.42907 126.28 74.8 12.5 37.5 12.5 12.5 37.5 12.5 37.5 37.5 
1 Juve 1.28462 0.45343 0.47898 104.07 59.4 12.5 37.5 12.5 12.5 37.5 12.5 37.5 37.5 
1 Juve 1.12732 0.39925 0.42867 90.382 50 37.5 37.5 12.5 12.5 37.5 12.5 12.5 37.5 
1 Juve 1.11026 0.39041 0.41743 111.57 63.6 37.5 37.5 12.5 12.5 37.5 12.5 12.5 37.5 
1 Juve 1.19334 0.42089 0.44983 95.57 55.4 37.5 37.5 12.5 12.5 37.5 12.5 12.5 37.5 
1 Juve 1.02894 0.3659 0.39407 113.49 62.4 12.5 37.5 12.5 12.5 37.5 12.5 37.5 37.5 
1 Juve 1.12675 0.38699 0.43083 116.54 64 12.5 37.5 12.5 12.5 37.5 12.5 37.5 37.5 
1 Juve 1.09597 0.38751 0.41011 92.617 52 37.5 12.5 12.5 12.5 12.5 37.5 37.5 37.5 
1 Juve 1.27005 0.44944 0.4798 114.2 63.4 37.5 37.5 12.5 12.5 37.5 12.5 12.5 37.5 
1 Juve 1.10699 0.39145 0.42071 97.251 51.57 37.5 37.5 12.5 12.5 37.5 12.5 12.5 37.5 
1 Juve 1.0713 0.37565 0.40486 139.59 78.2 37.5 12.5 12.5 12.5 12.5 37.5 37.5 37.5 
1 Juve 1.05129 0.36647 0.38791 91.146 55.6 12.5 37.5 12.5 12.5 37.5 12.5 37.5 37.5 
1 Juve 1.13577 0.39994 0.42967 90.943 49.6 37.5 12.5 12.5 12.5 12.5 37.5 37.5 37.5 
1 Juve 1.34176 0.48268 0.51037 113.97 66.6 37.5 12.5 12.5 12.5 12.5 37.5 37.5 37.5 
1 Juve 1.04676 0.36707 0.3967 108.36 72.2 12.5 37.5 12.5 12.5 37.5 12.5 37.5 37.5 
1 Juve 1.21103 0.42713 0.45617 95.927 55.4 12.5 12.5 37.5 12.5 12.5 37.5 37.5 37.5 
1 Juve 1.05558 0.37007 0.39903 117.74 68.6 37.5 12.5 12.5 12.5 12.5 37.5 37.5 37.5 
1 Juve 1.04733 0.36866 0.39457 94.066 56 37.5 12.5 12.5 12.5 12.5 37.5 37.5 37.5 
1 Juve 1.0747 0.3815 0.40669 94.29 54 37.5 37.5 12.5 12.5 37.5 12.5 12.5 37.5 
1 Juve 1.08256 0.3806 0.40713 92.22 52 12.5 37.5 12.5 12.5 37.5 12.5 37.5 37.5 
1 Juve 1.30035 0.45962 0.48994 129.01 73.4 12.5 37.5 12.5 12.5 37.5 12.5 37.5 37.5 
1 Juve 1.25975 0.44439 0.47212 95.228 53.2 12.5 37.5 12.5 12.5 37.5 12.5 37.5 37.5 
1 Juve 1.13683 0.39862 0.42586 91.151 51.4 12.5 12.5 37.5 12.5 12.5 37.5 37.5 37.5 
1 Juve 1.2153 0.42847 0.46862 101.38 58.2 12.5 12.5 37.5 12.5 12.5 37.5 37.5 37.5 
1 Juve 1.25454 0.4439 0.48099 111.5 62.4 12.5 37.5 12.5 12.5 37.5 12.5 37.5 37.5 
1 Juve 1.06578 0.37315 0.39808 81.579 42.6 12.5 37.5 12.5 12.5 37.5 12.5 37.5 37.5 
1 Juve 1.24788 0.43499 0.46304 100.74 58 12.5 37.5 12.5 12.5 37.5 12.5 37.5 37.5 
1 Juve 1.14798 0.40108 0.43022 97.785 58.6 37.5 12.5 12.5 12.5 12.5 37.5 37.5 37.5 
1 Juve 1.16433 0.41194 0.44888 104.97 62.4 12.5 37.5 12.5 12.5 37.5 12.5 37.5 37.5 
1 Juve 1.06293 0.3742 0.40493 86.597 46.2 12.5 12.5 37.5 12.5 12.5 37.5 37.5 37.5 
1 Juve 1.17057 0.40636 0.43571 136.97 78 37.5 37.5 12.5 12.5 37.5 12.5 12.5 37.5 
1 Juve 1.07346 0.37857 0.40334 93.035 53.6 12.5 12.5 37.5 12.5 12.5 37.5 37.5 37.5 
1 Juve 1.10534 0.39103 0.41687 89.912 49.4 12.5 37.5 12.5 12.5 37.5 12.5 37.5 37.5 
1 Juve 1.09109 0.38464 0.41385 99.374 58.595 12.5 37.5 12.5 12.5 37.5 12.5 37.5 37.5 
1 Juve 0.99937 0.34739 0.37321 92.712 54 12.5 37.5 12.5 12.5 37.5 12.5 37.5 37.5 
1 Juve 1.23371 0.43518 0.45966 109.52 61.2 12.5 37.5 12.5 12.5 37.5 12.5 37.5 37.5 
1 Juve 1.26814 0.44715 0.47768 119.8 65 12.5 12.5 37.5 12.5 12.5 37.5 37.5 37.5 
1 Juve 1.09972 0.38479 0.42008 91.574 53 12.5 12.5 37.5 12.5 12.5 37.5 37.5 37.5 
1 Juve 1.24947 0.43549 0.46387 90.954 51.2 12.5 12.5 37.5 12.5 12.5 37.5 37.5 37.5 
1 Juve 1.12487 0.39856 0.42293 91.63 52.6 37.5 12.5 12.5 12.5 12.5 37.5 37.5 37.5 
1 Juve 1.11358 0.39253 0.42067 100.2 55 37.5 12.5 12.5 12.5 12.5 37.5 37.5 37.5 
1 Juve 1.08266 0.38188 0.40861 101.23 61.6 37.5 12.5 12.5 12.5 12.5 37.5 37.5 37.5 
1 Juve 1.10622 0.3904 0.41696 94.518 54.6 12.5 37.5 12.5 12.5 37.5 12.5 37.5 37.5 
1 Juve 1.08985 0.38503 0.40765 101.08 56.4 37.5 37.5 12.5 12.5 37.5 12.5 12.5 37.5 
1 Juve 1.18397 0.41506 0.4443 121.98 69 37.5 12.5 12.5 12.5 12.5 37.5 37.5 37.5 
1 Juve 1.0584 0.36729 0.39579 101.5 56 37.5 12.5 12.5 12.5 12.5 37.5 37.5 37.5 
1 Juve 1.18767 0.41787 0.44822 119.6 69.6 37.5 37.5 12.5 12.5 37.5 12.5 12.5 37.5 
1 Juve 1.24833 0.44055 0.46894 111.69 66 37.5 37.5 12.5 12.5 37.5 12.5 12.5 37.5 
1 Juve 1.0388 0.36155 0.38646 92.699 52.8 37.5 12.5 12.5 12.5 12.5 37.5 37.5 37.5 
1 Juve 1.04349 0.36576 0.38828 93.353 54 12.5 12.5 37.5 12.5 12.5 37.5 37.5 37.5 
1 Juve 1.07048 0.37592 0.40471 101.51 56 12.5 12.5 37.5 12.5 12.5 37.5 37.5 37.5 
1 Juve 1.03858 0.36636 0.39262 151.11 82 12.5 37.5 12.5 12.5 37.5 12.5 37.5 37.5 
1 Juve 1.08847 0.38421 0.41114 88.082 49.964 12.5 37.5 12.5 12.5 37.5 12.5 37.5 37.5 
1 Juve 1.08896 0.38163 0.40788 94.311 51.543 37.5 37.5 12.5 12.5 37.5 12.5 12.5 37.5 
1 Juve 1.21249 0.42549 0.45808 99.169 58 37.5 37.5 12.5 12.5 37.5 12.5 12.5 37.5 
1 Juve 1.12814 0.39426 0.42561 102.64 59.6 37.5 12.5 12.5 12.5 12.5 37.5 37.5 37.5 
1 Juve 1.01541 0.35552 0.38381 95.291 56.4 12.5 37.5 12.5 12.5 37.5 12.5 37.5 37.5 
1 Juve 1.1124 0.39246 0.41911 106.66 60.4 12.5 37.5 12.5 12.5 37.5 12.5 37.5 37.5 
1 Juve 1.08537 0.38309 0.41043 96.121 54.2 12.5 37.5 12.5 12.5 37.5 12.5 37.5 37.5 
1 Juve 1.0837 0.38351 0.40661 97.831 54.6 12.5 37.5 12.5 12.5 37.5 12.5 37.5 37.5 
1 Juve 1.26131 0.44644 0.47311 100.34 59.4 37.5 37.5 12.5 12.5 37.5 12.5 12.5 37.5 
1 Juve 1.27009 0.44709 0.47732 108.09 62.2 37.5 12.5 12.5 12.5 12.5 37.5 37.5 37.5 
1 Juve 1.06823 0.37489 0.40397 85.83 49.2 12.5 12.5 37.5 12.5 12.5 37.5 37.5 37.5 
1 Juve 1.30787 0.46236 0.49006 100.56 59 37.5 37.5 12.5 12.5 37.5 12.5 12.5 37.5 
1 Juve 1.03188 0.36504 0.39047 94.467 55.4 37.5 12.5 12.5 12.5 12.5 37.5 37.5 37.5 
1 Juve 1.16749 0.40881 0.44075 102.5 59.6 37.5 12.5 12.5 12.5 12.5 37.5 37.5 37.5 
1 Juve 1.09213 0.38317 0.41091 98.397 53.8 37.5 37.5 12.5 12.5 37.5 12.5 12.5 37.5 
1 Juve 1.06645 0.37288 0.40016 100.59 59 37.5 12.5 12.5 12.5 12.5 37.5 37.5 37.5 
1 Juve 1.24934 0.4389 0.4664 89.913 47.4 37.5 37.5 12.5 12.5 37.5 12.5 12.5 37.5 
1 Juve 1.0916 0.38276 0.4092 96.785 54.2 37.5 12.5 12.5 12.5 12.5 37.5 37.5 37.5 
1 Juve 0.985048 0.34496 0.37205 112.99 64.4 37.5 37.5 12.5 12.5 37.5 12.5 12.5 37.5 
1 Juve 1.30675 0.45963 0.49216 107.76 64 12.5 12.5 37.5 12.5 12.5 37.5 37.5 37.5 
1 Juve 1.04395 0.37113 0.39988 137.48 74 37.5 12.5 12.5 12.5 12.5 37.5 37.5 37.5 
1 Juve 1.07187 0.37391 0.40563 98.356 53.2 37.5 37.5 12.5 12.5 37.5 12.5 12.5 37.5 
1 Juve 1.04274 0.36727 0.39402 89.401 54.8 12.5 12.5 37.5 12.5 12.5 37.5 37.5 37.5 
1 Juve 1.06528 0.37612 0.40333 111.64 65 12.5 12.5 37.5 12.5 12.5 37.5 37.5 37.5 
1 Juve 1.09994 0.39027 0.41369 94.871 53.535 12.5 37.5 12.5 12.5 37.5 12.5 37.5 37.5 
1 Juve 1.13666 0.39605 0.42346 107.66 61 12.5 37.5 12.5 12.5 37.5 12.5 37.5 37.5 
1 Juve 1.25253 0.44081 0.4718 89.928 48.6 12.5 37.5 12.5 12.5 37.5 12.5 37.5 37.5 
1 Juve 1.26165 0.44655 0.46907 94.101 53.6 12.5 37.5 12.5 12.5 37.5 12.5 37.5 37.5 
1 Juve 1.091 0.38202 0.41108 110.61 67.4 37.5 37.5 12.5 12.5 37.5 12.5 12.5 37.5 
1 Juve 1.05771 0.36886 0.39862 122.47 69.6 12.5 37.5 12.5 12.5 37.5 12.5 37.5 37.5 
1 Juve 1.17947 0.41739 0.44633 124.86 71.6 12.5 12.5 37.5 12.5 12.5 37.5 37.5 37.5 
1 Juve 1.04741 0.3637 0.39692 169.59 94.6 37.5 37.5 12.5 12.5 37.5 12.5 12.5 37.5 
1 Juve 1.24052 0.43557 0.46527 110.34 63.6 37.5 37.5 12.5 12.5 37.5 12.5 12.5 37.5 
1 Juve 1.0738 0.37716 0.40419 88.238 49 12.5 12.5 37.5 12.5 12.5 37.5 37.5 37.5 
1 Juve 1.22304 0.42988 0.45769 93.324 51.4 12.5 37.5 12.5 12.5 37.5 12.5 37.5 37.5 
1 Juve 1.19513 0.42096 0.44789 100.32 58.4 12.5 37.5 12.5 12.5 37.5 12.5 37.5 37.5 
1 Juve 1.22004 0.4306 0.46005 111.35 61.8 12.5 37.5 12.5 12.5 37.5 12.5 37.5 37.5 
1 Juve 1.20638 0.42649 0.44858 87.453 46.8 12.5 37.5 12.5 12.5 37.5 12.5 37.5 37.5 
1 Juve 1.07929 0.37785 0.4053 101.95 58.2 12.5 37.5 12.5 12.5 37.5 12.5 37.5 37.5 
1 Juve 1.23357 0.43549 0.46303 94.933 56 37.5 12.5 12.5 12.5 12.5 37.5 37.5 37.5 
1 Juve 1.19496 0.42354 0.4477 136.48 74.2 37.5 37.5 12.5 12.5 37.5 12.5 12.5 37.5 
1 Juve 1.24126 0.43717 0.46588 113.81 62.6 12.5 12.5 37.5 12.5 12.5 37.5 37.5 37.5 
1 Juve 1.24599 0.43788 0.4729 104.48 63.8 12.5 12.5 37.5 12.5 12.5 37.5 37.5 37.5 
1 Juve 1.02973 0.35827 0.38582 107.38 58.8 37.5 37.5 12.5 12.5 37.5 12.5 12.5 37.5 
1 Juve 1.06312 0.37563 0.40535 99.935 56.6 37.5 37.5 12.5 12.5 37.5 12.5 12.5 37.5 
1 Juve 1.10694 0.38855 0.41631 108.03 59 12.5 12.5 37.5 12.5 12.5 37.5 37.5 37.5 
1 Juve 1.24906 0.43905 0.46892 120.3 69 37.5 37.5 12.5 12.5 37.5 12.5 12.5 37.5 
1 Juve 1.18388 0.41774 0.44214 99.429 58.4 37.5 12.5 12.5 12.5 12.5 37.5 37.5 37.5 
1 Juve 1.0554 0.36952 0.39993 111.75 61.2 12.5 37.5 12.5 12.5 37.5 12.5 37.5 37.5 
1 Juve 1.05558 0.36799 0.39714 94.841 55.4 37.5 37.5 12.5 12.5 37.5 12.5 12.5 37.5 
1 Juve 1.13224 0.39577 0.42471 99.698 55.4 12.5 12.5 37.5 12.5 12.5 37.5 37.5 37.5 
1 Juve 1.08634 0.38301 0.41026 85.081 46.4 12.5 37.5 12.5 12.5 37.5 12.5 37.5 37.5 
1 Juve 1.14617 0.40458 0.43317 95.521 55.4 12.5 12.5 37.5 12.5 12.5 37.5 37.5 37.5 
1 Juve 1.0261 0.35919 0.38773 87.155 50.6 12.5 37.5 12.5 12.5 37.5 12.5 37.5 37.5 
1 Juve 1.08019 0.37878 0.40418 88.355 51 37.5 37.5 12.5 12.5 37.5 12.5 12.5 37.5 
1 Juve 1.1014 0.38484 0.41813 105.26 58.699 12.5 12.5 37.5 12.5 12.5 37.5 37.5 37.5 
1 Juve 0.951048 0.33233 0.35612 95.323 56.2 12.5 37.5 12.5 12.5 37.5 12.5 37.5 37.5 
