1 Juve 1.38662 0.48979 0.55819 223.89 139.6 41.5 8.5 8.5 8.5 18 8.5 32 8.5 8.5 20 19.5 20 30.5 20 41.5 20 8.5 30 19.5 30 30.5 30 41.5 30 8.5 41 18 41 32 41 41.5 41 
1 Juve 1.33797 0.46881 0.54223 268.25 160.4 32 8.5 8.5 8.5 18 8.5 41.5 8.5 8.5 20 19.5 20 30.5 20 41.5 20 8.5 30 19.5 30 30.5 30 41.5 30 8.5 41 18 41 32 41 41.5 41 
1 Juve 1.15262 0.4037 0.47461 243.57 147.6 32 8.5 8.5 8.5 18 8.5 41.5 8.5 8.5 20 19.5 20 30.5 20 41.5 20 8.5 30 19.5 30 30.5 30 41.5 30 8.5 41 18 41 32 41 41.5 41 
1 Juve 1.37856 0.48366 0.55619 275.96 165.8 30.5 30 8.5 8.5 18 8.5 32 8.5 41.5 8.5 8.5 20 19.5 20 30.5 20 41.5 20 8.5 30 19.5 30 41.5 30 8.5 41 18 41 32 41 41.5 41 
1 Juve 1.34418 0.4726 0.53923 220.39 137.74 18 41 8.5 8.5 18 8.5 32 8.5 41.5 8.5 8.5 20 19.5 20 30.5 20 41.5 20 8.5 30 19.5 30 30.5 30 41.5 30 8.5 41 32 41 41.5 41 
1 Juve 1.21782 0.42579 0.49393 266.06 158.4 8.5 41 8.5 8.5 18 8.5 32 8.5 41.5 8.5 8.5 20 19.5 20 30.5 20 41.5 20 8.5 30 19.5 30 30.5 30 41.5 30 18 41 32 41 41.5 41 
1 Juve 1.1022 0.38816 0.45075 235.9 143 41.5 41 8.5 8.5 18 8.5 32 8.5 41.5 8.5 8.5 20 19.5 20 30.5 20 41.5 20 8.5 30 19.5 30 30.5 30 41.5 30 8.5 41 18 41 32 41 
1 Juve 1.17514 0.40941 0.47745 254.09 150.6 41.5 20 8.5 8.5 18 8.5 32 8.5 41.5 8.5 8.5 20 19.5 20 30.5 20 8.5 30 19.5 30 30.5 30 41.5 30 8.5 41 18 41 32 41 41.5 41 
1 Juve 1.27014 0.44718 0.50934 222.57 133.2 8.5 30 8.5 8.5 18 8.5 32 8.5 41.5 8.5 8.5 20 19.5 20 30.5 20 41.5 20 19.5 30 30.5 30 41.5 30 8.5 41 18 41 32 41 41.5 41 
1 Juve 1.14291 0.39572 0.46839 245.3 151.2 18 41 8.5 8.5 18 8.5 32 8.5 41.5 8.5 8.5 20 19.5 20 30.5 20 41.5 20 8.5 30 19.5 30 30.5 30 41.5 30 8.5 41 32 41 41.5 41 
1 Juve 1.33584 0.46613 0.54495 259.92 161.79 41.5 41 8.5 8.5 18 8.5 32 8.5 41.5 8.5 8.5 20 19.5 20 30.5 20 41.5 20 8.5 30 19.5 30 30.5 30 41.5 30 8.5 41 18 41 32 41 
1 Juve 1.19294 0.41517 0.48592 225.76 138.4 19.5 30 8.5 8.5 18 8.5 32 8.5 41.5 8.5 8.5 20 19.5 20 30.5 20 41.5 20 8.5 30 30.5 30 41.5 30 8.5 41 18 41 32 41 41.5 41 
1 Juve 1.38473 0.48774 0.56181 231.08 151.4 18 8.5 8.5 8.5 32 8.5 41.5 8.5 8.5 20 19.5 20 30.5 20 41.5 20 8.5 30 19.5 30 30.5 30 41.5 30 8.5 41 18 41 32 41 41.5 41 
1 Juve 1.14618 0.39937 0.46336 224.33 135.24 30.5 30 8.5 8.5 18 8.5 32 8.5 41.5 8.5 8.5 20 19.5 20 30.5 20 41.5 20 8.5 30 19.5 30 41.5 30 8.5 41 18 41 32 41 41.5 41 
1 Juve 1.37156 0.48586 0.55044 236.35 142.8 8.5 20 8.5 8.5 18 8.5 32 8.5 41.5 8.5 19.5 20 30.5 20 41.5 20 8.5 30 19.5 30 30.5 30 41.5 30 8.5 41 18 41 32 41 41.5 41 
1 Juve 1.15778 0.40252 0.47655 217.55 132.8 18 8.5 8.5 8.5 32 8.5 41.5 8.5 8.5 20 19.5 20 30.5 20 41.5 20 8.5 30 19.5 30 30.5 30 41.5 30 8.5 41 18 41 32 41 41.5 41 
1 Juve 1.18576 0.41191 0.48201 235.95 151 18 8.5 8.5 8.5 32 8.5 41.5 8.5 8.5 20 19.5 20 30.5 20 41.5 20 8.5 30 19.5 30 30.5 30 41.5 30 8.5 41 18 41 32 41 41.5 41 
1 Juve 1.41432 0.49955 0.56539 228.53 138 19.5 20 8.5 8.5 18 8.5 32 8.5 41.5 8.5 8.5 20 30.5 20 41.5 20 8.5 30 19.5 30 30.5 30 41.5 30 8.5 41 18 41 32 41 41.5 41 
1 Juve 1.16447 0.4037 0.47921 285.12 169.6 32 41 8.5 8.5 18 8.5 32 8.5 41.5 8.5 8.5 20 19.5 20 30.5 20 41.5 20 8.5 30 19.5 30 30.5 30 41.5 30 8.5 41 18 41 41.5 41 
1 Juve 1.14296 0.39897 0.46581 236.44 147.4 41.5 20 8.5 8.5 18 8.5 32 8.5 41.5 8.5 8.5 20 19.5 20 30.5 20 8.5 30 19.5 30 30.5 30 41.5 30 8.5 41 18 41 32 41 41.5 41 
1 Juve 1.1244 0.39414 0.45212 208.5 125.6 8.5 8.5 18 8.5 32 8.5 41.5 8.5 8.5 20 19.5 20 30.5 20 41.5 20 8.5 30 19.5 30 30.5 30 41.5 30 8.5 41 18 41 32 41 41.5 41 
1 Juve 1.16165 0.40458 0.47352 229.31 136.8 41.5 41 8.5 8.5 18 8.5 32 8.5 41.5 8.5 8.5 20 19.5 20 30.5 20 41.5 20 8.5 30 19.5 30 30.5 30 41.5 30 8.5 41 18 41 32 41 
1 Juve 1.38665 0.49001 0.55559 260.92 152 8.5 30 8.5 8.5 18 8.5 32 8.5 41.5 8.5 8.5 20 19.5 20 30.5 20 41.5 20 19.5 30 30.5 30 41.5 30 8.5 41 18 41 32 41 41.5 41 
1 Juve 1.13384 0.39267 0.46032 204.22 118.2 8.5 8.5 18 8.5 32 8.5 41.5 8.5 8.5 20 19.5 20 30.5 20 41.5 20 8.5 30 19.5 30 30.5 30 41.5 30 8.5 41 18 41 32 41 41.5 41 
1 Juve 1.0666 0.36847 0.43501 249.01 154.6 41.5 41 8.5 8.5 18 8.5 32 8.5 41.5 8.5 8.5 20 19.5 20 30.5 20 41.5 20 8.5 30 19.5 30 30.5 30 41.5 30 8.5 41 18 41 32 41 
1 Juve 1.08226 0.37435 0.4423 225.6 137 32 41 8.5 8.5 18 8.5 32 8.5 41.5 8.5 8.5 20 19.5 20 30.5 20 41.5 20 8.5 30 19.5 30 30.5 30 41.5 30 8.5 41 18 41 41.5 41 
1 Juve 1.16671 0.40546 0.4772 239.96 152.8 18 41 8.5 8.5 18 8.5 32 8.5 41.5 8.5 8.5 20 19.5 20 30.5 20 41.5 20 8.5 30 19.5 30 30.5 30 41.5 30 8.5 41 32 41 41.5 41 
1 Juve 1.09764 0.38209 0.45148 224.78 140 8.5 20 8.5 8.5 18 8.5 32 8.5 41.5 8.5 19.5 20 30.5 20 41.5 20 8.5 30 19.5 30 30.5 30 41.5 30 8.5 41 18 41 32 41 41.5 41 
1 Juve 1.13194 0.39801 0.45511 199.73 113.6 19.5 20 8.5 8.5 18 8.5 32 8.5 41.5 8.5 8.5 20 30.5 20 41.5 20 8.5 30 19.5 30 30.5 30 41.5 30 8.5 41 18 41 32 41 41.5 41 
1 Juve 1.1019 0.38688 0.44487 201.28 119.4 32 41 8.5 8.5 18 8.5 32 8.5 41.5 8.5 8.5 20 19.5 20 30.5 20 41.5 20 8.5 30 19.5 30 30.5 30 41.5 30 8.5 41 18 41 41.5 41 
1 Juve 1.22528 0.4335 0.5016 244.69 150 19.5 30 8.5 8.5 18 8.5 32 8.5 41.5 8.5 8.5 20 19.5 20 30.5 20 41.5 20 8.5 30 30.5 30 41.5 30 8.5 41 18 41 32 41 41.5 41 
1 Juve 1.1658 0.40348 0.47482 254.11 151.6 32 41 8.5 8.5 18 8.5 32 8.5 41.5 8.5 8.5 20 19.5 20 30.5 20 41.5 20 8.5 30 19.5 30 30.5 30 41.5 30 8.5 41 18 41 41.5 41 
1 Juve 1.07173 0.37031 0.4433 247.8 147.8 30.5 30 8.5 8.5 18 8.5 32 8.5 41.5 8.5 8.5 20 19.5 20 30.5 20 41.5 20 8.5 30 19.5 30 41.5 30 8.5 41 18 41 32 41 41.5 41 
1 Juve 1.0948 0.38314 0.44509 219.29 128.4 8.5 30 8.5 8.5 18 8.5 32 8.5 41.5 8.5 8.5 20 19.5 20 30.5 20 41.5 20 19.5 30 30.5 30 41.5 30 8.5 41 18 41 32 41 41.5 41 
1 Juve 1.19046 0.41309 0.48096 226.08 133.2 8.5 20 8.5 8.5 18 8.5 32 8.5 41.5 8.5 19.5 20 30.5 20 41.5 20 8.5 30 19.5 30 30.5 30 41.5 30 8.5 41 18 41 32 41 41.5 41 
1 Juve 1.30284 0.4604 0.51759 200.26 114.6 32 8.5 8.5 8.5 18 8.5 41.5 8.5 8.5 20 19.5 20 30.5 20 41.5 20 8.5 30 19.5 30 30.5 30 41.5 30 8.5 41 18 41 32 41 41.5 41 
1 Juve 1.26542 0.44289 0.5081 234.51 142.6 19.5 20 8.5 8.5 18 8.5 32 8.5 41.5 8.5 8.5 20 30.5 20 41.5 20 8.5 30 19.5 30 30.5 30 41.5 30 8.5 41 18 41 32 41 41.5 41 
1 Juve 1.24888 0.4338 0.49355 225.36 136.8 8.5 8.5 18 8.5 32 8.5 41.5 8.5 8.5 20 19.5 20 30.5 20 41.5 20 8.5 30 19.5 30 30.5 30 41.5 30 8.5 41 18 41 32 41 41.5 41 
1 Juve 1.20505 0.41977 0.49567 247.47 148.2 8.5 8.5 18 8.5 32 8.5 41.5 8.5 8.5 20 19.5 20 30.5 20 41.5 20 8.5 30 19.5 30 30.5 30 41.5 30 8.5 41 18 41 32 41 41.5 41 
1 Juve 1.47462 0.51678 0.57793 224.93 135 32 41 8.5 8.5 18 8.5 32 8.5 41.5 8.5 8.5 20 19.5 20 30.5 20 41.5 20 8.5 30 19.5 30 30.5 30 41.5 30 8.5 41 18 41 41.5 41 
1 Juve 1.25159 0.43783 0.50571 260.06 151 18 8.5 8.5 8.5 32 8.5 41.5 8.5 8.5 20 19.5 20 30.5 20 41.5 20 8.5 30 19.5 30 30.5 30 41.5 30 8.5 41 18 41 32 41 41.5 41 
1 Juve 1.3141 0.46096 0.53612 252.91 150.35 8.5 30 8.5 8.5 18 8.5 32 8.5 41.5 8.5 8.5 20 19.5 20 30.5 20 41.5 20 19.5 30 30.5 30 41.5 30 8.5 41 18 41 32 41 41.5 41 
1 Juve 1.14977 0.40103 0.46479 252.83 155.6 8.5 8.5 18 8.5 32 8.5 41.5 8.5 8.5 20 19.5 20 30.5 20 41.5 20 8.5 30 19.5 30 30.5 30 41.5 30 8.5 41 18 41 32 41 41.5 41 
1 Juve 1.06427 0.36978 0.43254 234.05 140.6 19.5 20 8.5 8.5 18 8.5 32 8.5 41.5 8.5 8.5 20 30.5 20 41.5 20 8.5 30 19.5 30 30.5 30 41.5 30 8.5 41 18 41 32 41 41.5 41 
1 Juve 1.33558 0.46576 0.53677 215.9 131.2 18 41 8.5 8.5 18 8.5 32 8.5 41.5 8.5 8.5 20 19.5 20 30.5 20 41.5 20 8.5 30 19.5 30 30.5 30 41.5 30 8.5 41 32 41 41.5 41 
1 Juve 1.30572 0.45646 0.52424 257.63 161.4 8.5 41 8.5 8.5 18 8.5 32 8.5 41.5 8.5 8.5 20 19.5 20 30.5 20 41.5 20 8.5 30 19.5 30 30.5 30 41.5 30 18 41 32 41 41.5 41 
1 Juve 1.152 0.40164 0.46298 250.84 155.8 19.5 20 8.5 8.5 18 8.5 32 8.5 41.5 8.5 8.5 20 30.5 20 41.5 20 8.5 30 19.5 30 30.5 30 41.5 30 8.5 41 18 41 32 41 41.5 41 
1 Juve 1.12448 0.39735 0.4591 236.2 141.2 8.5 41 8.5 8.5 18 8.5 32 8.5 41.5 8.5 8.5 20 19.5 20 30.5 20 41.5 20 8.5 30 19.5 30 30.5 30 41.5 30 18 41 32 41 41.5 41 
1 Juve 1.11932 0.38745 0.45336 223.82 137 19.5 30 8.5 8.5 18 8.5 32 8.5 41.5 8.5 8.5 20 19.5 20 30.5 20 41.5 20 8.5 30 30.5 30 41.5 30 8.5 41 18 41 32 41 41.5 41 
1 Juve 1.23091 0.42867 0.49218 204.56 118.8 8.5 41 8.5 8.5 18 8.5 32 8.5 41.5 8.5 8.5 20 19.5 20 30.5 20 41.5 20 8.5 30 19.5 30 30.5 30 41.5 30 18 41 32 41 41.5 41 
1 Juve 1.21901 0.42233 0.49467 238.68 141.19 18 41 8.5 8.5 18 8.5 32 8.5 41.5 8.5 8.5 20 19.5 20 30.5 20 41.5 20 8.5 30 19.5 30 30.5 30 41.5 30 8.5 41 32 41 41.5 41 
1 Juve 1.13139 0.40122 0.46363 273.9 157.2 32 8.5 8.5 8.5 18 8.5 41.5 8.5 8.5 20 19.5 20 30.5 20 41.5 20 8.5 30 19.5 30 30.5 30 41.5 30 8.5 41 18 41 32 41 41.5 41 
1 Juve 1.18856 0.41447 0.47978 235.21 136.8 30.5 20 8.5 8.5 18 8.5 32 8.5 41.5 8.5 8.5 20 19.5 20 41.5 20 8.5 30 19.5 30 30.5 30 41.5 30 8.5 41 18 41 32 41 41.5 41 
1 Juve 1.25579 0.44279 0.51166 273.25 165.48 8.5 30 8.5 8.5 18 8.5 32 8.5 41.5 8.5 8.5 20 19.5 20 30.5 20 41.5 20 19.5 30 30.5 30 41.5 30 8.5 41 18 41 32 41 41.5 41 
1 Juve 1.1786 0.41532 0.47657 252.2 150.8 30.5 20 8.5 8.5 18 8.5 32 8.5 41.5 8.5 8.5 20 19.5 20 41.5 20 8.5 30 19.5 30 30.5 30 41.5 30 8.5 41 18 41 32 41 41.5 41 
1 Juve 1.11585 0.38729 0.45009 251.41 153.8 19.5 20 8.5 8.5 18 8.5 32 8.5 41.5 8.5 8.5 20 30.5 20 41.5 20 8.5 30 19.5 30 30.5 30 41.5 30 8.5 41 18 41 32 41 41.5 41 
1 Juve 1.28897 0.45476 0.51821 254.65 157 32 41 8.5 8.5 18 8.5 32 8.5 41.5 8.5 8.5 20 19.5 20 30.5 20 41.5 20 8.5 30 19.5 30 30.5 30 41.5 30 8.5 41 18 41 41.5 41 
1 Juve 1.16426 0.40265 0.47466 255.92 155.8 30.5 30 8.5 8.5 18 8.5 32 8.5 41.5 8.5 8.5 20 19.5 20 30.5 20 41.5 20 8.5 30 19.5 30 41.5 30 8.5 41 18 41 32 41 41.5 41 
1 Juve 1.18173 0.41239 0.48498 241.04 151.36 18 41 8.5 8.5 18 8.5 32 8.5 41.5 8.5 8.5 20 19.5 20 30.5 20 41.5 20 8.5 30 19.5 30 30.5 30 41.5 30 8.5 41 32 41 41.5 41 
1 Juve 1.16652 0.40913 0.472 211.29 128.95 8.5 20 8.5 8.5 18 8.5 32 8.5 41.5 8.5 19.5 20 30.5 20 41.5 20 8.5 30 19.5 30 30.5 30 41.5 30 8.5 41 18 41 32 41 41.5 41 
1 Juve 1.23288 0.42994 0.50038 240.54 138.6 41.5 8.5 8.5 8.5 18 8.5 32 8.5 8.5 20 19.5 20 30.5 20 41.5 20 8.5 30 19.5 30 30.5 30 41.5 30 8.5 41 18 41 32 41 41.5 41 
1 Juve 1.17094 0.40947 0.47573 252.74 152.32 41.5 41 8.5 8.5 18 8.5 32 8.5 41.5 8.5 8.5 20 19.5 20 30.5 20 41.5 20 8.5 30 19.5 30 30.5 30 41.5 30 8.5 41 18 41 32 41 
1 Juve 1.20183 0.42008 0.48463 243.71 150.8 30.5 30 8.5 8.5 18 8.5 32 8.5 41.5 8.5 8.5 20 19.5 20 30.5 20 41.5 20 8.5 30 19.5 30 41.5 30 8.5 41 18 41 32 41 41.5 41 
1 Juve 1.16839 0.40952 0.47355 228.67 140.6 8.5 20 8.5 8.5 18 8.5 32 8.5 41.5 8.5 19.5 20 30.5 20 41.5 20 8.5 30 19.5 30 30.5 30 41.5 30 8.5 41 18 41 32 41 41.5 41 
1 Juve 1.39368 0.48816 0.55386 243.13 151 41.5 20 8.5 8.5 18 8.5 32 8.5 41.5 8.5 8.5 20 19.5 20 30.5 20 8.5 30 19.5 30 30.5 30 41.5 30 8.5 41 18 41 32 41 41.5 41 
1 Juve 1.09228 0.37946 0.44203 222.03 134.6 41.5 41 8.5 8.5 18 8.5 32 8.5 41.5 8.5 8.5 20 19.5 20 30.5 20 41.5 20 8.5 30 19.5 30 30.5 30 41.5 30 8.5 41 18 41 32 41 
1 Juve 1.14148 0.40015 0.46412 229.19 139.6 8.5 41 8.5 8.5 18 8.5 32 8.5 41.5 8.5 8.5 20 19.5 20 30.5 20 41.5 20 8.5 30 19.5 30 30.5 30 41.5 30 18 41 32 41 41.5 41 
1 Juve 1.15261 0.40011 0.46981 217.16 127.6 18 8.5 8.5 8.5 32 8.5 41.5 8.5 8.5 20 19.5 20 30.5 20 41.5 20 8.5 30 19.5 30 30.5 30 41.5 30 8.5 41 18 41 32 41 41.5 41 
1 Juve 1.10019 0.37842 0.45044 263.35 164 41.5 8.5 8.5 8.5 18 8.5 32 8.5 8.5 20 19.5 20 30.5 20 41.5 20 8.5 30 19.5 30 30.5 30 41.5 30 8.5 41 18 41 32 41 41.5 41 
1 Juve 1.19518 0.41758 0.48139 222.2 135.2 41.5 8.5 8.5 8.5 18 8.5 32 8.5 8.5 20 19.5 20 30.5 20 41.5 20 8.5 30 19.5 30 30.5 30 41.5 30 8.5 41 18 41 32 41 41.5 41 
1 Juve 1.25584 0.43152 0.5051 248.68 150.4 41.5 30 8.5 8.5 18 8.5 32 8.5 41.5 8.5 8.5 20 19.5 20 30.5 20 41.5 20 8.5 30 19.5 30 30.5 30 8.5 41 18 41 32 41 41.5 41 
1 Juve 1.17342 0.40729 0.47457 226.96 141.4 30.5 20 8.5 8.5 18 8.5 32 8.5 41.5 8.5 8.5 20 19.5 20 41.5 20 8.5 30 19.5 30 30.5 30 41.5 30 8.5 41 18 41 32 41 41.5 41 
1 Juve 1.16074 0.40598 0.46742 219.39 128.8 8.5 30 8.5 8.5 18 8.5 32 8.5 41.5 8.5 8.5 20 19.5 20 30.5 20 41.5 20 19.5 30 30.5 30 41.5 30 8.5 41 18 41 32 41 41.5 41 
1 Juve 1.07516 0.37291 0.43679 210.26 127.8 8.5 8.5 18 8.5 32 8.5 41.5 8.5 8.5 20 19.5 20 30.5 20 41.5 20 8.5 30 19.5 30 30.5 30 41.5 30 8.5 41 18 41 32 41 41.5 41 
1 Juve 1.20598 0.41767 0.49433 254 162 41.5 30 8.5 8.5 18 8.5 32 8.5 41.5 8.5 8.5 20 19.5 20 30.5 20 41.5 20 8.5 30 19.5 30 30.5 30 8.5 41 18 41 32 41 41.5 41 
1 Juve 1.16583 0.40668 0.46968 226.79 144.2 19.5 20 8.5 8.5 18 8.5 32 8.5 41.5 8.5 8.5 20 30.5 20 41.5 20 8.5 30 19.5 30 30.5 30 41.5 30 8.5 41 18 41 32 41 41.5 41 
1 Juve 1.16761 0.40251 0.47302 255.35 157.4 8.5 8.5 18 8.5 32 8.5 41.5 8.5 8.5 20 19.5 20 30.5 20 41.5 20 8.5 30 19.5 30 30.5 30 41.5 30 8.5 41 18 41 32 41 41.5 41 
1 Juve 1.32274 0.46563 0.53275 241.22 141.8 8.5 41 8.5 8.5 18 8.5 32 8.5 41.5 8.5 8.5 20 19.5 20 30.5 20 41.5 20 8.5 30 19.5 30 30.5 30 41.5 30 18 41 32 41 41.5 41 
1 Juve 1.34739 0.47229 0.54295 241.99 144.89 8.5 20 8.5 8.5 18 8.5 32 8.5 41.5 8.5 19.5 20 30.5 20 41.5 20 8.5 30 19.5 30 30.5 30 41.5 30 8.5 41 18 41 32 41 41.5 41 
1 Juve 1.16424 0.41059 0.47038 237.9 147.2 30.5 30 8.5 8.5 18 8.5 32 8.5 41.5 8.5 8.5 20 19.5 20 30.5 20 41.5 20 8.5 30 19.5 30 41.5 30 8.5 41 18 41 32 41 41.5 41 
1 Juve 1.24352 0.43518 0.50912 244.06 141 41.5 8.5 8.5 8.5 18 8.5 32 8.5 8.5 20 19.5 20 30.5 20 41.5 20 8.5 30 19.5 30 30.5 30 41.5 30 8.5 41 18 41 32 41 41.5 41 
1 Juve 1.17969 0.41469 0.48546 264.2 163.8 19.5 30 8.5 8.5 18 8.5 32 8.5 41.5 8.5 8.5 20 19.5 20 30.5 20 41.5 20 8.5 30 30.5 30 41.5 30 8.5 41 18 41 32 41 41.5 41 
1 Juve 1.31091 0.45879 0.53162 237.28 140.4 8.5 41 8.5 8.5 18 8.5 32 8.5 41.5 8.5 8.5 20 19.5 20 30.5 20 41.5 20 8.5 30 19.5 30 30.5 30 41.5 30 18 41 32 41 41.5 41 
1 Juve 1.38696 0.49495 0.55822 230.85 141.6 41.5 41 8.5 8.5 18 8.5 32 8.5 41.5 8.5 8.5 20 19.5 20 30.5 20 41.5 20 8.5 30 19.5 30 30.5 30 41.5 30 8.5 41 18 41 32 41 
1 Juve 1.46549 0.51777 0.59681 274.8 160 8.5 8.5 18 8.5 32 8.5 41.5 8.5 8.5 20 19.5 20 30.5 20 41.5 20 8.5 30 19.5 30 30.5 30 41.5 30 8.5 41 18 41 32 41 41.5 41 
1 Juve 1.62467 0.5721 0.64488 238.58 140.4 30.5 30 8.5 8.5 18 8.5 32 8.5 41.5 8.5 8.5 20 19.5 20 30.5 20 41.5 20 8.5 30 19.5 30 41.5 30 8.5 41 18 41 32 41 41.5 41 
1 Juve 1.42928 0.50159 0.57225 237.92 146.8 41.5 20 8.5 8.5 18 8.5 32 8.5 41.5 8.5 8.5 20 19.5 20 30.5 20 8.5 30 19.5 30 30.5 30 41.5 30 8.5 41 18 41 32 41 41.5 41 
1 Juve 1.52753 0.54465 0.63226 242.59 144.6 19.5 30 8.5 8.5 18 8.5 32 8.5 41.5 8.5 8.5 20 19.5 20 30.5 20 41.5 20 8.5 30 30.5 30 41.5 30 8.5 41 18 41 32 41 41.5 41 
1 Juve 1.48774 0.51902 0.59201 237.42 144.8 8.5 8.5 18 8.5 32 8.5 41.5 8.5 8.5 20 19.5 20 30.5 20 41.5 20 8.5 30 19.5 30 30.5 30 41.5 30 8.5 41 18 41 32 41 41.5 41 
1 Juve 1.34619 0.46872 0.53436 255.2 157.6 32 8.5 8.5 8.5 18 8.5 41.5 8.5 8.5 20 19.5 20 30.5 20 41.5 20 8.5 30 19.5 30 30.5 30 41.5 30 8.5 41 18 41 32 41 41.5 41 
1 Juve 1.38217 0.48659 0.54973 231.42 135.6 41.5 41 8.5 8.5 18 8.5 32 8.5 41.5 8.5 8.5 20 19.5 20 30.5 20 41.5 20 8.5 30 19.5 30 30.5 30 41.5 30 8.5 41 18 41 32 41 
1 Juve 1.10318 0.38727 0.45249 244.52 154.2 32 8.5 8.5 8.5 18 8.5 41.5 8.5 8.5 20 19.5 20 30.5 20 41.5 20 8.5 30 19.5 30 30.5 30 41.5 30 8.5 41 18 41 32 41 41.5 41 
1 Juve 1.16036 0.40967 0.47086 244.52 145.2 30.5 20 8.5 8.5 18 8.5 32 8.5 41.5 8.5 8.5 20 19.5 20 41.5 20 8.5 30 19.5 30 30.5 30 41.5 30 8.5 41 18 41 32 41 41.5 41 
1 Juve 1.14119 0.39764 0.46249 255.51 151.8 32 8.5 8.5 8.5 18 8.5 41.5 8.5 8.5 20 19.5 20 30.5 20 41.5 20 8.5 30 19.5 30 30.5 30 41.5 30 8.5 41 18 41 32 41 41.5 41 
1 Juve 1.16433 0.40444 0.47303 239.99 145.6 30.5 20 8.5 8.5 18 8.5 32 8.5 41.5 8.5 8.5 20 19.5 20 41.5 20 8.5 30 19.5 30 30.5 30 41.5 30 8.5 41 18 41 32 41 41.5 41 
1 Juve 1.24054 0.44112 0.50592 229.56 142.6 19.5 30 8.5 8.5 18 8.5 32 8.5 41.5 8.5 8.5 20 19.5 20 30.5 20 41.5 20 8.5 30 30.5 30 41.5 30 8.5 41 18 41 32 41 41.5 41 
1 Juve 1.21515 0.42105 0.50067 274.92 159.7 18 8.5 8.5 8.5 32 8.5 41.5 8.5 8.5 20 19.5 20 30.5 20 41.5 20 8.5 30 19.5 30 30.5 30 41.5 30 8.5 41 18 41 32 41 41.5 41 
1 Juve 1.14533 0.39573 0.4642 235.45 143.8 19.5 30 8.5 8.5 18 8.5 32 8.5 41.5 8.5 8.5 20 19.5 20 30.5 20 41.5 20 8.5 30 30.5 30 41.5 30 8.5 41 18 41 32 41 41.5 41 
1 Juve 1.21066 0.4291 0.49336 215.06 125.79 32 41 8.5 8.5 18 8.5 32 8.5 41.5 8.5 8.5 20 19.5 20 30.5 20 41.5 20 8.5 30 19.5 30 30.5 30 41.5 30 8.5 41 18 41 41.5 41 
1 Juve 1.38757 0.49462 0.56286 239.92 149.4 32 41 8.5 8.5 18 8.5 32 8.5 41.5 8.5 8.5 20 19.5 20 30.5 20 41.5 20 8.5 30 19.5 30 30.5 30 41.5 30 8.5 41 18 41 41.5 41 
1 Juve 1.35354 0.47761 0.5437 228.17 137 8.5 8.5 18 8.5 32 8.5 41.5 8.5 8.5 20 19.5 20 30.5 20 41.5 20 8.5 30 19.5 30 30.5 30 41.5 30 8.5 41 18 41 32 41 41.5 41 
1 Juve 1.21566 0.41903 0.50365 234.3 145 32 41 8.5 8.5 18 8.5 32 8.5 41.5 8.5 8.5 20 19.5 20 30.5 20 41.5 20 8.5 30 19.5 30 30.5 30 41.5 30 8.5 41 18 41 41.5 41 
1 Juve 1.29054 0.44885 0.51304 238.13 144.19 18 8.5 8.5 8.5 32 8.5 41.5 8.5 8.5 20 19.5 20 30.5 20 41.5 20 8.5 30 19.5 30 30.5 30 41.5 30 8.5 41 18 41 32 41 41.5 41 
1 Juve 1.16864 0.40824 0.47239 265.54 164.2 8.5 8.5 18 8.5 32 8.5 41.5 8.5 8.5 20 19.5 20 30.5 20 41.5 20 8.5 30 19.5 30 30.5 30 41.5 30 8.5 41 18 41 32 41 41.5 41 
1 Juve 1.04585 0.35924 0.42555 224.11 133.4 30.5 20 8.5 8.5 18 8.5 32 8.5 41.5 8.5 8.5 20 19.5 20 41.5 20 8.5 30 19.5 30 30.5 30 41.5 30 8.5 41 18 41 32 41 41.5 41 
1 Juve 1.31873 0.46053 0.53326 245.29 142 41.5 20 8.5 8.5 18 8.5 32 8.5 41.5 8.5 8.5 20 19.5 20 30.5 20 8.5 30 19.5 30 30.5 30 41.5 30 8.5 41 18 41 32 41 41.5 41 
1 Juve 1.34097 0.4756 0.54462 266.74 162.2 32 8.5 8.5 8.5 18 8.5 41.5 8.5 8.5 20 19.5 20 30.5 20 41.5 20 8.5 30 19.5 30 30.5 30 41.5 30 8.5 41 18 41 32 41 41.5 41 
1 Juve 1.39185 0.48849 0.5659 285.5 182.2 41.5 20 8.5 8.5 18 8.5 32 8.5 41.5 8.5 8.5 20 19.5 20 30.5 20 8.5 30 19.5 30 30.5 30 41.5 30 8.5 41 18 41 32 41 41.5 41 
1 Juve 1.41916 0.50087 0.56272 208.32 124.6 41.5 8.5 8.5 8.5 18 8.5 32 8.5 8.5 20 19.5 20 30.5 20 41.5 20 8.5 30 19.5 30 30.5 30 41.5 30 8.5 41 18 41 32 41 41.5 41 
1 Juve 1.30037 0.45784 0.52082 226.04 135.8 18 41 8.5 8.5 18 8.5 32 8.5 41.5 8.5 8.5 20 19.5 20 30.5 20 41.5 20 8.5 30 19.5 30 30.5 30 41.5 30 8.5 41 32 41 41.5 41 
1 Juve 1.38078 0.48081 0.5605 228.65 142.8 8.5 8.5 18 8.5 32 8.5 41.5 8.5 8.5 20 19.5 20 30.5 20 41.5 20 8.5 30 19.5 30 30.5 30 41.5 30 8.5 41 18 41 32 41 41.5 41 
1 Juve 1.48701 0.52383 0.60567 220.26 132.4 8.5 20 8.5 8.5 18 8.5 32 8.5 41.5 8.5 19.5 20 30.5 20 41.5 20 8.5 30 19.5 30 30.5 30 41.5 30 8.5 41 18 41 32 41 41.5 41 
1 Juve 1.52555 0.5295 0.60026 227.09 137.8 32 8.5 8.5 8.5 18 8.5 41.5 8.5 8.5 20 19.5 20 30.5 20 41.5 20 8.5 30 19.5 30 30.5 30 41.5 30 8.5 41 18 41 32 41 41.5 41 
1 Juve 1.55603 0.55085 0.6174 219.75 130.73 30.5 30 8.5 8.5 18 8.5 32 8.5 41.5 8.5 8.5 20 19.5 20 30.5 20 41.5 20 8.5 30 19.5 30 41.5 30 8.5 41 18 41 32 41 41.5 41 
1 Juve 1.38909 0.48817 0.55805 236.84 143.6 19.5 20 8.5 8.5 18 8.5 32 8.5 41.5 8.5 8.5 20 30.5 20 41.5 20 8.5 30 19.5 30 30.5 30 41.5 30 8.5 41 18 41 32 41 41.5 41 
1 Juve 1.17681 0.41138 0.47891 244.2 156.52 18 41 8.5 8.5 18 8.5 32 8.5 41.5 8.5 8.5 20 19.5 20 30.5 20 41.5 20 8.5 30 19.5 30 30.5 30 41.5 30 8.5 41 32 41 41.5 41 
1 Juve 1.17134 0.41125 0.47847 265.97 159.8 32 41 8.5 8.5 18 8.5 32 8.5 41.5 8.5 8.5 20 19.5 20 30.5 20 41.5 20 8.5 30 19.5 30 30.5 30 41.5 30 8.5 41 18 41 41.5 41 
1 Juve 1.13402 0.39013 0.47542 213.07 133.4 41.5 30 8.5 8.5 18 8.5 32 8.5 41.5 8.5 8.5 20 19.5 20 30.5 20 41.5 20 8.5 30 19.5 30 30.5 30 8.5 41 18 41 32 41 41.5 41 
1 Juve 1.32373 0.46361 0.53264 231.67 142 18 8.5 8.5 8.5 32 8.5 41.5 8.5 8.5 20 19.5 20 30.5 20 41.5 20 8.5 30 19.5 30 30.5 30 41.5 30 8.5 41 18 41 32 41 41.5 41 
1 Juve 1.24655 0.43531 0.50615 234.73 142 18 8.5 8.5 8.5 32 8.5 41.5 8.5 8.5 20 19.5 20 30.5 20 41.5 20 8.5 30 19.5 30 30.5 30 41.5 30 8.5 41 18 41 32 41 41.5 41 
1 Juve 1.18512 0.41065 0.4873 252.78 151.6 18 41 8.5 8.5 18 8.5 32 8.5 41.5 8.5 8.5 20 19.5 20 30.5 20 41.5 20 8.5 30 19.5 30 30.5 30 41.5 30 8.5 41 32 41 41.5 41 
1 Juve 1.37733 0.48237 0.56478 278.91 169.4 18 41 8.5 8.5 18 8.5 32 8.5 41.5 8.5 8.5 20 19.5 20 30.5 20 41.5 20 8.5 30 19.5 30 30.5 30 41.5 30 8.5 41 32 41 41.5 41 
1 Juve 1.09712 0.37457 0.45118 231.88 137.2 19.5 20 8.5 8.5 18 8.5 32 8.5 41.5 8.5 8.5 20 30.5 20 41.5 20 8.5 30 19.5 30 30.5 30 41.5 30 8.5 41 18 41 32 41 41.5 41 
1 Juve 1.21366 0.41961 0.49664 241.84 142.4 18 41 8.5 8.5 18 8.5 32 8.5 41.5 8.5 8.5 20 19.5 20 30.5 20 41.5 20 8.5 30 19.5 30 30.5 30 41.5 30 8.5 41 32 41 41.5 41 
1 Juve 1.1957 0.41735 0.48359 244.99 162.6 32 41 8.5 8.5 18 8.5 32 8.5 41.5 8.5 8.5 20 19.5 20 30.5 20 41.5 20 8.5 30 19.5 30 30.5 30 41.5 30 8.5 41 18 41 41.5 41 
1 Juve 1.18325 0.41257 0.48219 254.49 152 8.5 41 8.5 8.5 18 8.5 32 8.5 41.5 8.5 8.5 20 19.5 20 30.5 20 41.5 20 8.5 30 19.5 30 30.5 30 41.5 30 18 41 32 41 41.5 41 
1 Juve 1.12694 0.39373 0.46271 252.42 153.6 19.5 30 8.5 8.5 18 8.5 32 8.5 41.5 8.5 8.5 20 19.5 20 30.5 20 41.5 20 8.5 30 30.5 30 41.5 30 8.5 41 18 41 32 41 41.5 41 
1 Juve 1.17654 0.41537 0.47292 229.33 136.8 41.5 20 8.5 8.5 18 8.5 32 8.5 41.5 8.5 8.5 20 19.5 20 30.5 20 8.5 30 19.5 30 30.5 30 41.5 30 8.5 41 18 41 32 41 41.5 41 
1 Juve 1.35483 0.47451 0.55101 287.08 170.8 18 8.5 8.5 8.5 32 8.5 41.5 8.5 8.5 20 19.5 20 30.5 20 41.5 20 8.5 30 19.5 30 30.5 30 41.5 30 8.5 41 18 41 32 41 41.5 41 
1 Juve 1.07122 0.36422 0.44396 232.49 134.61 32 41 8.5 8.5 18 8.5 32 8.5 41.5 8.5 8.5 20 19.5 20 30.5 20 41.5 20 8.5 30 19.5 30 30.5 30 41.5 30 8.5 41 18 41 41.5 41 
1 Juve 1.13372 0.39411 0.46285 254.71 158 19.5 20 8.5 8.5 18 8.5 32 8.5 41.5 8.5 8.5 20 30.5 20 41.5 20 8.5 30 19.5 30 30.5 30 41.5 30 8.5 41 18 41 32 41 41.5 41 
1 Juve 1.20332 0.41568 0.49928 284.17 169.8 19.5 20 8.5 8.5 18 8.5 32 8.5 41.5 8.5 8.5 20 30.5 20 41.5 20 8.5 30 19.5 30 30.5 30 41.5 30 8.5 41 18 41 32 41 41.5 41 
1 Juve 1.25591 0.43807 0.50595 257.01 155 41.5 8.5 8.5 8.5 18 8.5 32 8.5 8.5 20 19.5 20 30.5 20 41.5 20 8.5 30 19.5 30 30.5 30 41.5 30 8.5 41 18 41 32 41 41.5 41 
1 Juve 1.33334 0.47052 0.53459 218.74 131.6 30.5 20 8.5 8.5 18 8.5 32 8.5 41.5 8.5 8.5 20 19.5 20 41.5 20 8.5 30 19.5 30 30.5 30 41.5 30 8.5 41 18 41 32 41 41.5 41 
1 Juve 1.16402 0.40547 0.47294 241.6 146.8 18 41 8.5 8.5 18 8.5 32 8.5 41.5 8.5 8.5 20 19.5 20 30.5 20 41.5 20 8.5 30 19.5 30 30.5 30 41.5 30 8.5 41 32 41 41.5 41 
1 Juve 1.32465 0.46639 0.53117 233.39 142.8 32 41 8.5 8.5 18 8.5 32 8.5 41.5 8.5 8.5 20 19.5 20 30.5 20 41.5 20 8.5 30 19.5 30 30.5 30 41.5 30 8.5 41 18 41 41.5 41 
1 Juve 1.11349 0.38652 0.45274 232.61 140.6 30.5 30 8.5 8.5 18 8.5 32 8.5 41.5 8.5 8.5 20 19.5 20 30.5 20 41.5 20 8.5 30 19.5 30 41.5 30 8.5 41 18 41 32 41 41.5 41 
1 Juve 1.24936 0.43734 0.50524 233.48 143 32 41 8.5 8.5 18 8.5 32 8.5 41.5 8.5 8.5 20 19.5 20 30.5 20 41.5 20 8.5 30 19.5 30 30.5 30 41.5 30 8.5 41 18 41 41.5 41 
1 Juve 1.33415 0.46965 0.5377 277.85 168.39 8.5 20 8.5 8.5 18 8.5 32 8.5 41.5 8.5 19.5 20 30.5 20 41.5 20 8.5 30 19.5 30 30.5 30 41.5 30 8.5 41 18 41 32 41 41.5 41 
1 Juve 1.12134 0.38776 0.45814 239.6 148.8 19.5 30 8.5 8.5 18 8.5 32 8.5 41.5 8.5 8.5 20 19.5 20 30.5 20 41.5 20 8.5 30 30.5 30 41.5 30 8.5 41 18 41 32 41 41.5 41 
1 Juve 1.31541 0.46614 0.52639 246.66 148.4 41.5 41 8.5 8.5 18 8.5 32 8.5 41.5 8.5 8.5 20 19.5 20 30.5 20 41.5 20 8.5 30 19.5 30 30.5 30 41.5 30 8.5 41 18 41 32 41 
1 Juve 1.27316 0.44958 0.51344 241.76 143.6 41.5 41 8.5 8.5 18 8.5 32 8.5 41.5 8.5 8.5 20 19.5 20 30.5 20 41.5 20 8.5 30 19.5 30 30.5 30 41.5 30 8.5 41 18 41 32 41 
1 Juve 1.34858 0.46971 0.55198 293.41 174.6 32 8.5 8.5 8.5 18 8.5 41.5 8.5 8.5 20 19.5 20 30.5 20 41.5 20 8.5 30 19.5 30 30.5 30 41.5 30 8.5 41 18 41 32 41 41.5 41 
1 Juve 1.08613 0.37035 0.45225 251.85 158.2 41.5 41 8.5 8.5 18 8.5 32 8.5 41.5 8.5 8.5 20 19.5 20 30.5 20 41.5 20 8.5 30 19.5 30 30.5 30 41.5 30 8.5 41 18 41 32 41 
1 Juve 1.31152 0.45973 0.52686 234.1 147.6 32 8.5 8.5 8.5 18 8.5 41.5 8.5 8.5 20 19.5 20 30.5 20 41.5 20 8.5 30 19.5 30 30.5 30 41.5 30 8.5 41 18 41 32 41 41.5 41 
1 Juve 1.18866 0.41381 0.47975 240.58 147 8.5 41 8.5 8.5 18 8.5 32 8.5 41.5 8.5 8.5 20 19.5 20 30.5 20 41.5 20 8.5 30 19.5 30 30.5 30 41.5 30 18 41 32 41 41.5 41 
1 Juve 1.15863 0.40702 0.47011 244.92 141.6 41.5 30 8.5 8.5 18 8.5 32 8.5 41.5 8.5 8.5 20 19.5 20 30.5 20 41.5 20 8.5 30 19.5 30 30.5 30 8.5 41 18 41 32 41 41.5 41 
1 Juve 1.18151 0.41195 0.47532 232.57 141.2 32 41 8.5 8.5 18 8.5 32 8.5 41.5 8.5 8.5 20 19.5 20 30.5 20 41.5 20 8.5 30 19.5 30 30.5 30 41.5 30 8.5 41 18 41 41.5 41 
1 Juve 1.11137 0.38917 0.45384 233.72 139.2 41.5 8.5 8.5 8.5 18 8.5 32 8.5 8.5 20 19.5 20 30.5 20 41.5 20 8.5 30 19.5 30 30.5 30 41.5 30 8.5 41 18 41 32 41 41.5 41 
1 Juve 1.23924 0.43227 0.51014 277.13 170.2 19.5 20 8.5 8.5 18 8.5 32 8.5 41.5 8.5 8.5 20 30.5 20 41.5 20 8.5 30 19.5 30 30.5 30 41.5 30 8.5 41 18 41 32 41 41.5 41 
1 Juve 1.19366 0.41598 0.48505 229.07 136.8 8.5 8.5 18 8.5 32 8.5 41.5 8.5 8.5 20 19.5 20 30.5 20 41.5 20 8.5 30 19.5 30 30.5 30 41.5 30 8.5 41 18 41 32 41 41.5 41 
1 Juve 1.14583 0.39716 0.4622 269.22 164 30.5 20 8.5 8.5 18 8.5 32 8.5 41.5 8.5 8.5 20 19.5 20 41.5 20 8.5 30 19.5 30 30.5 30 41.5 30 8.5 41 18 41 32 41 41.5 41 
1 Juve 1.29337 0.45416 0.51748 257.9 158.6 19.5 20 8.5 8.5 18 8.5 32 8.5 41.5 8.5 8.5 20 30.5 20 41.5 20 8.5 30 19.5 30 30.5 30 41.5 30 8.5 41 18 41 32 41 41.5 41 
1 Juve 1.09891 0.38493 0.44811 225.12 140.4 41.5 30 8.5 8.5 18 8.5 32 8.5 41.5 8.5 8.5 20 19.5 20 30.5 20 41.5 20 8.5 30 19.5 30 30.5 30 8.5 41 18 41 32 41 41.5 41 
1 Juve 1.18088 0.41092 0.4803 223.65 135 18 41 8.5 8.5 18 8.5 32 8.5 41.5 8.5 8.5 20 19.5 20 30.5 20 41.5 20 8.5 30 19.5 30 30.5 30 41.5 30 8.5 41 32 41 41.5 41 
1 Juve 1.39254 0.48984 0.56091 278.6 165.8 41.5 8.5 8.5 8.5 18 8.5 32 8.5 8.5 20 19.5 20 30.5 20 41.5 20 8.5 30 19.5 30 30.5 30 41.5 30 8.5 41 18 41 32 41 41.5 41 
1 Juve 1.37577 0.48686 0.54999 249.69 146.97 8.5 30 8.5 8.5 18 8.5 32 8.5 41.5 8.5 8.5 20 19.5 20 30.5 20 41.5 20 19.5 30 30.5 30 41.5 30 8.5 41 18 41 32 41 41.5 41 
1 Juve 1.33184 0.47027 0.53608 253.87 151.2 19.5 30 8.5 8.5 18 8.5 32 8.5 41.5 8.5 8.5 20 19.5 20 30.5 20 41.5 20 8.5 30 30.5 30 41.5 30 8.5 41 18 41 32 41 41.5 41 
1 Juve 1.28366 0.45319 0.51431 262.09 153.4 8.5 41 8.5 8.5 18 8.5 32 8.5 41.5 8.5 8.5 20 19.5 20 30.5 20 41.5 20 8.5 30 19.5 30 30.5 30 41.5 30 18 41 32 41 41.5 41 
1 Juve 1.32271 0.46983 0.531 218.65 130 8.5 20 8.5 8.5 18 8.5 32 8.5 41.5 8.5 19.5 20 30.5 20 41.5 20 8.5 30 19.5 30 30.5 30 41.5 30 8.5 41 18 41 32 41 41.5 41 
1 Juve 1.22325 0.42987 0.48944 205.9 123.2 8.5 41 8.5 8.5 18 8.5 32 8.5 41.5 8.5 8.5 20 19.5 20 30.5 20 41.5 20 8.5 30 19.5 30 30.5 30 41.5 30 18 41 32 41 41.5 41 
1 Juve 1.42172 0.49906 0.56731 235.28 136.4 41.5 20 8.5 8.5 18 8.5 32 8.5 41.5 8.5 8.5 20 19.5 20 30.5 20 8.5 30 19.5 30 30.5 30 41.5 30 8.5 41 18 41 32 41 41.5 41 
1 Juve 1.18021 0.41403 0.48652 206.47 121.8 30.5 20 8.5 8.5 18 8.5 32 8.5 41.5 8.5 8.5 20 19.5 20 41.5 20 8.5 30 19.5 30 30.5 30 41.5 30 8.5 41 18 41 32 41 41.5 41 
1 Juve 1.17275 0.40822 0.48123 227.11 138.8 30.5 30 8.5 8.5 18 8.5 32 8.5 41.5 8.5 8.5 20 19.5 20 30.5 20 41.5 20 8.5 30 19.5 30 41.5 30 8.5 41 18 41 32 41 41.5 41 
1 Juve 1.33788 0.47007 0.53296 237.58 146.8 32 8.5 8.5 8.5 18 8.5 41.5 8.5 8.5 20 19.5 20 30.5 20 41.5 20 8.5 30 19.5 30 30.5 30 41.5 30 8.5 41 18 41 32 41 41.5 41 
1 Juve 1.1935 0.41333 0.4833 230.43 141.2 41.5 20 8.5 8.5 18 8.5 32 8.5 41.5 8.5 8.5 20 19.5 20 30.5 20 8.5 30 19.5 30 30.5 30 41.5 30 8.5 41 18 41 32 41 41.5 41 
1 Juve 1.10656 0.38046 0.44977 213.95 122.8 41.5 20 8.5 8.5 18 8.5 32 8.5 41.5 8.5 8.5 20 19.5 20 30.5 20 8.5 30 19.5 30 30.5 30 41.5 30 8.5 41 18 41 32 41 41.5 41 
1 Juve 1.35786 0.48179 0.5453 240.18 146.4 41.5 20 8.5 8.5 18 8.5 32 8.5 41.5 8.5 8.5 20 19.5 20 30.5 20 8.5 30 19.5 30 30.5 30 41.5 30 8.5 41 18 41 32 41 41.5 41 
1 Juve 1.34605 0.47503 0.54671 255.96 153 41.5 41 8.5 8.5 18 8.5 32 8.5 41.5 8.5 8.5 20 19.5 20 30.5 20 41.5 20 8.5 30 19.5 30 30.5 30 41.5 30 8.5 41 18 41 32 41 
1 Juve 1.1724 0.40671 0.47306 249.23 151.8 18 41 8.5 8.5 18 8.5 32 8.5 41.5 8.5 8.5 20 19.5 20 30.5 20 41.5 20 8.5 30 19.5 30 30.5 30 41.5 30 8.5 41 32 41 41.5 41 
1 Juve 1.10445 0.3842 0.44326 230.33 137.2 18 41 8.5 8.5 18 8.5 32 8.5 41.5 8.5 8.5 20 19.5 20 30.5 20 41.5 20 8.5 30 19.5 30 30.5 30 41.5 30 8.5 41 32 41 41.5 41 
1 Juve 1.29049 0.45368 0.51859 243.84 143.8 8.5 30 8.5 8.5 18 8.5 32 8.5 41.5 8.5 8.5 20 19.5 20 30.5 20 41.5 20 19.5 30 30.5 30 41.5 30 8.5 41 18 41 32 41 41.5 41 
1 Juve 1.11381 0.37939 0.45987 247.94 147.43 30.5 30 8.5 8.5 18 8.5 32 8.5 41.5 8.5 8.5 20 19.5 20 30.5 20 41.5 20 8.5 30 19.5 30 41.5 30 8.5 41 18 41 32 41 41.5 41 
1 Juve 1.3092 0.45897 0.52945 224.7 130.2 8.5 41 8.5 8.5 18 8.5 32 8.5 41.5 8.5 8.5 20 19.5 20 30.5 20 41.5 20 8.5 30 19.5 30 30.5 30 41.5 30 18 41 32 41 41.5 41 
1 Juve 1.19338 0.41398 0.49191 241.49 147 18 8.5 8.5 8.5 32 8.5 41.5 8.5 8.5 20 19.5 20 30.5 20 41.5 20 8.5 30 19.5 30 30.5 30 41.5 30 8.5 41 18 41 32 41 41.5 41 
1 Juve 1.17805 0.40769 0.48163 238.05 147.2 18 8.5 8.5 8.5 32 8.5 41.5 8.5 8.5 20 19.5 20 30.5 20 41.5 20 8.5 30 19.5 30 30.5 30 41.5 30 8.5 41 18 41 32 41 41.5 41 
1 Juve 1.21828 0.42799 0.4923 254.14 155.6 19.5 30 8.5 8.5 18 8.5 32 8.5 41.5 8.5 8.5 20 19.5 20 30.5 20 41.5 20 8.5 30 30.5 30 41.5 30 8.5 41 18 41 32 41 41.5 41 
1 Juve 1.23943 0.43888 0.50158 242.64 146.96 41.5 41 8.5 8.5 18 8.5 32 8.5 41.5 8.5 8.5 20 19.5 20 30.5 20 41.5 20 8.5 30 19.5 30 30.5 30 41.5 30 8.5 41 18 41 32 41 
1 Juve 1.45726 0.51698 0.57715 225.46 139.6 32 41 8.5 8.5 18 8.5 32 8.5 41.5 8.5 8.5 20 19.5 20 30.5 20 41.5 20 8.5 30 19.5 30 30.5 30 41.5 30 8.5 41 18 41 41.5 41 
1 Juve 1.28714 0.45195 0.5162 217 132.2 19.5 30 8.5 8.5 18 8.5 32 8.5 41.5 8.5 8.5 20 19.5 20 30.5 20 41.5 20 8.5 30 30.5 30 41.5 30 8.5 41 18 41 32 41 41.5 41 
1 Juve 1.21435 0.42239 0.49743 274.4 167.2 41.5 20 8.5 8.5 18 8.5 32 8.5 41.5 8.5 8.5 20 19.5 20 30.5 20 8.5 30 19.5 30 30.5 30 41.5 30 8.5 41 18 41 32 41 41.5 41 
1 Juve 1.18533 0.41179 0.48436 241.28 150 8.5 41 8.5 8.5 18 8.5 32 8.5 41.5 8.5 8.5 20 19.5 20 30.5 20 41.5 20 8.5 30 19.5 30 30.5 30 41.5 30 18 41 32 41 41.5 41 
1 Juve 1.34112 0.47118 0.5384 238.62 153.2 41.5 41 8.5 8.5 18 8.5 32 8.5 41.5 8.5 8.5 20 19.5 20 30.5 20 41.5 20 8.5 30 19.5 30 30.5 30 41.5 30 8.5 41 18 41 32 41 
1 Juve 1.29394 0.45984 0.51183 213.6 129 30.5 20 8.5 8.5 18 8.5 32 8.5 41.5 8.5 8.5 20 19.5 20 41.5 20 8.5 30 19.5 30 30.5 30 41.5 30 8.5 41 18 41 32 41 41.5 41 
1 Juve 1.23367 0.42288 0.51513 272.19 164.4 41.5 30 8.5 8.5 18 8.5 32 8.5 41.5 8.5 8.5 20 19.5 20 30.5 20 41.5 20 8.5 30 19.5 30 30.5 30 8.5 41 18 41 32 41 41.5 41 
1 Juve 1.12505 0.39744 0.45609 248.73 146.8 8.5 20 8.5 8.5 18 8.5 32 8.5 41.5 8.5 19.5 20 30.5 20 41.5 20 8.5 30 19.5 30 30.5 30 41.5 30 8.5 41 18 41 32 41 41.5 41 
1 Juve 1.13851 0.39781 0.45908 227.61 132.6 19.5 30 8.5 8.5 18 8.5 32 8.5 41.5 8.5 8.5 20 19.5 20 30.5 20 41.5 20 8.5 30 30.5 30 41.5 30 8.5 41 18 41 32 41 41.5 41 
1 Juve 1.09511 0.37868 0.44558 233.6 137.84 18 8.5 8.5 8.5 32 8.5 41.5 8.5 8.5 20 19.5 20 30.5 20 41.5 20 8.5 30 19.5 30 30.5 30 41.5 30 8.5 41 18 41 32 41 41.5 41 
1 Juve 1.17029 0.40849 0.47249 214.42 125 8.5 30 8.5 8.5 18 8.5 32 8.5 41.5 8.5 8.5 20 19.5 20 30.5 20 41.5 20 19.5 30 30.5 30 41.5 30 8.5 41 18 41 32 41 41.5 41 
1 Juve 1.13567 0.39316 0.46359 240.86 146.4 8.5 41 8.5 8.5 18 8.5 32 8.5 41.5 8.5 8.5 20 19.5 20 30.5 20 41.5 20 8.5 30 19.5 30 30.5 30 41.5 30 18 41 32 41 41.5 41 
1 Juve 1.08929 0.3799 0.44583 214.67 125.4 8.5 30 8.5 8.5 18 8.5 32 8.5 41.5 8.5 8.5 20 19.5 20 30.5 20 41.5 20 19.5 30 30.5 30 41.5 30 8.5 41 18 41 32 41 41.5 41 
1 Juve 1.1383 0.39454 0.46111 211.22 127 41.5 8.5 8.5 8.5 18 8.5 32 8.5 8.5 20 19.5 20 30.5 20 41.5 20 8.5 30 19.5 30 30.5 30 41.5 30 8.5 41 18 41 32 41 41.5 41 
1 Juve 1.37331 0.48314 0.54826 229.69 143.14 41.5 30 8.5 8.5 18 8.5 32 8.5 41.5 8.5 8.5 20 19.5 20 30.5 20 41.5 20 8.5 30 19.5 30 30.5 30 8.5 41 18 41 32 41 41.5 41 
1 Juve 1.20211 0.42216 0.48903 250.49 148.4 18 41 8.5 8.5 18 8.5 32 8.5 41.5 8.5 8.5 20 19.5 20 30.5 20 41.5 20 8.5 30 19.5 30 30.5 30 41.5 30 8.5 41 32 41 41.5 41 
1 Juve 1.12254 0.38932 0.45593 208.84 124.2 19.5 20 8.5 8.5 18 8.5 32 8.5 41.5 8.5 8.5 20 30.5 20 41.5 20 8.5 30 19.5 30 30.5 30 41.5 30 8.5 41 18 41 32 41 41.5 41 
1 Juve 1.10471 0.38507 0.46004 275.6 168.6 30.5 20 8.5 8.5 18 8.5 32 8.5 41.5 8.5 8.5 20 19.5 20 41.5 20 8.5 30 19.5 30 30.5 30 41.5 30 8.5 41 18 41 32 41 41.5 41 
1 Juve 1.44832 0.50683 0.5711 210.58 125.6 30.5 30 8.5 8.5 18 8.5 32 8.5 41.5 8.5 8.5 20 19.5 20 30.5 20 41.5 20 8.5 30 19.5 30 41.5 30 8.5 41 18 41 32 41 41.5 41 
1 Juve 1.19902 0.42133 0.4967 243.79 145 30.5 30 8.5 8.5 18 8.5 32 8.5 41.5 8.5 8.5 20 19.5 20 30.5 20 41.5 20 8.5 30 19.5 30 41.5 30 8.5 41 18 41 32 41 41.5 41 
1 Juve 1.27869 0.44268 0.5178 239.33 141 30.5 30 8.5 8.5 18 8.5 32 8.5 41.5 8.5 8.5 20 19.5 20 30.5 20 41.5 20 8.5 30 19.5 30 41.5 30 8.5 41 18 41 32 41 41.5 41 
1 Juve 1.23864 0.43116 0.50794 240.55 149.8 41.5 8.5 8.5 8.5 18 8.5 32 8.5 8.5 20 19.5 20 30.5 20 41.5 20 8.5 30 19.5 30 30.5 30 41.5 30 8.5 41 18 41 32 41 41.5 41 
1 Juve 1.18765 0.40862 0.48784 227.99 142.4 18 41 8.5 8.5 18 8.5 32 8.5 41.5 8.5 8.5 20 19.5 20 30.5 20 41.5 20 8.5 30 19.5 30 30.5 30 41.5 30 8.5 41 32 41 41.5 41 
1 Juve 1.14207 0.39418 0.46051 261.03 155 8.5 8.5 18 8.5 32 8.5 41.5 8.5 8.5 20 19.5 20 30.5 20 41.5 20 8.5 30 19.5 30 30.5 30 41.5 30 8.5 41 18 41 32 41 41.5 41 
1 Juve 1.10264 0.38486 0.44592 265.61 163.87 41.5 20 8.5 8.5 18 8.5 32 8.5 41.5 8.5 8.5 20 19.5 20 30.5 20 8.5 30 19.5 30 30.5 30 41.5 30 8.5 41 18 41 32 41 41.5 41 
1 Juve 1.07308 0.37519 0.43609 205.1 121.2 8.5 8.5 18 8.5 32 8.5 41.5 8.5 8.5 20 19.5 20 30.5 20 41.5 20 8.5 30 19.5 30 30.5 30 41.5 30 8.5 41 18 41 32 41 41.5 41 
1 Juve 1.32077 0.46155 0.52318 232.64 136.6 32 8.5 8.5 8.5 18 8.5 41.5 8.5 8.5 20 19.5 20 30.5 20 41.5 20 8.5 30 19.5 30 30.5 30 41.5 30 8.5 41 18 41 32 41 41.5 41 
1 Juve 1.11502 0.38538 0.45193 252.94 159.52 32 8.5 8.5 8.5 18 8.5 41.5 8.5 8.5 20 19.5 20 30.5 20 41.5 20 8.5 30 19.5 30 30.5 30 41.5 30 8.5 41 18 41 32 41 41.5 41 
1 Juve 1.20879 0.42014 0.48572 224.02 131 8.5 30 8.5 8.5 18 8.5 32 8.5 41.5 8.5 8.5 20 19.5 20 30.5 20 41.5 20 19.5 30 30.5 30 41.5 30 8.5 41 18 41 32 41 41.5 41 
1 Juve 1.12897 0.40365 0.46516 222.63 139.4 8.5 20 8.5 8.5 18 8.5 32 8.5 41.5 8.5 19.5 20 30.5 20 41.5 20 8.5 30 19.5 30 30.5 30 41.5 30 8.5 41 18 41 32 41 41.5 41 
1 Juve 1.09216 0.37736 0.44539 224.86 138.91 41.5 8.5 8.5 8.5 18 8.5 32 8.5 8.5 20 19.5 20 30.5 20 41.5 20 8.5 30 19.5 30 30.5 30 41.5 30 8.5 41 18 41 32 41 41.5 41 
1 Juve 1.10371 0.38303 0.44828 241.39 147.8 19.5 20 8.5 8.5 18 8.5 32 8.5 41.5 8.5 8.5 20 30.5 20 41.5 20 8.5 30 19.5 30 30.5 30 41.5 30 8.5 41 18 41 32 41 41.5 41 
1 Juve 1.17152 0.40921 0.4804 260.29 164.6 8.5 41 8.5 8.5 18 8.5 32 8.5 41.5 8.5 8.5 20 19.5 20 30.5 20 41.5 20 8.5 30 19.5 30 30.5 30 41.5 30 18 41 32 41 41.5 41 
1 Juve 1.1601 0.40401 0.47617 256.08 153 41.5 30 8.5 8.5 18 8.5 32 8.5 41.5 8.5 8.5 20 19.5 20 30.5 20 41.5 20 8.5 30 19.5 30 30.5 30 8.5 41 18 41 32 41 41.5 41 
1 Juve 1.15048 0.40005 0.46907 236.89 146.98 32 41 8.5 8.5 18 8.5 32 8.5 41.5 8.5 8.5 20 19.5 20 30.5 20 41.5 20 8.5 30 19.5 30 30.5 30 41.5 30 8.5 41 18 41 41.5 41 
1 Juve 1.20564 0.41781 0.50423 291.3 173.2 30.5 30 8.5 8.5 18 8.5 32 8.5 41.5 8.5 8.5 20 19.5 20 30.5 20 41.5 20 8.5 30 19.5 30 41.5 30 8.5 41 18 41 32 41 41.5 41 
1 Juve 1.27413 0.44308 0.51047 242.97 145.85 8.5 20 8.5 8.5 18 8.5 32 8.5 41.5 8.5 19.5 20 30.5 20 41.5 20 8.5 30 19.5 30 30.5 30 41.5 30 8.5 41 18 41 32 41 41.5 41 
1 Juve 1.18006 0.41289 0.48062 217.23 136.4 8.5 20 8.5 8.5 18 8.5 32 8.5 41.5 8.5 19.5 20 30.5 20 41.5 20 8.5 30 19.5 30 30.5 30 41.5 30 8.5 41 18 41 32 41 41.5 41 
1 Juve 1.04672 0.36495 0.42388 198.57 115.4 32 8.5 8.5 8.5 18 8.5 41.5 8.5 8.5 20 19.5 20 30.5 20 41.5 20 8.5 30 19.5 30 30.5 30 41.5 30 8.5 41 18 41 32 41 41.5 41 
1 Juve 1.14273 0.40115 0.4652 239.52 146.8 32 8.5 8.5 8.5 18 8.5 41.5 8.5 8.5 20 19.5 20 30.5 20 41.5 20 8.5 30 19.5 30 30.5 30 41.5 30 8.5 41 18 41 32 41 41.5 41 
1 Juve 1.077 0.37139 0.43963 247.93 149.8 41.5 8.5 8.5 8.5 18 8.5 32 8.5 8.5 20 19.5 20 30.5 20 41.5 20 8.5 30 19.5 30 30.5 30 41.5 30 8.5 41 18 41 32 41 41.5 41 
1 Juve 1.30661 0.45993 0.52384 250.55 152.8 32 8.5 8.5 8.5 18 8.5 41.5 8.5 8.5 20 19.5 20 30.5 20 41.5 20 8.5 30 19.5 30 30.5 30 41.5 30 8.5 41 18 41 32 41 41.5 41 
1 Juve 1.33533 0.46942 0.53879 247.57 147.6 18 8.5 8.5 8.5 32 8.5 41.5 8.5 8.5 20 19.5 20 30.5 20 41.5 20 8.5 30 19.5 30 30.5 30 41.5 30 8.5 41 18 41 32 41 41.5 41 
1 Juve 1.10621 0.378 0.45454 236.95 144.2 8.5 8.5 18 8.5 32 8.5 41.5 8.5 8.5 20 19.5 20 30.5 20 41.5 20 8.5 30 19.5 30 30.5 30 41.5 30 8.5 41 18 41 32 41 41.5 41 
1 Juve 1.11919 0.39294 0.45867 258.59 160.6 8.5 30 8.5 8.5 18 8.5 32 8.5 41.5 8.5 8.5 20 19.5 20 30.5 20 41.5 20 19.5 30 30.5 30 41.5 30 8.5 41 18 41 32 41 41.5 41 
1 Juve 1.18195 0.4129 0.48365 257.05 149.8 18 41 8.5 8.5 18 8.5 32 8.5 41.5 8.5 8.5 20 19.5 20 30.5 20 41.5 20 8.5 30 19.5 30 30.5 30 41.5 30 8.5 41 32 41 41.5 41 
1 Juve 1.24738 0.43344 0.49897 258.63 150.8 32 8.5 8.5 8.5 18 8.5 41.5 8.5 8.5 20 19.5 20 30.5 20 41.5 20 8.5 30 19.5 30 30.5 30 41.5 30 8.5 41 18 41 32 41 41.5 41 
1 Juve 1.14382 0.40001 0.47786 247.47 145 8.5 8.5 18 8.5 32 8.5 41.5 8.5 8.5 20 19.5 20 30.5 20 41.5 20 8.5 30 19.5 30 30.5 30 41.5 30 8.5 41 18 41 32 41 41.5 41 
1 Juve 1.37715 0.48096 0.55301 233.19 143 8.5 8.5 18 8.5 32 8.5 41.5 8.5 8.5 20 19.5 20 30.5 20 41.5 20 8.5 30 19.5 30 30.5 30 41.5 30 8.5 41 18 41 32 41 41.5 41 
1 Juve 1.14532 0.39101 0.48084 234.95 135.8 18 41 8.5 8.5 18 8.5 32 8.5 41.5 8.5 8.5 20 19.5 20 30.5 20 41.5 20 8.5 30 19.5 30 30.5 30 41.5 30 8.5 41 32 41 41.5 41 
1 Juve 1.33907 0.46722 0.54046 225.04 134.8 41.5 30 8.5 8.5 18 8.5 32 8.5 41.5 8.5 8.5 20 19.5 20 30.5 20 41.5 20 8.5 30 19.5 30 30.5 30 8.5 41 18 41 32 41 41.5 41 
1 Juve 1.30612 0.45754 0.52491 244.58 148.6 18 41 8.5 8.5 18 8.5 32 8.5 41.5 8.5 8.5 20 19.5 20 30.5 20 41.5 20 8.5 30 19.5 30 30.5 30 41.5 30 8.5 41 32 41 41.5 41 
1 Juve 1.3404 0.47126 0.54266 266.21 168.2 18 8.5 8.5 8.5 32 8.5 41.5 8.5 8.5 20 19.5 20 30.5 20 41.5 20 8.5 30 19.5 30 30.5 30 41.5 30 8.5 41 18 41 32 41 41.5 41 
1 Juve 1.3646 0.477 0.55245 245.15 148.8 19.5 30 8.5 8.5 18 8.5 32 8.5 41.5 8.5 8.5 20 19.5 20 30.5 20 41.5 20 8.5 30 30.5 30 41.5 30 8.5 41 18 41 32 41 41.5 41 
1 Juve 1.4892 0.52079 0.59148 262.46 164.18 18 8.5 8.5 8.5 32 8.5 41.5 8.5 8.5 20 19.5 20 30.5 20 41.5 20 8.5 30 19.5 30 30.5 30 41.5 30 8.5 41 18 41 32 41 41.5 41 
1 Juve 1.15715 0.40642 0.46763 233.95 137.4 19.5 30 8.5 8.5 18 8.5 32 8.5 41.5 8.5 8.5 20 19.5 20 30.5 20 41.5 20 8.5 30 30.5 30 41.5 30 8.5 41 18 41 32 41 41.5 41 
1 Juve 1.13442 0.39545 0.45849 221.19 129.6 41.5 20 8.5 8.5 18 8.5 32 8.5 41.5 8.5 8.5 20 19.5 20 30.5 20 8.5 30 19.5 30 30.5 30 41.5 30 8.5 41 18 41 32 41 41.5 41 
1 Juve 1.17058 0.4076 0.47975 246.92 150.8 19.5 30 8.5 8.5 18 8.5 32 8.5 41.5 8.5 8.5 20 19.5 20 30.5 20 41.5 20 8.5 30 30.5 30 41.5 30 8.5 41 18 41 32 41 41.5 41 
1 Juve 1.1977 0.4175 0.48845 250.15 156.8 32 8.5 8.5 8.5 18 8.5 41.5 8.5 8.5 20 19.5 20 30.5 20 41.5 20 8.5 30 19.5 30 30.5 30 41.5 30 8.5 41 18 41 32 41 41.5 41 
1 Juve 1.18271 0.41468 0.47275 235.99 144 30.5 30 8.5 8.5 18 8.5 32 8.5 41.5 8.5 8.5 20 19.5 20 30.5 20 41.5 20 8.5 30 19.5 30 41.5 30 8.5 41 18 41 32 41 41.5 41 
1 Juve 1.21045 0.42728 0.48637 239.06 140.8 18 41 8.5 8.5 18 8.5 32 8.5 41.5 8.5 8.5 20 19.5 20 30.5 20 41.5 20 8.5 30 19.5 30 30.5 30 41.5 30 8.5 41 32 41 41.5 41 
1 Juve 1.17209 0.41282 0.46887 228.34 141.2 30.5 30 8.5 8.5 18 8.5 32 8.5 41.5 8.5 8.5 20 19.5 20 30.5 20 41.5 20 8.5 30 19.5 30 41.5 30 8.5 41 18 41 32 41 41.5 41 
1 Juve 1.24423 0.43115 0.50984 253.75 158.8 8.5 8.5 18 8.5 32 8.5 41.5 8.5 8.5 20 19.5 20 30.5 20 41.5 20 8.5 30 19.5 30 30.5 30 41.5 30 8.5 41 18 41 32 41 41.5 41 
1 Juve 1.06698 0.37014 0.43092 210.3 127 18 41 8.5 8.5 18 8.5 32 8.5 41.5 8.5 8.5 20 19.5 20 30.5 20 41.5 20 8.5 30 19.5 30 30.5 30 41.5 30 8.5 41 32 41 41.5 41 
1 Juve 1.44028 0.50485 0.57816 243.72 147.2 41.5 8.5 8.5 8.5 18 8.5 32 8.5 8.5 20 19.5 20 30.5 20 41.5 20 8.5 30 19.5 30 30.5 30 41.5 30 8.5 41 18 41 32 41 41.5 41 
1 Juve 1.32509 0.46222 0.5401 237.06 144.4 18 41 8.5 8.5 18 8.5 32 8.5 41.5 8.5 8.5 20 19.5 20 30.5 20 41.5 20 8.5 30 19.5 30 30.5 30 41.5 30 8.5 41 32 41 41.5 41 
1 Juve 1.36841 0.47952 0.55486 249.44 147.6 8.5 20 8.5 8.5 18 8.5 32 8.5 41.5 8.5 19.5 20 30.5 20 41.5 20 8.5 30 19.5 30 30.5 30 41.5 30 8.5 41 18 41 32 41 41.5 41 
1 Juve 1.3475 0.47255 0.53996 245.06 152.4 41.5 41 8.5 8.5 18 8.5 32 8.5 41.5 8.5 8.5 20 19.5 20 30.5 20 41.5 20 8.5 30 19.5 30 30.5 30 41.5 30 8.5 41 18 41 32 41 
1 Juve 1.2073 0.41796 0.48326 220.67 134.4 18 41 8.5 8.5 18 8.5 32 8.5 41.5 8.5 8.5 20 19.5 20 30.5 20 41.5 20 8.5 30 19.5 30 30.5 30 41.5 30 8.5 41 32 41 41.5 41 
1 Juve 1.37992 0.4827 0.5596 235.17 145 8.5 30 8.5 8.5 18 8.5 32 8.5 41.5 8.5 8.5 20 19.5 20 30.5 20 41.5 20 19.5 30 30.5 30 41.5 30 8.5 41 18 41 32 41 41.5 41 
1 Juve 1.38079 0.48875 0.54803 236.19 143.53 30.5 20 8.5 8.5 18 8.5 32 8.5 41.5 8.5 8.5 20 19.5 20 41.5 20 8.5 30 19.5 30 30.5 30 41.5 30 8.5 41 18 41 32 41 41.5 41 
1 Juve 1.30409 0.45685 0.5276 253.73 156.8 32 8.5 8.5 8.5 18 8.5 41.5 8.5 8.5 20 19.5 20 30.5 20 41.5 20 8.5 30 19.5 30 30.5 30 41.5 30 8.5 41 18 41 32 41 41.5 41 
1 Juve 1.0954 0.38053 0.44977 253.33 150 18 8.5 8.5 8.5 32 8.5 41.5 8.5 8.5 20 19.5 20 30.5 20 41.5 20 8.5 30 19.5 30 30.5 30 41.5 30 8.5 41 18 41 32 41 41.5 41 
1 Juve 1.30299 0.45899 0.52025 228.03 139.8 8.5 41 8.5 8.5 18 8.5 32 8.5 41.5 8.5 8.5 20 19.5 20 30.5 20 41.5 20 8.5 30 19.5 30 30.5 30 41.5 30 18 41 32 41 41.5 41 
1 Juve 1.16704 0.40711 0.47319 211.57 128.4 41.5 8.5 8.5 8.5 18 8.5 32 8.5 8.5 20 19.5 20 30.5 20 41.5 20 8.5 30 19.5 30 30.5 30 41.5 30 8.5 41 18 41 32 41 41.5 41 
1 Juve 1.14414 0.39199 0.47366 255.08 156 32 8.5 8.5 8.5 18 8.5 41.5 8.5 8.5 20 19.5 20 30.5 20 41.5 20 8.5 30 19.5 30 30.5 30 41.5 30 8.5 41 18 41 32 41 41.5 41 
1 Juve 1.11042 0.38579 0.45558 221.31 136.8 8.5 30 8.5 8.5 18 8.5 32 8.5 41.5 8.5 8.5 20 19.5 20 30.5 20 41.5 20 19.5 30 30.5 30 41.5 30 8.5 41 18 41 32 41 41.5 41 
1 Juve 1.06537 0.36863 0.43575 239.33 142.59 18 41 8.5 8.5 18 8.5 32 8.5 41.5 8.5 8.5 20 19.5 20 30.5 20 41.5 20 8.5 30 19.5 30 30.5 30 41.5 30 8.5 41 32 41 41.5 41 
1 Juve 1.35207 0.47095 0.53845 257.63 152.8 32 41 8.5 8.5 18 8.5 32 8.5 41.5 8.5 8.5 20 19.5 20 30.5 20 41.5 20 8.5 30 19.5 30 30.5 30 41.5 30 8.5 41 18 41 41.5 41 
1 Juve 1.16744 0.40711 0.47966 262.98 160.4 8.5 30 8.5 8.5 18 8.5 32 8.5 41.5 8.5 8.5 20 19.5 20 30.5 20 41.5 20 19.5 30 30.5 30 41.5 30 8.5 41 18 41 32 41 41.5 41 
1 Juve 1.1692 0.41103 0.47515 244.14 149 8.5 8.5 18 8.5 32 8.5 41.5 8.5 8.5 20 19.5 20 30.5 20 41.5 20 8.5 30 19.5 30 30.5 30 41.5 30 8.5 41 18 41 32 41 41.5 41 
1 Juve 1.31675 0.46403 0.52696 240.95 150.34 41.5 20 8.5 8.5 18 8.5 32 8.5 41.5 8.5 8.5 20 19.5 20 30.5 20 8.5 30 19.5 30 30.5 30 41.5 30 8.5 41 18 41 32 41 41.5 41 
1 Juve 1.37429 0.47978 0.55673 211.54 125.4 32 41 8.5 8.5 18 8.5 32 8.5 41.5 8.5 8.5 20 19.5 20 30.5 20 41.5 20 8.5 30 19.5 30 30.5 30 41.5 30 8.5 41 18 41 41.5 41 
1 Juve 1.08704 0.37957 0.44555 254.15 155.4 41.5 30 8.5 8.5 18 8.5 32 8.5 41.5 8.5 8.5 20 19.5 20 30.5 20 41.5 20 8.5 30 19.5 30 30.5 30 8.5 41 18 41 32 41 41.5 41 
1 Juve 1.3427 0.46891 0.54996 237.07 146.8 41.5 30 8.5 8.5 18 8.5 32 8.5 41.5 8.5 8.5 20 19.5 20 30.5 20 41.5 20 8.5 30 19.5 30 30.5 30 8.5 41 18 41 32 41 41.5 41 
1 Juve 1.28159 0.44718 0.52047 223.27 130.8 30.5 20 8.5 8.5 18 8.5 32 8.5 41.5 8.5 8.5 20 19.5 20 41.5 20 8.5 30 19.5 30 30.5 30 41.5 30 8.5 41 18 41 32 41 41.5 41 
1 Juve 1.17333 0.4055 0.48236 241.75 145.2 41.5 30 8.5 8.5 18 8.5 32 8.5 41.5 8.5 8.5 20 19.5 20 30.5 20 41.5 20 8.5 30 19.5 30 30.5 30 8.5 41 18 41 32 41 41.5 41 
1 Juve 1.32313 0.46744 0.54694 236.4 145.07 8.5 20 8.5 8.5 18 8.5 32 8.5 41.5 8.5 19.5 20 30.5 20 41.5 20 8.5 30 19.5 30 30.5 30 41.5 30 8.5 41 18 41 32 41 41.5 41 
1 Juve 1.12879 0.38876 0.46096 240.44 142.6 41.5 30 8.5 8.5 18 8.5 32 8.5 41.5 8.5 8.5 20 19.5 20 30.5 20 41.5 20 8.5 30 19.5 30 30.5 30 8.5 41 18 41 32 41 41.5 41 
1 Juve 1.27204 0.44737 0.50264 222.59 132.8 8.5 41 8.5 8.5 18 8.5 32 8.5 41.5 8.5 8.5 20 19.5 20 30.5 20 41.5 20 8.5 30 19.5 30 30.5 30 41.5 30 18 41 32 41 41.5 41 
1 Juve 1.1752 0.41383 0.47689 229.34 136.94 8.5 30 8.5 8.5 18 8.5 32 8.5 41.5 8.5 8.5 20 19.5 20 30.5 20 41.5 20 19.5 30 30.5 30 41.5 30 8.5 41 18 41 32 41 41.5 41 
1 Juve 1.22169 0.4291 0.49422 265.27 167.4 19.5 20 8.5 8.5 18 8.5 32 8.5 41.5 8.5 8.5 20 30.5 20 41.5 20 8.5 30 19.5 30 30.5 30 41.5 30 8.5 41 18 41 32 41 41.5 41 
1 Juve 1.2354 0.426 0.50687 267.4 160 19.5 20 8.5 8.5 18 8.5 32 8.5 41.5 8.5 8.5 20 30.5 20 41.5 20 8.5 30 19.5 30 30.5 30 41.5 30 8.5 41 18 41 32 41 41.5 41 
1 Juve 1.26392 0.43348 0.50388 247.82 154.6 30.5 30 8.5 8.5 18 8.5 32 8.5 41.5 8.5 8.5 20 19.5 20 30.5 20 41.5 20 8.5 30 19.5 30 41.5 30 8.5 41 18 41 32 41 41.5 41 
1 Juve 1.06076 0.37003 0.43291 221.26 136 41.5 30 8.5 8.5 18 8.5 32 8.5 41.5 8.5 8.5 20 19.5 20 30.5 20 41.5 20 8.5 30 19.5 30 30.5 30 8.5 41 18 41 32 41 41.5 41 
1 Juve 1.10147 0.38589 0.44168 242.88 150.4 30.5 30 8.5 8.5 18 8.5 32 8.5 41.5 8.5 8.5 20 19.5 20 30.5 20 41.5 20 8.5 30 19.5 30 41.5 30 8.5 41 18 41 32 41 41.5 41 
1 Juve 1.19935 0.4146 0.48394 294.15 182 41.5 20 8.5 8.5 18 8.5 32 8.5 41.5 8.5 8.5 20 19.5 20 30.5 20 8.5 30 19.5 30 30.5 30 41.5 30 8.5 41 18 41 32 41 41.5 41 
1 Juve 1.17114 0.40683 0.47537 209.03 121.6 8.5 8.5 18 8.5 32 8.5 41.5 8.5 8.5 20 19.5 20 30.5 20 41.5 20 8.5 30 19.5 30 30.5 30 41.5 30 8.5 41 18 41 32 41 41.5 41 
1 Juve 1.2262 0.42996 0.49351 238.64 148.8 30.5 30 8.5 8.5 18 8.5 32 8.5 41.5 8.5 8.5 20 19.5 20 30.5 20 41.5 20 8.5 30 19.5 30 41.5 30 8.5 41 18 41 32 41 41.5 41 
1 Juve 1.21013 0.42288 0.48839 221.43 131.6 18 41 8.5 8.5 18 8.5 32 8.5 41.5 8.5 8.5 20 19.5 20 30.5 20 41.5 20 8.5 30 19.5 30 30.5 30 41.5 30 8.5 41 32 41 41.5 41 
1 Juve 1.05667 0.363 0.4286 222.01 132.6 41.5 20 8.5 8.5 18 8.5 32 8.5 41.5 8.5 8.5 20 19.5 20 30.5 20 8.5 30 19.5 30 30.5 30 41.5 30 8.5 41 18 41 32 41 41.5 41 
1 Juve 1.30841 0.46429 0.52488 250.37 151 30.5 30 8.5 8.5 18 8.5 32 8.5 41.5 8.5 8.5 20 19.5 20 30.5 20 41.5 20 8.5 30 19.5 30 41.5 30 8.5 41 18 41 32 41 41.5 41 
1 Juve 1.29608 0.45485 0.52129 217.89 129.2 8.5 20 8.5 8.5 18 8.5 32 8.5 41.5 8.5 19.5 20 30.5 20 41.5 20 8.5 30 19.5 30 30.5 30 41.5 30 8.5 41 18 41 32 41 41.5 41 
1 Juve 1.33839 0.47278 0.53715 227.53 139 30.5 20 8.5 8.5 18 8.5 32 8.5 41.5 8.5 8.5 20 19.5 20 41.5 20 8.5 30 19.5 30 30.5 30 41.5 30 8.5 41 18 41 32 41 41.5 41 
1 Juve 1.12675 0.39234 0.46131 243.14 147.6 41.5 30 8.5 8.5 18 8.5 32 8.5 41.5 8.5 8.5 20 19.5 20 30.5 20 41.5 20 8.5 30 19.5 30 30.5 30 8.5 41 18 41 32 41 41.5 41 
1 Juve 1.29241 0.45392 0.52317 276.08 170.6 41.5 30 8.5 8.5 18 8.5 32 8.5 41.5 8.5 8.5 20 19.5 20 30.5 20 41.5 20 8.5 30 19.5 30 30.5 30 8.5 41 18 41 32 41 41.5 41 
1 Juve 1.05058 0.36494 0.43027 234.27 143.2 19.5 20 8.5 8.5 18 8.5 32 8.5 41.5 8.5 8.5 20 30.5 20 41.5 20 8.5 30 19.5 30 30.5 30 41.5 30 8.5 41 18 41 32 41 41.5 41 
1 Juve 1.32795 0.46623 0.52932 233.88 147.6 32 41 8.5 8.5 18 8.5 32 8.5 41.5 8.5 8.5 20 19.5 20 30.5 20 41.5 20 8.5 30 19.5 30 30.5 30 41.5 30 8.5 41 18 41 41.5 41 
1 Juve 1.33007 0.46912 0.53592 236.06 144.6 18 41 8.5 8.5 18 8.5 32 8.5 41.5 8.5 8.5 20 19.5 20 30.5 20 41.5 20 8.5 30 19.5 30 30.5 30 41.5 30 8.5 41 32 41 41.5 41 
1 Juve 1.182 0.4197 0.47848 234.88 144.4 19.5 30 8.5 8.5 18 8.5 32 8.5 41.5 8.5 8.5 20 19.5 20 30.5 20 41.5 20 8.5 30 30.5 30 41.5 30 8.5 41 18 41 32 41 41.5 41 
1 Juve 1.28817 0.45302 0.51701 225.59 136.4 41.5 41 8.5 8.5 18 8.5 32 8.5 41.5 8.5 8.5 20 19.5 20 30.5 20 41.5 20 8.5 30 19.5 30 30.5 30 41.5 30 8.5 41 18 41 32 41 
1 Juve 1.10391 0.38265 0.44488 230.1 137.8 30.5 20 8.5 8.5 18 8.5 32 8.5 41.5 8.5 8.5 20 19.5 20 41.5 20 8.5 30 19.5 30 30.5 30 41.5 30 8.5 41 18 41 32 41 41.5 41 
1 Juve 1.16303 0.40633 0.47499 243.71 142.4 41.5 8.5 8.5 8.5 18 8.5 32 8.5 8.5 20 19.5 20 30.5 20 41.5 20 8.5 30 19.5 30 30.5 30 41.5 30 8.5 41 18 41 32 41 41.5 41 
1 Juve 1.16635 0.39416 0.49458 237.38 138.6 41.5 20 8.5 8.5 18 8.5 32 8.5 41.5 8.5 8.5 20 19.5 20 30.5 20 8.5 30 19.5 30 30.5 30 41.5 30 8.5 41 18 41 32 41 41.5 41 
1 Juve 1.32254 0.45512 0.54903 270.83 157 8.5 41 8.5 8.5 18 8.5 32 8.5 41.5 8.5 8.5 20 19.5 20 30.5 20 41.5 20 8.5 30 19.5 30 30.5 30 41.5 30 18 41 32 41 41.5 41 
1 Juve 1.30156 0.4626 0.52199 251.36 157.8 30.5 30 8.5 8.5 18 8.5 32 8.5 41.5 8.5 8.5 20 19.5 20 30.5 20 41.5 20 8.5 30 19.5 30 41.5 30 8.5 41 18 41 32 41 41.5 41 
1 Juve 1.28616 0.45136 0.51736 230.78 140.76 30.5 20 8.5 8.5 18 8.5 32 8.5 41.5 8.5 8.5 20 19.5 20 41.5 20 8.5 30 19.5 30 30.5 30 41.5 30 8.5 41 18 41 32 41 41.5 41 
1 Juve 1.29474 0.45986 0.51697 224.69 127.8 8.5 8.5 18 8.5 32 8.5 41.5 8.5 8.5 20 19.5 20 30.5 20 41.5 20 8.5 30 19.5 30 30.5 30 41.5 30 8.5 41 18 41 32 41 41.5 41 
1 Juve 1.17381 0.4108 0.47783 236.71 141 18 41 8.5 8.5 18 8.5 32 8.5 41.5 8.5 8.5 20 19.5 20 30.5 20 41.5 20 8.5 30 19.5 30 30.5 30 41.5 30 8.5 41 32 41 41.5 41 
1 Juve 1.20979 0.42414 0.49822 267.87 157.8 41.5 20 8.5 8.5 18 8.5 32 8.5 41.5 8.5 8.5 20 19.5 20 30.5 20 8.5 30 19.5 30 30.5 30 41.5 30 8.5 41 18 41 32 41 41.5 41 
1 Juve 1.16543 0.40921 0.47107 219.39 132.4 8.5 8.5 18 8.5 32 8.5 41.5 8.5 8.5 20 19.5 20 30.5 20 41.5 20 8.5 30 19.5 30 30.5 30 41.5 30 8.5 41 18 41 32 41 41.5 41 
1 Juve 1.27933 0.45335 0.52656 279.71 164 30.5 20 8.5 8.5 18 8.5 32 8.5 41.5 8.5 8.5 20 19.5 20 41.5 20 8.5 30 19.5 30 30.5 30 41.5 30 8.5 41 18 41 32 41 41.5 41 
1 Juve 1.18616 0.40875 0.49233 309.81 192.77 8.5 30 8.5 8.5 18 8.5 32 8.5 41.5 8.5 8.5 20 19.5 20 30.5 20 41.5 20 19.5 30 30.5 30 41.5 30 8.5 41 18 41 32 41 41.5 41 
1 Juve 1.21085 0.42434 0.48445 238.78 143.4 8.5 41 8.5 8.5 18 8.5 32 8.5 41.5 8.5 8.5 20 19.5 20 30.5 20 41.5 20 8.5 30 19.5 30 30.5 30 41.5 30 18 41 32 41 41.5 41 
1 Juve 1.35794 0.4749 0.55548 262.26 156.8 19.5 20 8.5 8.5 18 8.5 32 8.5 41.5 8.5 8.5 20 30.5 20 41.5 20 8.5 30 19.5 30 30.5 30 41.5 30 8.5 41 18 41 32 41 41.5 41 
1 Juve 1.37258 0.48213 0.54924 212.46 124 30.5 30 8.5 8.5 18 8.5 32 8.5 41.5 8.5 8.5 20 19.5 20 30.5 20 41.5 20 8.5 30 19.5 30 41.5 30 8.5 41 18 41 32 41 41.5 41 
1 Juve 1.43026 0.50256 0.56715 231.19 140.6 8.5 8.5 18 8.5 32 8.5 41.5 8.5 8.5 20 19.5 20 30.5 20 41.5 20 8.5 30 19.5 30 30.5 30 41.5 30 8.5 41 18 41 32 41 41.5 41 
1 Juve 1.1544 0.39922 0.46913 266.58 165.4 41.5 30 8.5 8.5 18 8.5 32 8.5 41.5 8.5 8.5 20 19.5 20 30.5 20 41.5 20 8.5 30 19.5 30 30.5 30 8.5 41 18 41 32 41 41.5 41 
1 Juve 1.16628 0.4089 0.47377 227.78 142 41.5 20 8.5 8.5 18 8.5 32 8.5 41.5 8.5 8.5 20 19.5 20 30.5 20 8.5 30 19.5 30 30.5 30 41.5 30 8.5 41 18 41 32 41 41.5 41 
1 Juve 1.09749 0.38363 0.44148 218.56 125.2 41.5 20 8.5 8.5 18 8.5 32 8.5 41.5 8.5 8.5 20 19.5 20 30.5 20 8.5 30 19.5 30 30.5 30 41.5 30 8.5 41 18 41 32 41 41.5 41 
1 Juve 1.09602 0.38433 0.44586 237.51 141.2 8.5 20 8.5 8.5 18 8.5 32 8.5 41.5 8.5 19.5 20 30.5 20 41.5 20 8.5 30 19.5 30 30.5 30 41.5 30 8.5 41 18 41 32 41 41.5 41 
1 Juve 1.12217 0.39021 0.45799 241.62 148.6 41.5 20 8.5 8.5 18 8.5 32 8.5 41.5 8.5 8.5 20 19.5 20 30.5 20 8.5 30 19.5 30 30.5 30 41.5 30 8.5 41 18 41 32 41 41.5 41 
1 Juve 1.19525 0.41782 0.47737 225.52 132.8 30.5 20 8.5 8.5 18 8.5 32 8.5 41.5 8.5 8.5 20 19.5 20 41.5 20 8.5 30 19.5 30 30.5 30 41.5 30 8.5 41 18 41 32 41 41.5 41 
1 Juve 1.193 0.41501 0.48785 244.85 145.2 32 8.5 8.5 8.5 18 8.5 41.5 8.5 8.5 20 19.5 20 30.5 20 41.5 20 8.5 30 19.5 30 30.5 30 41.5 30 8.5 41 18 41 32 41 41.5 41 
1 Juve 1.21283 0.42123 0.49219 272.9 161.48 30.5 30 8.5 8.5 18 8.5 32 8.5 41.5 8.5 8.5 20 19.5 20 30.5 20 41.5 20 8.5 30 19.5 30 41.5 30 8.5 41 18 41 32 41 41.5 41 
1 Juve 1.13526 0.39892 0.46062 231.61 138.8 8.5 30 8.5 8.5 18 8.5 32 8.5 41.5 8.5 8.5 20 19.5 20 30.5 20 41.5 20 19.5 30 30.5 30 41.5 30 8.5 41 18 41 32 41 41.5 41 
1 Juve 1.25503 0.43834 0.50987 242.7 136.94 8.5 20 8.5 8.5 18 8.5 32 8.5 41.5 8.5 19.5 20 30.5 20 41.5 20 8.5 30 19.5 30 30.5 30 41.5 30 8.5 41 18 41 32 41 41.5 41 
1 Juve 1.37248 0.48254 0.55402 245.44 149.2 41.5 30 8.5 8.5 18 8.5 32 8.5 41.5 8.5 8.5 20 19.5 20 30.5 20 41.5 20 8.5 30 19.5 30 30.5 30 8.5 41 18 41 32 41 41.5 41 
1 Juve 1.35948 0.47425 0.54989 230.58 133.8 41.5 30 8.5 8.5 18 8.5 32 8.5 41.5 8.5 8.5 20 19.5 20 30.5 20 41.5 20 8.5 30 19.5 30 30.5 30 8.5 41 18 41 32 41 41.5 41 
1 Juve 1.13996 0.39059 0.47471 252.99 156.8 30.5 20 8.5 8.5 18 8.5 32 8.5 41.5 8.5 8.5 20 19.5 20 41.5 20 8.5 30 19.5 30 30.5 30 41.5 30 8.5 41 18 41 32 41 41.5 41 
1 Juve 1.40569 0.49929 0.572 257.57 155.8 41.5 30 8.5 8.5 18 8.5 32 8.5 41.5 8.5 8.5 20 19.5 20 30.5 20 41.5 20 8.5 30 19.5 30 30.5 30 8.5 41 18 41 32 41 41.5 41 
1 Juve 1.1708 0.40417 0.47905 250.05 153.96 41.5 20 8.5 8.5 18 8.5 32 8.5 41.5 8.5 8.5 20 19.5 20 30.5 20 8.5 30 19.5 30 30.5 30 41.5 30 8.5 41 18 41 32 41 41.5 41 
1 Juve 1.17924 0.41668 0.47552 281.94 160 18 8.5 8.5 8.5 32 8.5 41.5 8.5 8.5 20 19.5 20 30.5 20 41.5 20 8.5 30 19.5 30 30.5 30 41.5 30 8.5 41 18 41 32 41 41.5 41 
1 Juve 1.12611 0.39306 0.45208 211.38 130 32 8.5 8.5 8.5 18 8.5 41.5 8.5 8.5 20 19.5 20 30.5 20 41.5 20 8.5 30 19.5 30 30.5 30 41.5 30 8.5 41 18 41 32 41 41.5 41 
1 Juve 1.13328 0.3914 0.46412 287.38 171.2 32 8.5 8.5 8.5 18 8.5 41.5 8.5 8.5 20 19.5 20 30.5 20 41.5 20 8.5 30 19.5 30 30.5 30 41.5 30 8.5 41 18 41 32 41 41.5 41 
1 Juve 1.13093 0.39405 0.46352 247.33 147.2 8.5 8.5 18 8.5 32 8.5 41.5 8.5 8.5 20 19.5 20 30.5 20 41.5 20 8.5 30 19.5 30 30.5 30 41.5 30 8.5 41 18 41 32 41 41.5 41 
1 Juve 1.19403 0.42136 0.48428 273.96 162 32 41 8.5 8.5 18 8.5 32 8.5 41.5 8.5 8.5 20 19.5 20 30.5 20 41.5 20 8.5 30 19.5 30 30.5 30 41.5 30 8.5 41 18 41 41.5 41 
1 Juve 1.34106 0.46514 0.54988 256.38 159.4 8.5 30 8.5 8.5 18 8.5 32 8.5 41.5 8.5 8.5 20 19.5 20 30.5 20 41.5 20 19.5 30 30.5 30 41.5 30 8.5 41 18 41 32 41 41.5 41 
1 Juve 1.35726 0.47116 0.54952 222.12 138 32 8.5 8.5 8.5 18 8.5 41.5 8.5 8.5 20 19.5 20 30.5 20 41.5 20 8.5 30 19.5 30 30.5 30 41.5 30 8.5 41 18 41 32 41 41.5 41 
1 Juve 1.25297 0.44285 0.5068 277.9 165.8 30.5 30 8.5 8.5 18 8.5 32 8.5 41.5 8.5 8.5 20 19.5 20 30.5 20 41.5 20 8.5 30 19.5 30 41.5 30 8.5 41 18 41 32 41 41.5 41 
1 Juve 1.19349 0.42038 0.47901 221.36 129.6 8.5 30 8.5 8.5 18 8.5 32 8.5 41.5 8.5 8.5 20 19.5 20 30.5 20 41.5 20 19.5 30 30.5 30 41.5 30 8.5 41 18 41 32 41 41.5 41 
1 Juve 1.14461 0.39415 0.4724 235.47 144 18 8.5 8.5 8.5 32 8.5 41.5 8.5 8.5 20 19.5 20 30.5 20 41.5 20 8.5 30 19.5 30 30.5 30 41.5 30 8.5 41 18 41 32 41 41.5 41 
1 Juve 1.10351 0.38045 0.44691 249.02 162.4 8.5 20 8.5 8.5 18 8.5 32 8.5 41.5 8.5 19.5 20 30.5 20 41.5 20 8.5 30 19.5 30 30.5 30 41.5 30 8.5 41 18 41 32 41 41.5 41 
1 Juve 1.14034 0.39949 0.46143 222.18 133.48 32 41 8.5 8.5 18 8.5 32 8.5 41.5 8.5 8.5 20 19.5 20 30.5 20 41.5 20 8.5 30 19.5 30 30.5 30 41.5 30 8.5 41 18 41 41.5 41 
1 Juve 1.14321 0.40143 0.46466 226.67 129.4 41.5 20 8.5 8.5 18 8.5 32 8.5 41.5 8.5 8.5 20 19.5 20 30.5 20 8.5 30 19.5 30 30.5 30 41.5 30 8.5 41 18 41 32 41 41.5 41 
1 Juve 1.17327 0.41029 0.47852 233.99 139.89 41.5 30 8.5 8.5 18 8.5 32 8.5 41.5 8.5 8.5 20 19.5 20 30.5 20 41.5 20 8.5 30 19.5 30 30.5 30 8.5 41 18 41 32 41 41.5 41 
1 Juve 1.12693 0.38911 0.45881 234.71 148.6 41.5 41 8.5 8.5 18 8.5 32 8.5 41.5 8.5 8.5 20 19.5 20 30.5 20 41.5 20 8.5 30 19.5 30 30.5 30 41.5 30 8.5 41 18 41 32 41 
1 Juve 1.15826 0.40344 0.46916 266.99 166.18 8.5 20 8.5 8.5 18 8.5 32 8.5 41.5 8.5 19.5 20 30.5 20 41.5 20 8.5 30 19.5 30 30.5 30 41.5 30 8.5 41 18 41 32 41 41.5 41 
1 Juve 1.23395 0.43222 0.49596 236.75 144.8 30.5 20 8.5 8.5 18 8.5 32 8.5 41.5 8.5 8.5 20 19.5 20 41.5 20 8.5 30 19.5 30 30.5 30 41.5 30 8.5 41 18 41 32 41 41.5 41 
1 Juve 1.11601 0.38259 0.4665 244.37 153.75 32 8.5 8.5 8.5 18 8.5 41.5 8.5 8.5 20 19.5 20 30.5 20 41.5 20 8.5 30 19.5 30 30.5 30 41.5 30 8.5 41 18 41 32 41 41.5 41 
1 Juve 1.06025 0.36814 0.42758 233.8 149.6 19.5 20 8.5 8.5 18 8.5 32 8.5 41.5 8.5 8.5 20 30.5 20 41.5 20 8.5 30 19.5 30 30.5 30 41.5 30 8.5 41 18 41 32 41 41.5 41 
1 Juve 1.3342 0.46629 0.53921 248.99 143 41.5 20 8.5 8.5 18 8.5 32 8.5 41.5 8.5 8.5 20 19.5 20 30.5 20 8.5 30 19.5 30 30.5 30 41.5 30 8.5 41 18 41 32 41 41.5 41 
1 Juve 1.10822 0.386 0.45211 222.29 135.4 8.5 30 8.5 8.5 18 8.5 32 8.5 41.5 8.5 8.5 20 19.5 20 30.5 20 41.5 20 19.5 30 30.5 30 41.5 30 8.5 41 18 41 32 41 41.5 41 
1 Juve 1.14613 0.39984 0.47437 236.88 154.2 41.5 41 8.5 8.5 18 8.5 32 8.5 41.5 8.5 8.5 20 19.5 20 30.5 20 41.5 20 8.5 30 19.5 30 30.5 30 41.5 30 8.5 41 18 41 32 41 
1 Juve 1.0866 0.36944 0.45236 232.08 152.6 32 41 8.5 8.5 18 8.5 32 8.5 41.5 8.5 8.5 20 19.5 20 30.5 20 41.5 20 8.5 30 19.5 30 30.5 30 41.5 30 8.5 41 18 41 41.5 41 
1 Juve 1.08624 0.37597 0.4446 224.13 131.6 19.5 30 8.5 8.5 18 8.5 32 8.5 41.5 8.5 8.5 20 19.5 20 30.5 20 41.5 20 8.5 30 30.5 30 41.5 30 8.5 41 18 41 32 41 41.5 41 
1 Juve 1.11819 0.38798 0.45837 250.79 152.8 8.5 20 8.5 8.5 18 8.5 32 8.5 41.5 8.5 19.5 20 30.5 20 41.5 20 8.5 30 19.5 30 30.5 30 41.5 30 8.5 41 18 41 32 41 41.5 41 
1 Juve 1.08017 0.367 0.4531 251.39 148.32 41.5 30 8.5 8.5 18 8.5 32 8.5 41.5 8.5 8.5 20 19.5 20 30.5 20 41.5 20 8.5 30 19.5 30 30.5 30 8.5 41 18 41 32 41 41.5 41 
1 Juve 1.30712 0.45905 0.52977 271.35 170.2 18 8.5 8.5 8.5 32 8.5 41.5 8.5 8.5 20 19.5 20 30.5 20 41.5 20 8.5 30 19.5 30 30.5 30 41.5 30 8.5 41 18 41 32 41 41.5 41 
1 Juve 1.15209 0.40268 0.46414 239.94 146.2 32 8.5 8.5 8.5 18 8.5 41.5 8.5 8.5 20 19.5 20 30.5 20 41.5 20 8.5 30 19.5 30 30.5 30 41.5 30 8.5 41 18 41 32 41 41.5 41 
1 Juve 1.20437 0.40815 0.50269 246.42 148.2 8.5 41 8.5 8.5 18 8.5 32 8.5 41.5 8.5 8.5 20 19.5 20 30.5 20 41.5 20 8.5 30 19.5 30 30.5 30 41.5 30 18 41 32 41 41.5 41 
1 Juve 1.16851 0.40107 0.48136 250.36 151.57 18 41 8.5 8.5 18 8.5 32 8.5 41.5 8.5 8.5 20 19.5 20 30.5 20 41.5 20 8.5 30 19.5 30 30.5 30 41.5 30 8.5 41 32 41 41.5 41 
1 Juve 1.10572 0.38745 0.44796 215.88 132 19.5 20 8.5 8.5 18 8.5 32 8.5 41.5 8.5 8.5 20 30.5 20 41.5 20 8.5 30 19.5 30 30.5 30 41.5 30 8.5 41 18 41 32 41 41.5 41 
1 Juve 1.10936 0.38279 0.4668 239.02 148 18 41 8.5 8.5 18 8.5 32 8.5 41.5 8.5 8.5 20 19.5 20 30.5 20 41.5 20 8.5 30 19.5 30 30.5 30 41.5 30 8.5 41 32 41 41.5 41 
1 Juve 1.07945 0.37142 0.43993 236.04 140.18 41.5 8.5 8.5 8.5 18 8.5 32 8.5 8.5 20 19.5 20 30.5 20 41.5 20 8.5 30 19.5 30 30.5 30 41.5 30 8.5 41 18 41 32 41 41.5 41 
1 Juve 1.15884 0.40409 0.46977 249.07 151.4 41.5 20 8.5 8.5 18 8.5 32 8.5 41.5 8.5 8.5 20 19.5 20 30.5 20 8.5 30 19.5 30 30.5 30 41.5 30 8.5 41 18 41 32 41 41.5 41 
1 Juve 1.07002 0.37235 0.43354 213.98 134.33 30.5 20 8.5 8.5 18 8.5 32 8.5 41.5 8.5 8.5 20 19.5 20 41.5 20 8.5 30 19.5 30 30.5 30 41.5 30 8.5 41 18 41 32 41 41.5 41 
1 Juve 1.12956 0.38921 0.46256 230.49 139.6 41.5 30 8.5 8.5 18 8.5 32 8.5 41.5 8.5 8.5 20 19.5 20 30.5 20 41.5 20 8.5 30 19.5 30 30.5 30 8.5 41 18 41 32 41 41.5 41 
1 Juve 1.10885 0.38884 0.45305 227.05 134.4 32 41 8.5 8.5 18 8.5 32 8.5 41.5 8.5 8.5 20 19.5 20 30.5 20 41.5 20 8.5 30 19.5 30 30.5 30 41.5 30 8.5 41 18 41 41.5 41 
1 Juve 1.12673 0.39073 0.4522 241.05 143.8 8.5 20 8.5 8.5 18 8.5 32 8.5 41.5 8.5 19.5 20 30.5 20 41.5 20 8.5 30 19.5 30 30.5 30 41.5 30 8.5 41 18 41 32 41 41.5 41 
1 Juve 1.17072 0.40829 0.48332 260.14 157.6 19.5 30 8.5 8.5 18 8.5 32 8.5 41.5 8.5 8.5 20 19.5 20 30.5 20 41.5 20 8.5 30 30.5 30 41.5 30 8.5 41 18 41 32 41 41.5 41 
1 Juve 1.10135 0.38083 0.44149 209.31 127.6 8.5 20 8.5 8.5 18 8.5 32 8.5 41.5 8.5 19.5 20 30.5 20 41.5 20 8.5 30 19.5 30 30.5 30 41.5 30 8.5 41 18 41 32 41 41.5 41 
1 Juve 1.28023 0.43826 0.51686 235.75 145.58 8.5 20 8.5 8.5 18 8.5 32 8.5 41.5 8.5 19.5 20 30.5 20 41.5 20 8.5 30 19.5 30 30.5 30 41.5 30 8.5 41 18 41 32 41 41.5 41 
1 Juve 1.12184 0.39154 0.45958 236.69 142.8 19.5 30 8.5 8.5 18 8.5 32 8.5 41.5 8.5 8.5 20 19.5 20 30.5 20 41.5 20 8.5 30 30.5 30 41.5 30 8.5 41 18 41 32 41 41.5 41 
1 Juve 1.31556 0.46113 0.52806 245.92 166.6 8.5 41 8.5 8.5 18 8.5 32 8.5 41.5 8.5 8.5 20 19.5 20 30.5 20 41.5 20 8.5 30 19.5 30 30.5 30 41.5 30 18 41 32 41 41.5 41 
1 Juve 1.38236 0.48597 0.55321 240.07 143.6 18 41 8.5 8.5 18 8.5 32 8.5 41.5 8.5 8.5 20 19.5 20 30.5 20 41.5 20 8.5 30 19.5 30 30.5 30 41.5 30 8.5 41 32 41 41.5 41 
1 Juve 1.14935 0.40515 0.46227 218.43 134.2 41.5 30 8.5 8.5 18 8.5 32 8.5 41.5 8.5 8.5 20 19.5 20 30.5 20 41.5 20 8.5 30 19.5 30 30.5 30 8.5 41 18 41 32 41 41.5 41 
1 Juve 1.08803 0.37698 0.44405 239.74 143.79 30.5 20 8.5 8.5 18 8.5 32 8.5 41.5 8.5 8.5 20 19.5 20 41.5 20 8.5 30 19.5 30 30.5 30 41.5 30 8.5 41 18 41 32 41 41.5 41 
1 Juve 1.25152 0.44066 0.50921 228.88 132.47 30.5 30 8.5 8.5 18 8.5 32 8.5 41.5 8.5 8.5 20 19.5 20 30.5 20 41.5 20 8.5 30 19.5 30 41.5 30 8.5 41 18 41 32 41 41.5 41 
1 Juve 1.27975 0.44063 0.51854 246.35 149.8 8.5 41 8.5 8.5 18 8.5 32 8.5 41.5 8.5 8.5 20 19.5 20 30.5 20 41.5 20 8.5 30 19.5 30 30.5 30 41.5 30 18 41 32 41 41.5 41 
1 Juve 1.39608 0.49544 0.57553 272.6 166.91 8.5 20 8.5 8.5 18 8.5 32 8.5 41.5 8.5 19.5 20 30.5 20 41.5 20 8.5 30 19.5 30 30.5 30 41.5 30 8.5 41 18 41 32 41 41.5 41 
1 Juve 1.24279 0.4314 0.50582 284.95 174.2 18 8.5 8.5 8.5 32 8.5 41.5 8.5 8.5 20 19.5 20 30.5 20 41.5 20 8.5 30 19.5 30 30.5 30 41.5 30 8.5 41 18 41 32 41 41.5 41 
1 Juve 1.17883 0.40862 0.47984 241.95 145 41.5 30 8.5 8.5 18 8.5 32 8.5 41.5 8.5 8.5 20 19.5 20 30.5 20 41.5 20 8.5 30 19.5 30 30.5 30 8.5 41 18 41 32 41 41.5 41 
1 Juve 1.07184 0.37074 0.43585 240.83 150.8 41.5 20 8.5 8.5 18 8.5 32 8.5 41.5 8.5 8.5 20 19.5 20 30.5 20 8.5 30 19.5 30 30.5 30 41.5 30 8.5 41 18 41 32 41 41.5 41 
1 Juve 1.3046 0.45648 0.51668 227.37 141.2 41.5 41 8.5 8.5 18 8.5 32 8.5 41.5 8.5 8.5 20 19.5 20 30.5 20 41.5 20 8.5 30 19.5 30 30.5 30 41.5 30 8.5 41 18 41 32 41 
1 Juve 1.12432 0.39639 0.45702 215.53 125.4 8.5 8.5 18 8.5 32 8.5 41.5 8.5 8.5 20 19.5 20 30.5 20 41.5 20 8.5 30 19.5 30 30.5 30 41.5 30 8.5 41 18 41 32 41 41.5 41 
1 Juve 1.0458 0.36143 0.42908 241.28 149.21 18 41 8.5 8.5 18 8.5 32 8.5 41.5 8.5 8.5 20 19.5 20 30.5 20 41.5 20 8.5 30 19.5 30 30.5 30 41.5 30 8.5 41 32 41 41.5 41 
1 Juve 1.0974 0.37926 0.44472 237.99 142.2 19.5 30 8.5 8.5 18 8.5 32 8.5 41.5 8.5 8.5 20 19.5 20 30.5 20 41.5 20 8.5 30 30.5 30 41.5 30 8.5 41 18 41 32 41 41.5 41 
1 Juve 1.15273 0.3994 0.46662 218.48 128.8 41.5 41 8.5 8.5 18 8.5 32 8.5 41.5 8.5 8.5 20 19.5 20 30.5 20 41.5 20 8.5 30 19.5 30 30.5 30 41.5 30 8.5 41 18 41 32 41 
1 Juve 1.07472 0.37076 0.43494 239.18 136.4 8.5 41 8.5 8.5 18 8.5 32 8.5 41.5 8.5 8.5 20 19.5 20 30.5 20 41.5 20 8.5 30 19.5 30 30.5 30 41.5 30 18 41 32 41 41.5 41 
1 Juve 1.11961 0.38998 0.46092 247.61 149.4 19.5 30 8.5 8.5 18 8.5 32 8.5 41.5 8.5 8.5 20 19.5 20 30.5 20 41.5 20 8.5 30 30.5 30 41.5 30 8.5 41 18 41 32 41 41.5 41 
1 Juve 1.12205 0.38952 0.45869 239.45 143.6 30.5 20 8.5 8.5 18 8.5 32 8.5 41.5 8.5 8.5 20 19.5 20 41.5 20 8.5 30 19.5 30 30.5 30 41.5 30 8.5 41 18 41 32 41 41.5 41 
1 Juve 1.13475 0.40148 0.46005 247.79 142 8.5 20 8.5 8.5 18 8.5 32 8.5 41.5 8.5 19.5 20 30.5 20 41.5 20 8.5 30 19.5 30 30.5 30 41.5 30 8.5 41 18 41 32 41 41.5 41 
1 Juve 1.14071 0.38835 0.47308 225.28 134.8 32 8.5 8.5 8.5 18 8.5 41.5 8.5 8.5 20 19.5 20 30.5 20 41.5 20 8.5 30 19.5 30 30.5 30 41.5 30 8.5 41 18 41 32 41 41.5 41 
1 Juve 1.19178 0.41164 0.49091 251 148.8 41.5 20 8.5 8.5 18 8.5 32 8.5 41.5 8.5 8.5 20 19.5 20 30.5 20 8.5 30 19.5 30 30.5 30 41.5 30 8.5 41 18 41 32 41 41.5 41 
1 Juve 1.16879 0.40403 0.47281 234.4 143.2 8.5 41 8.5 8.5 18 8.5 32 8.5 41.5 8.5 8.5 20 19.5 20 30.5 20 41.5 20 8.5 30 19.5 30 30.5 30 41.5 30 18 41 32 41 41.5 41 
1 Juve 1.25215 0.44233 0.50491 242.61 150.2 30.5 30 8.5 8.5 18 8.5 32 8.5 41.5 8.5 8.5 20 19.5 20 30.5 20 41.5 20 8.5 30 19.5 30 41.5 30 8.5 41 18 41 32 41 41.5 41 
1 Juve 1.15272 0.39968 0.46388 268.49 166 41.5 20 8.5 8.5 18 8.5 32 8.5 41.5 8.5 8.5 20 19.5 20 30.5 20 8.5 30 19.5 30 30.5 30 41.5 30 8.5 41 18 41 32 41 41.5 41 
1 Juve 1.15016 0.39603 0.46574 241.22 148.19 41.5 41 8.5 8.5 18 8.5 32 8.5 41.5 8.5 8.5 20 19.5 20 30.5 20 41.5 20 8.5 30 19.5 30 30.5 30 41.5 30 8.5 41 18 41 32 41 
1 Juve 1.17432 0.40973 0.4826 259.83 151.4 32 8.5 8.5 8.5 18 8.5 41.5 8.5 8.5 20 19.5 20 30.5 20 41.5 20 8.5 30 19.5 30 30.5 30 41.5 30 8.5 41 18 41 32 41 41.5 41 
1 Juve 1.16329 0.40469 0.48098 230.39 140.2 32 8.5 8.5 8.5 18 8.5 41.5 8.5 8.5 20 19.5 20 30.5 20 41.5 20 8.5 30 19.5 30 30.5 30 41.5 30 8.5 41 18 41 32 41 41.5 41 
1 Juve 1.13304 0.39478 0.45953 238.82 152.8 32 8.5 8.5 8.5 18 8.5 41.5 8.5 8.5 20 19.5 20 30.5 20 41.5 20 8.5 30 19.5 30 30.5 30 41.5 30 8.5 41 18 41 32 41 41.5 41 
1 Juve 0.87023 0.29571 0.35536 203.63 121 41.5 30 8.5 8.5 18 8.5 32 8.5 41.5 8.5 8.5 20 19.5 20 30.5 20 41.5 20 8.5 30 19.5 30 30.5 30 8.5 41 18 41 32 41 41.5 41 
