1 Juve 1.25519 0.44338 0.48183 149.26 86 37.5 12.5 12.5 12.5 25 7.5 7.5 25 25 25 42.5 25 12.5 37.5 25 42.5 37.5 37.5 
1 Juve 1.21074 0.42712 0.46848 161.71 98.6 42.5 25 12.5 12.5 25 7.5 37.5 12.5 7.5 25 25 25 12.5 37.5 25 42.5 37.5 37.5 
1 Juve 1.26415 0.44744 0.48618 154.41 93.8 25 42.5 12.5 12.5 25 7.5 37.5 12.5 7.5 25 25 25 42.5 25 12.5 37.5 37.5 37.5 
1 Juve 1.22886 0.43412 0.46889 156.88 96 37.5 37.5 12.5 12.5 25 7.5 37.5 12.5 7.5 25 25 25 42.5 25 12.5 37.5 25 42.5 
1 Juve 1.20763 0.42838 0.46534 164.9 102.8 25 42.5 12.5 12.5 25 7.5 37.5 12.5 7.5 25 25 25 42.5 25 12.5 37.5 37.5 37.5 
1 Juve 1.19324 0.4227 0.46002 168.2 104 37.5 12.5 12.5 12.5 25 7.5 7.5 25 25 25 42.5 25 12.5 37.5 25 42.5 37.5 37.5 
1 Juve 1.26446 0.4471 0.48747 158.54 91.8 37.5 37.5 12.5 12.5 25 7.5 37.5 12.5 7.5 25 25 25 42.5 25 12.5 37.5 25 42.5 
1 Juve 1.17573 0.4139 0.45449 146.85 86.6 37.5 37.5 12.5 12.5 25 7.5 37.5 12.5 7.5 25 25 25 42.5 25 12.5 37.5 25 42.5 
1 Juve 1.20289 0.42459 0.46362 161.7 102.4 7.5 25 12.5 12.5 25 7.5 37.5 12.5 25 25 42.5 25 12.5 37.5 25 42.5 37.5 37.5 
1 Juve 1.20383 0.42491 0.46344 143.75 85.2 25 42.5 12.5 12.5 25 7.5 37.5 12.5 7.5 25 25 25 42.5 25 12.5 37.5 37.5 37.5 
1 Juve 1.23469 0.43492 0.47492 147.61 87.6 37.5 12.5 12.5 12.5 25 7.5 7.5 25 25 25 42.5 25 12.5 37.5 25 42.5 37.5 37.5 
1 Juve 1.17867 0.4135 0.45262 155.91 96.6 42.5 25 12.5 12.5 25 7.5 37.5 12.5 7.5 25 25 25 12.5 37.5 25 42.5 37.5 37.5 
1 Juve 1.19884 0.42516 0.46033 144.15 75.262 25 42.5 12.5 12.5 25 7.5 37.5 12.5 7.5 25 25 25 42.5 25 12.5 37.5 37.5 37.5 
1 Juve 1.21754 0.42905 0.46812 147.5 88.6 25 42.5 12.5 12.5 25 7.5 37.5 12.5 7.5 25 25 25 42.5 25 12.5 37.5 37.5 37.5 
1 Juve 1.21637 0.42763 0.46503 164.6 99.4 12.5 12.5 25 7.5 37.5 12.5 7.5 25 25 25 42.5 25 12.5 37.5 25 42.5 37.5 37.5 
1 Juve 1.25756 0.44655 0.48519 150.65 88.174 37.5 12.5 12.5 12.5 25 7.5 7.5 25 25 25 42.5 25 12.5 37.5 25 42.5 37.5 37.5 
1 Juve 1.20729 0.42433 0.46578 147.28 88.4 7.5 25 12.5 12.5 25 7.5 37.5 12.5 25 25 42.5 25 12.5 37.5 25 42.5 37.5 37.5 
1 Juve 1.07197 0.37661 0.41583 167.33 98.8 12.5 37.5 12.5 12.5 25 7.5 37.5 12.5 7.5 25 25 25 42.5 25 25 42.5 37.5 37.5 
1 Juve 1.23314 0.43472 0.47541 148.68 89.2 25 25 12.5 12.5 25 7.5 37.5 12.5 7.5 25 42.5 25 12.5 37.5 25 42.5 37.5 37.5 
1 Juve 1.18726 0.41778 0.45659 145.62 87.6 12.5 37.5 12.5 12.5 25 7.5 37.5 12.5 7.5 25 25 25 42.5 25 25 42.5 37.5 37.5 
1 Juve 1.17927 0.41485 0.45136 141.54 81 25 42.5 12.5 12.5 25 7.5 37.5 12.5 7.5 25 25 25 42.5 25 12.5 37.5 37.5 37.5 
1 Juve 1.19519 0.42164 0.45873 157.91 96.6 12.5 37.5 12.5 12.5 25 7.5 37.5 12.5 7.5 25 25 25 42.5 25 25 42.5 37.5 37.5 
1 Juve 1.22099 0.43119 0.46498 150.69 91 12.5 37.5 12.5 12.5 25 7.5 37.5 12.5 7.5 25 25 25 42.5 25 25 42.5 37.5 37.5 
1 Juve 1.19908 0.42297 0.45604 144.99 85.4 37.5 37.5 12.5 12.5 25 7.5 37.5 12.5 7.5 25 25 25 42.5 25 12.5 37.5 25 42.5 
1 Juve 1.08293 0.37916 0.41754 152.85 90.8 37.5 12.5 12.5 12.5 25 7.5 7.5 25 25 25 42.5 25 12.5 37.5 25 42.5 37.5 37.5 
1 Juve 1.24068 0.43627 0.47693 146.72 88 25 7.5 12.5 12.5 37.5 12.5 7.5 25 25 25 42.5 25 12.5 37.5 25 42.5 37.5 37.5 
1 Juve 1.06083 0.36656 0.41392 152.79 99 7.5 25 12.5 12.5 25 7.5 37.5 12.5 25 25 42.5 25 12.5 37.5 25 42.5 37.5 37.5 
1 Juve 1.19846 0.4234 0.46049 150.11 92.4 37.5 37.5 12.5 12.5 25 7.5 37.5 12.5 7.5 25 25 25 42.5 25 12.5 37.5 25 42.5 
1 Juve 1.21917 0.43089 0.46751 137.77 80.4 25 25 12.5 12.5 25 7.5 37.5 12.5 7.5 25 42.5 25 12.5 37.5 25 42.5 37.5 37.5 
1 Juve 1.21096 0.42801 0.4652 155.86 96.6 42.5 25 12.5 12.5 25 7.5 37.5 12.5 7.5 25 25 25 12.5 37.5 25 42.5 37.5 37.5 
1 Juve 1.22873 0.43184 0.47444 152.22 92.2 12.5 37.5 12.5 12.5 25 7.5 37.5 12.5 7.5 25 25 25 42.5 25 25 42.5 37.5 37.5 
1 Juve 1.18888 0.41861 0.4566 147.97 85.4 37.5 37.5 12.5 12.5 25 7.5 37.5 12.5 7.5 25 25 25 42.5 25 12.5 37.5 25 42.5 
1 Juve 0.989781 0.34167 0.38233 162.91 96.2 25 42.5 12.5 12.5 25 7.5 37.5 12.5 7.5 25 25 25 42.5 25 12.5 37.5 37.5 37.5 
1 Juve 1.09501 0.38383 0.42664 150.19 90.4 37.5 12.5 12.5 12.5 25 7.5 7.5 25 25 25 42.5 25 12.5 37.5 25 42.5 37.5 37.5 
1 Juve 1.09589 0.38548 0.42596 165.84 104.2 25 7.5 12.5 12.5 37.5 12.5 7.5 25 25 25 42.5 25 12.5 37.5 25 42.5 37.5 37.5 
1 Juve 1.22414 0.43245 0.46837 144.96 82.8 25 7.5 12.5 12.5 37.5 12.5 7.5 25 25 25 42.5 25 12.5 37.5 25 42.5 37.5 37.5 
1 Juve 1.20969 0.42428 0.46545 161.8 94.2 12.5 12.5 25 7.5 37.5 12.5 7.5 25 25 25 42.5 25 12.5 37.5 25 42.5 37.5 37.5 
1 Juve 1.18652 0.41722 0.45936 158.18 100 7.5 25 12.5 12.5 25 7.5 37.5 12.5 25 25 42.5 25 12.5 37.5 25 42.5 37.5 37.5 
1 Juve 1.2487 0.4407 0.47973 147.04 86.2 37.5 37.5 12.5 12.5 25 7.5 37.5 12.5 7.5 25 25 25 42.5 25 12.5 37.5 25 42.5 
1 Juve 1.24554 0.43876 0.4809 141.04 83 25 7.5 12.5 12.5 37.5 12.5 7.5 25 25 25 42.5 25 12.5 37.5 25 42.5 37.5 37.5 
1 Juve 1.243 0.43966 0.47752 144.09 88.4 42.5 25 12.5 12.5 25 7.5 37.5 12.5 7.5 25 25 25 12.5 37.5 25 42.5 37.5 37.5 
1 Juve 1.24293 0.43839 0.47705 152.3 92.4 25 7.5 12.5 12.5 37.5 12.5 7.5 25 25 25 42.5 25 12.5 37.5 25 42.5 37.5 37.5 
1 Juve 1.08171 0.37849 0.41884 140.09 79 7.5 25 12.5 12.5 25 7.5 37.5 12.5 25 25 42.5 25 12.5 37.5 25 42.5 37.5 37.5 
1 Juve 1.06908 0.37293 0.41405 170.87 102.4 25 42.5 12.5 12.5 25 7.5 37.5 12.5 7.5 25 25 25 42.5 25 12.5 37.5 37.5 37.5 
1 Juve 1.05593 0.37024 0.41249 147.28 89.8 37.5 12.5 12.5 12.5 25 7.5 7.5 25 25 25 42.5 25 12.5 37.5 25 42.5 37.5 37.5 
1 Juve 1.04821 0.371 0.40517 157.74 96.6 25 42.5 12.5 12.5 25 7.5 37.5 12.5 7.5 25 25 25 42.5 25 12.5 37.5 37.5 37.5 
1 Juve 1.41119 0.49857 0.53815 170.02 102.4 37.5 37.5 12.5 12.5 25 7.5 37.5 12.5 7.5 25 25 25 42.5 25 12.5 37.5 25 42.5 
1 Juve 1.2748 0.44988 0.48614 154.69 87.229 42.5 25 12.5 12.5 25 7.5 37.5 12.5 7.5 25 25 25 12.5 37.5 25 42.5 37.5 37.5 
1 Juve 1.21806 0.42939 0.46742 145.16 85.2 7.5 25 12.5 12.5 25 7.5 37.5 12.5 25 25 42.5 25 12.5 37.5 25 42.5 37.5 37.5 
1 Juve 1.17387 0.40468 0.45113 168.89 103.2 25 7.5 12.5 12.5 37.5 12.5 7.5 25 25 25 42.5 25 12.5 37.5 25 42.5 37.5 37.5 
1 Juve 1.07522 0.37483 0.4166 163.89 105.2 37.5 12.5 12.5 12.5 25 7.5 7.5 25 25 25 42.5 25 12.5 37.5 25 42.5 37.5 37.5 
1 Juve 1.06526 0.37632 0.41423 148.02 89.4 37.5 37.5 12.5 12.5 25 7.5 37.5 12.5 7.5 25 25 25 42.5 25 12.5 37.5 25 42.5 
1 Juve 1.15496 0.40812 0.44558 143.6 84.4 12.5 37.5 12.5 12.5 25 7.5 37.5 12.5 7.5 25 25 25 42.5 25 25 42.5 37.5 37.5 
1 Juve 1.21036 0.42954 0.46721 147.88 86.2 37.5 12.5 12.5 12.5 25 7.5 7.5 25 25 25 42.5 25 12.5 37.5 25 42.5 37.5 37.5 
1 Juve 1.22679 0.43122 0.47512 164.38 100.6 25 42.5 12.5 12.5 25 7.5 37.5 12.5 7.5 25 25 25 42.5 25 12.5 37.5 37.5 37.5 
1 Juve 1.26091 0.44458 0.48502 151.23 91.4 7.5 25 12.5 12.5 25 7.5 37.5 12.5 25 25 42.5 25 12.5 37.5 25 42.5 37.5 37.5 
1 Juve 1.20669 0.42499 0.46436 142.89 87.4 25 7.5 12.5 12.5 37.5 12.5 7.5 25 25 25 42.5 25 12.5 37.5 25 42.5 37.5 37.5 
1 Juve 1.25653 0.44382 0.48566 153.67 94.6 25 42.5 12.5 12.5 25 7.5 37.5 12.5 7.5 25 25 25 42.5 25 12.5 37.5 37.5 37.5 
1 Juve 1.00449 0.34576 0.39126 151.15 96 37.5 12.5 12.5 12.5 25 7.5 7.5 25 25 25 42.5 25 12.5 37.5 25 42.5 37.5 37.5 
1 Juve 1.03908 0.36472 0.40134 145.15 84.6 25 7.5 12.5 12.5 37.5 12.5 7.5 25 25 25 42.5 25 12.5 37.5 25 42.5 37.5 37.5 
1 Juve 1.01123 0.35013 0.38812 159.46 96.6 12.5 37.5 12.5 12.5 25 7.5 37.5 12.5 7.5 25 25 25 42.5 25 25 42.5 37.5 37.5 
1 Juve 1.06695 0.37496 0.41912 146.46 91 37.5 12.5 12.5 12.5 25 7.5 7.5 25 25 25 42.5 25 12.5 37.5 25 42.5 37.5 37.5 
1 Juve 1.05062 0.36465 0.40319 157.7 96.2 25 7.5 12.5 12.5 37.5 12.5 7.5 25 25 25 42.5 25 12.5 37.5 25 42.5 37.5 37.5 
1 Juve 1.08878 0.38235 0.421 143.98 85.2 42.5 25 12.5 12.5 25 7.5 37.5 12.5 7.5 25 25 25 12.5 37.5 25 42.5 37.5 37.5 
1 Juve 1.09189 0.38319 0.4247 152.41 89.8 42.5 25 12.5 12.5 25 7.5 37.5 12.5 7.5 25 25 25 12.5 37.5 25 42.5 37.5 37.5 
1 Juve 1.04184 0.36023 0.40439 151.47 96.4 42.5 25 12.5 12.5 25 7.5 37.5 12.5 7.5 25 25 25 12.5 37.5 25 42.5 37.5 37.5 
1 Juve 1.04867 0.36352 0.40355 152.95 94.2 7.5 25 12.5 12.5 25 7.5 37.5 12.5 25 25 42.5 25 12.5 37.5 25 42.5 37.5 37.5 
1 Juve 1.25299 0.44205 0.48309 164.88 98.387 42.5 25 12.5 12.5 25 7.5 37.5 12.5 7.5 25 25 25 12.5 37.5 25 42.5 37.5 37.5 
1 Juve 1.21287 0.42622 0.46762 173.12 106.97 12.5 12.5 25 7.5 37.5 12.5 7.5 25 25 25 42.5 25 12.5 37.5 25 42.5 37.5 37.5 
1 Juve 1.22008 0.43224 0.46879 144.16 86.2 25 25 12.5 12.5 25 7.5 37.5 12.5 7.5 25 42.5 25 12.5 37.5 25 42.5 37.5 37.5 
1 Juve 1.23337 0.43418 0.47602 170.29 99.6 7.5 25 12.5 12.5 25 7.5 37.5 12.5 25 25 42.5 25 12.5 37.5 25 42.5 37.5 37.5 
1 Juve 1.13586 0.39808 0.44156 168.96 110.6 25 7.5 12.5 12.5 37.5 12.5 7.5 25 25 25 42.5 25 12.5 37.5 25 42.5 37.5 37.5 
1 Juve 1.05463 0.3746 0.41203 161.08 93.985 25 25 12.5 12.5 25 7.5 37.5 12.5 7.5 25 42.5 25 12.5 37.5 25 42.5 37.5 37.5 
1 Juve 1.04696 0.36337 0.40457 172.75 114.6 37.5 12.5 12.5 12.5 25 7.5 7.5 25 25 25 42.5 25 12.5 37.5 25 42.5 37.5 37.5 
1 Juve 1.04341 0.3639 0.40351 141.57 84.2 12.5 37.5 12.5 12.5 25 7.5 37.5 12.5 7.5 25 25 25 42.5 25 25 42.5 37.5 37.5 
1 Juve 0.94384 0.32718 0.36752 167.76 103.6 37.5 37.5 12.5 12.5 25 7.5 37.5 12.5 7.5 25 25 25 42.5 25 12.5 37.5 25 42.5 
1 Juve 1.1053 0.38579 0.42663 142.8 82.4 37.5 37.5 12.5 12.5 25 7.5 37.5 12.5 7.5 25 25 25 42.5 25 12.5 37.5 25 42.5 
1 Juve 1.23066 0.43493 0.47433 186.35 110.4 37.5 37.5 12.5 12.5 25 7.5 37.5 12.5 7.5 25 25 25 42.5 25 12.5 37.5 25 42.5 
1 Juve 1.20587 0.42458 0.46444 174.52 109.6 25 42.5 12.5 12.5 25 7.5 37.5 12.5 7.5 25 25 25 42.5 25 12.5 37.5 37.5 37.5 
1 Juve 1.02685 0.36237 0.4022 149.68 90.8 12.5 12.5 25 7.5 37.5 12.5 7.5 25 25 25 42.5 25 12.5 37.5 25 42.5 37.5 37.5 
1 Juve 0.981475 0.34671 0.38416 133.36 75.6 25 25 12.5 12.5 25 7.5 37.5 12.5 7.5 25 42.5 25 12.5 37.5 25 42.5 37.5 37.5 
1 Juve 1.24174 0.43793 0.47878 167.22 104.2 37.5 12.5 12.5 12.5 25 7.5 7.5 25 25 25 42.5 25 12.5 37.5 25 42.5 37.5 37.5 
1 Juve 1.09942 0.38374 0.42394 150.45 94.4 7.5 25 12.5 12.5 25 7.5 37.5 12.5 25 25 42.5 25 12.5 37.5 25 42.5 37.5 37.5 
1 Juve 1.03807 0.36154 0.40013 162.55 97 42.5 25 12.5 12.5 25 7.5 37.5 12.5 7.5 25 25 25 12.5 37.5 25 42.5 37.5 37.5 
1 Juve 1.06553 0.3748 0.41086 151.35 90.4 12.5 12.5 25 7.5 37.5 12.5 7.5 25 25 25 42.5 25 12.5 37.5 25 42.5 37.5 37.5 
1 Juve 1.0778 0.37773 0.4188 143.48 85 42.5 25 12.5 12.5 25 7.5 37.5 12.5 7.5 25 25 25 12.5 37.5 25 42.5 37.5 37.5 
1 Juve 1.09383 0.38611 0.42526 147.19 87 7.5 25 12.5 12.5 25 7.5 37.5 12.5 25 25 42.5 25 12.5 37.5 25 42.5 37.5 37.5 
1 Juve 1.27361 0.44949 0.4895 142.12 82.4 12.5 12.5 25 7.5 37.5 12.5 7.5 25 25 25 42.5 25 12.5 37.5 25 42.5 37.5 37.5 
1 Juve 1.2352 0.4356 0.47521 172.95 105.9 7.5 25 12.5 12.5 25 7.5 37.5 12.5 25 25 42.5 25 12.5 37.5 25 42.5 37.5 37.5 
1 Juve 1.04266 0.36726 0.40891 157.4 97 25 42.5 12.5 12.5 25 7.5 37.5 12.5 7.5 25 25 25 42.5 25 12.5 37.5 37.5 37.5 
1 Juve 0.94255 0.32649 0.364 136.09 79.8 37.5 37.5 12.5 12.5 25 7.5 37.5 12.5 7.5 25 25 25 42.5 25 12.5 37.5 25 42.5 
1 Juve 1.07884 0.37565 0.4137 176.85 106.2 42.5 25 12.5 12.5 25 7.5 37.5 12.5 7.5 25 25 25 12.5 37.5 25 42.5 37.5 37.5 
1 Juve 1.22454 0.43275 0.47073 162.1 100.8 7.5 25 12.5 12.5 25 7.5 37.5 12.5 25 25 42.5 25 12.5 37.5 25 42.5 37.5 37.5 
1 Juve 1.22358 0.43047 0.47273 149.98 92.4 12.5 37.5 12.5 12.5 25 7.5 37.5 12.5 7.5 25 25 25 42.5 25 25 42.5 37.5 37.5 
1 Juve 1.19097 0.41789 0.46115 160.15 93.4 12.5 12.5 25 7.5 37.5 12.5 7.5 25 25 25 42.5 25 12.5 37.5 25 42.5 37.5 37.5 
1 Juve 1.21593 0.43003 0.46546 146.31 88.8 25 7.5 12.5 12.5 37.5 12.5 7.5 25 25 25 42.5 25 12.5 37.5 25 42.5 37.5 37.5 
1 Juve 1.05829 0.36764 0.40989 144.57 89.4 25 42.5 12.5 12.5 25 7.5 37.5 12.5 7.5 25 25 25 42.5 25 12.5 37.5 37.5 37.5 
1 Juve 1.27313 0.44676 0.49581 163.55 98.381 25 42.5 12.5 12.5 25 7.5 37.5 12.5 7.5 25 25 25 42.5 25 12.5 37.5 37.5 37.5 
1 Juve 1.21032 0.42693 0.46652 149.99 87.4 37.5 12.5 12.5 12.5 25 7.5 7.5 25 25 25 42.5 25 12.5 37.5 25 42.5 37.5 37.5 
1 Juve 1.17086 0.4121 0.45042 145.61 83.992 25 42.5 12.5 12.5 25 7.5 37.5 12.5 7.5 25 25 25 42.5 25 12.5 37.5 37.5 37.5 
1 Juve 1.19829 0.42246 0.4623 148.98 88.6 42.5 25 12.5 12.5 25 7.5 37.5 12.5 7.5 25 25 25 12.5 37.5 25 42.5 37.5 37.5 
1 Juve 1.08939 0.38362 0.42115 140.68 80 37.5 37.5 12.5 12.5 25 7.5 37.5 12.5 7.5 25 25 25 42.5 25 12.5 37.5 25 42.5 
1 Juve 1.21857 0.42875 0.46867 149.54 89.6 37.5 37.5 12.5 12.5 25 7.5 37.5 12.5 7.5 25 25 25 42.5 25 12.5 37.5 25 42.5 
1 Juve 1.25127 0.44362 0.48098 149.28 86.4 37.5 12.5 12.5 12.5 25 7.5 7.5 25 25 25 42.5 25 12.5 37.5 25 42.5 37.5 37.5 
1 Juve 1.22383 0.43295 0.47026 146.95 88.2 7.5 25 12.5 12.5 25 7.5 37.5 12.5 25 25 42.5 25 12.5 37.5 25 42.5 37.5 37.5 
1 Juve 1.19714 0.42322 0.46038 140.39 79.2 25 7.5 12.5 12.5 37.5 12.5 7.5 25 25 25 42.5 25 12.5 37.5 25 42.5 37.5 37.5 
1 Juve 1.21912 0.43099 0.46906 140.42 82.4 42.5 25 12.5 12.5 25 7.5 37.5 12.5 7.5 25 25 25 12.5 37.5 25 42.5 37.5 37.5 
1 Juve 1.24239 0.43856 0.47538 147.84 91.4 7.5 25 12.5 12.5 25 7.5 37.5 12.5 25 25 42.5 25 12.5 37.5 25 42.5 37.5 37.5 
1 Juve 1.24433 0.43853 0.47853 182.82 115 25 42.5 12.5 12.5 25 7.5 37.5 12.5 7.5 25 25 25 42.5 25 12.5 37.5 37.5 37.5 
1 Juve 1.23266 0.43423 0.47627 170 108.4 25 42.5 12.5 12.5 25 7.5 37.5 12.5 7.5 25 25 25 42.5 25 12.5 37.5 37.5 37.5 
1 Juve 1.23011 0.4354 0.47346 158.72 91.8 37.5 12.5 12.5 12.5 25 7.5 7.5 25 25 25 42.5 25 12.5 37.5 25 42.5 37.5 37.5 
1 Juve 1.27374 0.45094 0.48915 148.19 92 37.5 12.5 12.5 12.5 25 7.5 7.5 25 25 25 42.5 25 12.5 37.5 25 42.5 37.5 37.5 
1 Juve 1.22631 0.43376 0.46825 145.45 84.2 25 25 12.5 12.5 25 7.5 37.5 12.5 7.5 25 42.5 25 12.5 37.5 25 42.5 37.5 37.5 
1 Juve 1.21687 0.4307 0.4679 148.6 84.8 12.5 12.5 25 7.5 37.5 12.5 7.5 25 25 25 42.5 25 12.5 37.5 25 42.5 37.5 37.5 
1 Juve 1.11677 0.3935 0.43118 150.73 91.8 25 25 12.5 12.5 25 7.5 37.5 12.5 7.5 25 42.5 25 12.5 37.5 25 42.5 37.5 37.5 
1 Juve 1.02553 0.3635 0.40177 148.22 95.2 42.5 25 12.5 12.5 25 7.5 37.5 12.5 7.5 25 25 25 12.5 37.5 25 42.5 37.5 37.5 
1 Juve 1.21864 0.43134 0.47057 154.42 90.8 37.5 37.5 12.5 12.5 25 7.5 37.5 12.5 7.5 25 25 25 42.5 25 12.5 37.5 25 42.5 
1 Juve 1.21189 0.42747 0.46676 156.99 97 37.5 37.5 12.5 12.5 25 7.5 37.5 12.5 7.5 25 25 25 42.5 25 12.5 37.5 25 42.5 
1 Juve 1.26338 0.44582 0.48633 163.92 101.2 12.5 37.5 12.5 12.5 25 7.5 37.5 12.5 7.5 25 25 25 42.5 25 25 42.5 37.5 37.5 
1 Juve 1.21948 0.43019 0.46553 141.93 84 37.5 37.5 12.5 12.5 25 7.5 37.5 12.5 7.5 25 25 25 42.5 25 12.5 37.5 25 42.5 
1 Juve 1.24273 0.43752 0.47697 154.82 92.8 7.5 25 12.5 12.5 25 7.5 37.5 12.5 25 25 42.5 25 12.5 37.5 25 42.5 37.5 37.5 
1 Juve 1.18823 0.41985 0.45973 158.79 93.2 37.5 12.5 12.5 12.5 25 7.5 7.5 25 25 25 42.5 25 12.5 37.5 25 42.5 37.5 37.5 
1 Juve 1.22145 0.43073 0.47281 137.35 84.4 37.5 12.5 12.5 12.5 25 7.5 7.5 25 25 25 42.5 25 12.5 37.5 25 42.5 37.5 37.5 
1 Juve 1.16835 0.41271 0.45102 158.97 101.8 25 25 12.5 12.5 25 7.5 37.5 12.5 7.5 25 42.5 25 12.5 37.5 25 42.5 37.5 37.5 
1 Juve 1.20857 0.42476 0.46564 148.16 89 37.5 12.5 12.5 12.5 25 7.5 7.5 25 25 25 42.5 25 12.5 37.5 25 42.5 37.5 37.5 
1 Juve 1.2562 0.44452 0.48372 155.11 89.6 7.5 25 12.5 12.5 25 7.5 37.5 12.5 25 25 42.5 25 12.5 37.5 25 42.5 37.5 37.5 
1 Juve 1.27507 0.45016 0.48973 159.2 100.2 42.5 25 12.5 12.5 25 7.5 37.5 12.5 7.5 25 25 25 12.5 37.5 25 42.5 37.5 37.5 
1 Juve 1.21773 0.42795 0.46795 154.01 97.6 25 7.5 12.5 12.5 37.5 12.5 7.5 25 25 25 42.5 25 12.5 37.5 25 42.5 37.5 37.5 
1 Juve 1.17886 0.41637 0.45501 155.11 93.6 12.5 37.5 12.5 12.5 25 7.5 37.5 12.5 7.5 25 25 25 42.5 25 25 42.5 37.5 37.5 
1 Juve 1.23369 0.43522 0.47191 141.4 84.4 12.5 12.5 25 7.5 37.5 12.5 7.5 25 25 25 42.5 25 12.5 37.5 25 42.5 37.5 37.5 
1 Juve 1.0628 0.37202 0.41107 158.33 98 25 7.5 12.5 12.5 37.5 12.5 7.5 25 25 25 42.5 25 12.5 37.5 25 42.5 37.5 37.5 
1 Juve 1.13611 0.39905 0.43828 138.36 79.4 25 25 12.5 12.5 25 7.5 37.5 12.5 7.5 25 42.5 25 12.5 37.5 25 42.5 37.5 37.5 
1 Juve 1.20729 0.42558 0.46584 149.09 91.8 25 25 12.5 12.5 25 7.5 37.5 12.5 7.5 25 42.5 25 12.5 37.5 25 42.5 37.5 37.5 
1 Juve 1.24263 0.44187 0.47872 145.17 88.8 25 7.5 12.5 12.5 37.5 12.5 7.5 25 25 25 42.5 25 12.5 37.5 25 42.5 37.5 37.5 
1 Juve 1.20131 0.42413 0.46242 153.39 92.6 25 7.5 12.5 12.5 37.5 12.5 7.5 25 25 25 42.5 25 12.5 37.5 25 42.5 37.5 37.5 
1 Juve 1.20821 0.42565 0.46464 147.58 86.2 12.5 12.5 25 7.5 37.5 12.5 7.5 25 25 25 42.5 25 12.5 37.5 25 42.5 37.5 37.5 
1 Juve 1.06874 0.37602 0.41707 152.28 89 37.5 37.5 12.5 12.5 25 7.5 37.5 12.5 7.5 25 25 25 42.5 25 12.5 37.5 25 42.5 
1 Juve 1.19337 0.42044 0.46096 148.12 87.4 42.5 25 12.5 12.5 25 7.5 37.5 12.5 7.5 25 25 25 12.5 37.5 25 42.5 37.5 37.5 
1 Juve 1.22446 0.43214 0.47133 170.03 103.94 37.5 37.5 12.5 12.5 25 7.5 37.5 12.5 7.5 25 25 25 42.5 25 12.5 37.5 25 42.5 
1 Juve 1.18558 0.41559 0.45818 155.63 96.4 12.5 12.5 25 7.5 37.5 12.5 7.5 25 25 25 42.5 25 12.5 37.5 25 42.5 37.5 37.5 
1 Juve 1.21359 0.43031 0.47054 170.98 104.2 12.5 12.5 25 7.5 37.5 12.5 7.5 25 25 25 42.5 25 12.5 37.5 25 42.5 37.5 37.5 
1 Juve 1.14144 0.40391 0.43989 147.45 85.4 25 7.5 12.5 12.5 37.5 12.5 7.5 25 25 25 42.5 25 12.5 37.5 25 42.5 37.5 37.5 
1 Juve 1.10014 0.38998 0.42564 157.77 92.4 37.5 12.5 12.5 12.5 25 7.5 7.5 25 25 25 42.5 25 12.5 37.5 25 42.5 37.5 37.5 
1 Juve 1.22371 0.43001 0.47131 147.22 88.2 7.5 25 12.5 12.5 25 7.5 37.5 12.5 25 25 42.5 25 12.5 37.5 25 42.5 37.5 37.5 
1 Juve 1.20326 0.42778 0.46014 140.94 82.2 25 7.5 12.5 12.5 37.5 12.5 7.5 25 25 25 42.5 25 12.5 37.5 25 42.5 37.5 37.5 
1 Juve 1.10631 0.38913 0.42642 156.26 88.6 12.5 37.5 12.5 12.5 25 7.5 37.5 12.5 7.5 25 25 25 42.5 25 25 42.5 37.5 37.5 
1 Juve 1.15589 0.40746 0.44399 152.9 87.8 37.5 37.5 12.5 12.5 25 7.5 37.5 12.5 7.5 25 25 25 42.5 25 12.5 37.5 25 42.5 
1 Juve 1.20616 0.42265 0.46208 146.15 83.6 42.5 25 12.5 12.5 25 7.5 37.5 12.5 7.5 25 25 25 12.5 37.5 25 42.5 37.5 37.5 
1 Juve 1.21184 0.42877 0.46632 138.31 78.8 12.5 37.5 12.5 12.5 25 7.5 37.5 12.5 7.5 25 25 25 42.5 25 25 42.5 37.5 37.5 
1 Juve 0.956665 0.3317 0.36939 152.78 92.6 42.5 25 12.5 12.5 25 7.5 37.5 12.5 7.5 25 25 25 12.5 37.5 25 42.5 37.5 37.5 
1 Juve 1.22579 0.43263 0.47564 144.36 87.4 25 7.5 12.5 12.5 37.5 12.5 7.5 25 25 25 42.5 25 12.5 37.5 25 42.5 37.5 37.5 
1 Juve 1.15925 0.40613 0.44307 165.64 101 12.5 12.5 25 7.5 37.5 12.5 7.5 25 25 25 42.5 25 12.5 37.5 25 42.5 37.5 37.5 
1 Juve 1.08473 0.38289 0.41823 150.48 86.6 25 25 12.5 12.5 25 7.5 37.5 12.5 7.5 25 42.5 25 12.5 37.5 25 42.5 37.5 37.5 
1 Juve 1.0686 0.36974 0.40749 152.48 94.2 25 7.5 12.5 12.5 37.5 12.5 7.5 25 25 25 42.5 25 12.5 37.5 25 42.5 37.5 37.5 
1 Juve 1.14007 0.40362 0.44395 153.01 87.6 37.5 37.5 12.5 12.5 25 7.5 37.5 12.5 7.5 25 25 25 42.5 25 12.5 37.5 25 42.5 
1 Juve 1.04331 0.36075 0.39679 143.47 84 12.5 12.5 25 7.5 37.5 12.5 7.5 25 25 25 42.5 25 12.5 37.5 25 42.5 37.5 37.5 
1 Juve 1.22754 0.43289 0.4704 142.27 82.8 25 25 12.5 12.5 25 7.5 37.5 12.5 7.5 25 42.5 25 12.5 37.5 25 42.5 37.5 37.5 
1 Juve 1.04326 0.35803 0.40518 141.98 84.8 25 7.5 12.5 12.5 37.5 12.5 7.5 25 25 25 42.5 25 12.5 37.5 25 42.5 37.5 37.5 
1 Juve 1.0979 0.38674 0.42723 160.07 96 7.5 25 12.5 12.5 25 7.5 37.5 12.5 25 25 42.5 25 12.5 37.5 25 42.5 37.5 37.5 
1 Juve 1.06187 0.3726 0.41322 153.25 93.6 12.5 37.5 12.5 12.5 25 7.5 37.5 12.5 7.5 25 25 25 42.5 25 25 42.5 37.5 37.5 
1 Juve 1.29492 0.4575 0.49512 142.15 83.8 12.5 37.5 12.5 12.5 25 7.5 37.5 12.5 7.5 25 25 25 42.5 25 25 42.5 37.5 37.5 
1 Juve 1.08889 0.3826 0.42261 154.53 91.8 37.5 12.5 12.5 12.5 25 7.5 7.5 25 25 25 42.5 25 12.5 37.5 25 42.5 37.5 37.5 
1 Juve 1.05081 0.36865 0.4074 153.36 94.6 37.5 12.5 12.5 12.5 25 7.5 7.5 25 25 25 42.5 25 12.5 37.5 25 42.5 37.5 37.5 
1 Juve 0.991534 0.34257 0.38491 156.72 91.4 42.5 25 12.5 12.5 25 7.5 37.5 12.5 7.5 25 25 25 12.5 37.5 25 42.5 37.5 37.5 
1 Juve 1.01777 0.35965 0.39972 145.77 82.6 12.5 37.5 12.5 12.5 25 7.5 37.5 12.5 7.5 25 25 25 42.5 25 25 42.5 37.5 37.5 
1 Juve 1.10319 0.38677 0.42611 153.28 89.983 37.5 12.5 12.5 12.5 25 7.5 7.5 25 25 25 42.5 25 12.5 37.5 25 42.5 37.5 37.5 
1 Juve 1.09241 0.38494 0.42385 140.47 79.8 37.5 37.5 12.5 12.5 25 7.5 37.5 12.5 7.5 25 25 25 42.5 25 12.5 37.5 25 42.5 
1 Juve 1.0316 0.36314 0.39939 139.23 78.4 12.5 37.5 12.5 12.5 25 7.5 37.5 12.5 7.5 25 25 25 42.5 25 25 42.5 37.5 37.5 
1 Juve 1.08694 0.37961 0.41941 149.33 89.8 42.5 25 12.5 12.5 25 7.5 37.5 12.5 7.5 25 25 25 12.5 37.5 25 42.5 37.5 37.5 
1 Juve 1.1249 0.39528 0.43575 157.05 97.4 42.5 25 12.5 12.5 25 7.5 37.5 12.5 7.5 25 25 25 12.5 37.5 25 42.5 37.5 37.5 
1 Juve 1.08246 0.37846 0.41794 145.93 87.4 12.5 12.5 25 7.5 37.5 12.5 7.5 25 25 25 42.5 25 12.5 37.5 25 42.5 37.5 37.5 
1 Juve 1.10515 0.38914 0.42672 161.66 102.19 7.5 25 12.5 12.5 25 7.5 37.5 12.5 25 25 42.5 25 12.5 37.5 25 42.5 37.5 37.5 
1 Juve 1.19466 0.42061 0.46031 145.77 84.18 12.5 37.5 12.5 12.5 25 7.5 37.5 12.5 7.5 25 25 25 42.5 25 25 42.5 37.5 37.5 
1 Juve 1.23402 0.4371 0.47158 152.76 89.2 25 42.5 12.5 12.5 25 7.5 37.5 12.5 7.5 25 25 25 42.5 25 12.5 37.5 37.5 37.5 
1 Juve 1.22603 0.43123 0.4708 150.33 91.4 25 25 12.5 12.5 25 7.5 37.5 12.5 7.5 25 42.5 25 12.5 37.5 25 42.5 37.5 37.5 
1 Juve 1.11669 0.39159 0.4326 153.71 91.8 7.5 25 12.5 12.5 25 7.5 37.5 12.5 25 25 42.5 25 12.5 37.5 25 42.5 37.5 37.5 
1 Juve 1.2348 0.43367 0.47627 142.76 86.2 25 42.5 12.5 12.5 25 7.5 37.5 12.5 7.5 25 25 25 42.5 25 12.5 37.5 37.5 37.5 
1 Juve 1.21264 0.42815 0.46744 143.96 83.6 37.5 12.5 12.5 12.5 25 7.5 7.5 25 25 25 42.5 25 12.5 37.5 25 42.5 37.5 37.5 
1 Juve 1.24876 0.44089 0.48141 173.92 110.6 25 25 12.5 12.5 25 7.5 37.5 12.5 7.5 25 42.5 25 12.5 37.5 25 42.5 37.5 37.5 
1 Juve 1.2387 0.43695 0.4753 156.41 93 25 25 12.5 12.5 25 7.5 37.5 12.5 7.5 25 42.5 25 12.5 37.5 25 42.5 37.5 37.5 
1 Juve 1.29649 0.45546 0.49604 140.33 82.196 25 7.5 12.5 12.5 37.5 12.5 7.5 25 25 25 42.5 25 12.5 37.5 25 42.5 37.5 37.5 
1 Juve 1.0963 0.38641 0.42709 152.93 90.8 37.5 37.5 12.5 12.5 25 7.5 37.5 12.5 7.5 25 25 25 42.5 25 12.5 37.5 25 42.5 
1 Juve 1.15107 0.40788 0.44928 160.88 91.4 25 25 12.5 12.5 25 7.5 37.5 12.5 7.5 25 42.5 25 12.5 37.5 25 42.5 37.5 37.5 
1 Juve 1.22747 0.43356 0.47232 150.84 91.4 25 25 12.5 12.5 25 7.5 37.5 12.5 7.5 25 42.5 25 12.5 37.5 25 42.5 37.5 37.5 
1 Juve 1.24894 0.44213 0.47994 159.51 96.4 42.5 25 12.5 12.5 25 7.5 37.5 12.5 7.5 25 25 25 12.5 37.5 25 42.5 37.5 37.5 
1 Juve 1.06076 0.36806 0.40774 141.97 84.18 25 25 12.5 12.5 25 7.5 37.5 12.5 7.5 25 42.5 25 12.5 37.5 25 42.5 37.5 37.5 
1 Juve 1.26201 0.44602 0.48623 147.8 90.6 37.5 37.5 12.5 12.5 25 7.5 37.5 12.5 7.5 25 25 25 42.5 25 12.5 37.5 25 42.5 
1 Juve 1.24101 0.43728 0.47908 142.37 84.4 42.5 25 12.5 12.5 25 7.5 37.5 12.5 7.5 25 25 25 12.5 37.5 25 42.5 37.5 37.5 
1 Juve 1.11659 0.3939 0.43348 148.08 90.2 7.5 25 12.5 12.5 25 7.5 37.5 12.5 25 25 42.5 25 12.5 37.5 25 42.5 37.5 37.5 
1 Juve 1.23273 0.43494 0.47165 143.96 89 25 25 12.5 12.5 25 7.5 37.5 12.5 7.5 25 42.5 25 12.5 37.5 25 42.5 37.5 37.5 
1 Juve 1.05759 0.37207 0.41106 150 91.2 25 7.5 12.5 12.5 37.5 12.5 7.5 25 25 25 42.5 25 12.5 37.5 25 42.5 37.5 37.5 
1 Juve 0.990995 0.34282 0.38553 149.38 86.2 25 42.5 12.5 12.5 25 7.5 37.5 12.5 7.5 25 25 25 42.5 25 12.5 37.5 37.5 37.5 
1 Juve 1.16119 0.40553 0.44744 154.79 94.8 12.5 12.5 25 7.5 37.5 12.5 7.5 25 25 25 42.5 25 12.5 37.5 25 42.5 37.5 37.5 
1 Juve 1.08666 0.38284 0.42949 158.33 96.8 25 42.5 12.5 12.5 25 7.5 37.5 12.5 7.5 25 25 25 42.5 25 12.5 37.5 37.5 37.5 
1 Juve 1.01978 0.35379 0.39699 151.22 88.4 37.5 12.5 12.5 12.5 25 7.5 7.5 25 25 25 42.5 25 12.5 37.5 25 42.5 37.5 37.5 
1 Juve 1.0384 0.36352 0.39991 142.29 83 7.5 25 12.5 12.5 25 7.5 37.5 12.5 25 25 42.5 25 12.5 37.5 25 42.5 37.5 37.5 
1 Juve 1.00718 0.3493 0.38585 146.5 88.6 37.5 12.5 12.5 12.5 25 7.5 7.5 25 25 25 42.5 25 12.5 37.5 25 42.5 37.5 37.5 
1 Juve 1.01782 0.35555 0.39577 161.77 96.8 7.5 25 12.5 12.5 25 7.5 37.5 12.5 25 25 42.5 25 12.5 37.5 25 42.5 37.5 37.5 
1 Juve 1.06768 0.37188 0.41168 143.35 87.2 12.5 12.5 25 7.5 37.5 12.5 7.5 25 25 25 42.5 25 12.5 37.5 25 42.5 37.5 37.5 
1 Juve 1.03937 0.36089 0.40061 149.13 87.4 37.5 12.5 12.5 12.5 25 7.5 7.5 25 25 25 42.5 25 12.5 37.5 25 42.5 37.5 37.5 
1 Juve 1.03071 0.3654 0.40568 149.6 86.6 12.5 37.5 12.5 12.5 25 7.5 37.5 12.5 7.5 25 25 25 42.5 25 25 42.5 37.5 37.5 
1 Juve 1.03633 0.36253 0.40603 154 93.6 25 7.5 12.5 12.5 37.5 12.5 7.5 25 25 25 42.5 25 12.5 37.5 25 42.5 37.5 37.5 
1 Juve 1.11307 0.39034 0.43034 149.97 89.6 12.5 37.5 12.5 12.5 25 7.5 37.5 12.5 7.5 25 25 25 42.5 25 25 42.5 37.5 37.5 
1 Juve 1.25509 0.44155 0.48568 157.12 91.2 42.5 25 12.5 12.5 25 7.5 37.5 12.5 7.5 25 25 25 12.5 37.5 25 42.5 37.5 37.5 
1 Juve 1.26101 0.44701 0.48765 155.15 95.4 25 42.5 12.5 12.5 25 7.5 37.5 12.5 7.5 25 25 25 42.5 25 12.5 37.5 37.5 37.5 
1 Juve 1.0884 0.3834 0.42168 161.23 93 25 42.5 12.5 12.5 25 7.5 37.5 12.5 7.5 25 25 25 42.5 25 12.5 37.5 37.5 37.5 
1 Juve 1.23183 0.43311 0.4732 163.71 98.6 25 7.5 12.5 12.5 37.5 12.5 7.5 25 25 25 42.5 25 12.5 37.5 25 42.5 37.5 37.5 
1 Juve 1.24423 0.44126 0.47889 162.34 99 7.5 25 12.5 12.5 25 7.5 37.5 12.5 25 25 42.5 25 12.5 37.5 25 42.5 37.5 37.5 
1 Juve 1.2633 0.44607 0.48644 159.68 95.8 12.5 12.5 25 7.5 37.5 12.5 7.5 25 25 25 42.5 25 12.5 37.5 25 42.5 37.5 37.5 
1 Juve 1.22156 0.42949 0.47039 144.08 88.4 37.5 12.5 12.5 12.5 25 7.5 7.5 25 25 25 42.5 25 12.5 37.5 25 42.5 37.5 37.5 
1 Juve 1.22069 0.43171 0.46886 153.51 91.6 7.5 25 12.5 12.5 25 7.5 37.5 12.5 25 25 42.5 25 12.5 37.5 25 42.5 37.5 37.5 
1 Juve 1.05862 0.36735 0.40926 149.53 90 37.5 37.5 12.5 12.5 25 7.5 37.5 12.5 7.5 25 25 25 42.5 25 12.5 37.5 25 42.5 
1 Juve 1.21994 0.43217 0.46792 160.53 99.8 7.5 25 12.5 12.5 25 7.5 37.5 12.5 25 25 42.5 25 12.5 37.5 25 42.5 37.5 37.5 
1 Juve 1.11067 0.38744 0.43054 162.01 94.4 37.5 37.5 12.5 12.5 25 7.5 37.5 12.5 7.5 25 25 25 42.5 25 12.5 37.5 25 42.5 
1 Juve 0.938929 0.3238 0.36619 150.33 89.8 12.5 37.5 12.5 12.5 25 7.5 37.5 12.5 7.5 25 25 25 42.5 25 25 42.5 37.5 37.5 
1 Juve 1.06958 0.3778 0.41579 151.42 93.2 25 25 12.5 12.5 25 7.5 37.5 12.5 7.5 25 42.5 25 12.5 37.5 25 42.5 37.5 37.5 
1 Juve 1.21445 0.42923 0.46736 149.8 91.4 25 25 12.5 12.5 25 7.5 37.5 12.5 7.5 25 42.5 25 12.5 37.5 25 42.5 37.5 37.5 
1 Juve 1.13963 0.4 0.43931 146.02 85.6 12.5 37.5 12.5 12.5 25 7.5 37.5 12.5 7.5 25 25 25 42.5 25 25 42.5 37.5 37.5 
1 Juve 1.22974 0.43319 0.47413 147.95 92.2 37.5 37.5 12.5 12.5 25 7.5 37.5 12.5 7.5 25 25 25 42.5 25 12.5 37.5 25 42.5 
1 Juve 1.03731 0.36089 0.40144 149.36 88.8 25 7.5 12.5 12.5 37.5 12.5 7.5 25 25 25 42.5 25 12.5 37.5 25 42.5 37.5 37.5 
1 Juve 1.28275 0.45101 0.49506 141.05 81 12.5 37.5 12.5 12.5 25 7.5 37.5 12.5 7.5 25 25 25 42.5 25 25 42.5 37.5 37.5 
1 Juve 1.06655 0.37622 0.41822 146.99 87 25 42.5 12.5 12.5 25 7.5 37.5 12.5 7.5 25 25 25 42.5 25 12.5 37.5 37.5 37.5 
1 Juve 1.08483 0.38355 0.42013 150.04 89.4 25 25 12.5 12.5 25 7.5 37.5 12.5 7.5 25 42.5 25 12.5 37.5 25 42.5 37.5 37.5 
1 Juve 1.26488 0.44763 0.48623 150.71 92.8 7.5 25 12.5 12.5 25 7.5 37.5 12.5 25 25 42.5 25 12.5 37.5 25 42.5 37.5 37.5 
1 Juve 1.24624 0.44059 0.4789 149.71 89.2 25 25 12.5 12.5 25 7.5 37.5 12.5 7.5 25 42.5 25 12.5 37.5 25 42.5 37.5 37.5 
1 Juve 1.06061 0.3699 0.41275 146.64 90.2 7.5 25 12.5 12.5 25 7.5 37.5 12.5 25 25 42.5 25 12.5 37.5 25 42.5 37.5 37.5 
1 Juve 1.23916 0.43728 0.4797 151.56 95.2 25 25 12.5 12.5 25 7.5 37.5 12.5 7.5 25 42.5 25 12.5 37.5 25 42.5 37.5 37.5 
1 Juve 1.20604 0.42805 0.46166 145.38 87.6 42.5 25 12.5 12.5 25 7.5 37.5 12.5 7.5 25 25 25 12.5 37.5 25 42.5 37.5 37.5 
1 Juve 1.22208 0.43203 0.47533 153.11 94.2 25 7.5 12.5 12.5 37.5 12.5 7.5 25 25 25 42.5 25 12.5 37.5 25 42.5 37.5 37.5 
1 Juve 1.21368 0.42748 0.4677 146.35 87.2 42.5 25 12.5 12.5 25 7.5 37.5 12.5 7.5 25 25 25 12.5 37.5 25 42.5 37.5 37.5 
1 Juve 1.10738 0.3895 0.43358 166.27 100.4 25 42.5 12.5 12.5 25 7.5 37.5 12.5 7.5 25 25 25 42.5 25 12.5 37.5 37.5 37.5 
1 Juve 1.21746 0.42946 0.46622 152.29 94 12.5 37.5 12.5 12.5 25 7.5 37.5 12.5 7.5 25 25 25 42.5 25 25 42.5 37.5 37.5 
1 Juve 1.24013 0.43864 0.47713 153.72 90.757 25 7.5 12.5 12.5 37.5 12.5 7.5 25 25 25 42.5 25 12.5 37.5 25 42.5 37.5 37.5 
1 Juve 1.20838 0.42525 0.46648 146.63 88.4 37.5 37.5 12.5 12.5 25 7.5 37.5 12.5 7.5 25 25 25 42.5 25 12.5 37.5 25 42.5 
1 Juve 1.27059 0.44781 0.48778 139.01 82.6 25 25 12.5 12.5 25 7.5 37.5 12.5 7.5 25 42.5 25 12.5 37.5 25 42.5 37.5 37.5 
1 Juve 1.22483 0.4327 0.47149 172.04 105.4 25 7.5 12.5 12.5 37.5 12.5 7.5 25 25 25 42.5 25 12.5 37.5 25 42.5 37.5 37.5 
1 Juve 1.20955 0.42626 0.4673 148.03 87.4 42.5 25 12.5 12.5 25 7.5 37.5 12.5 7.5 25 25 25 12.5 37.5 25 42.5 37.5 37.5 
1 Juve 1.00721 0.35214 0.38905 155.06 93.6 42.5 25 12.5 12.5 25 7.5 37.5 12.5 7.5 25 25 25 12.5 37.5 25 42.5 37.5 37.5 
1 Juve 1.21168 0.42721 0.46859 169.81 102.2 42.5 25 12.5 12.5 25 7.5 37.5 12.5 7.5 25 25 25 12.5 37.5 25 42.5 37.5 37.5 
1 Juve 1.17875 0.41597 0.45477 157.26 95.8 25 25 12.5 12.5 25 7.5 37.5 12.5 7.5 25 42.5 25 12.5 37.5 25 42.5 37.5 37.5 
1 Juve 1.25964 0.4437 0.48325 149.08 86.8 37.5 12.5 12.5 12.5 25 7.5 7.5 25 25 25 42.5 25 12.5 37.5 25 42.5 37.5 37.5 
1 Juve 1.24524 0.43786 0.48172 156.06 94.6 12.5 12.5 25 7.5 37.5 12.5 7.5 25 25 25 42.5 25 12.5 37.5 25 42.5 37.5 37.5 
1 Juve 1.06941 0.37968 0.41911 150.89 86.2 12.5 12.5 25 7.5 37.5 12.5 7.5 25 25 25 42.5 25 12.5 37.5 25 42.5 37.5 37.5 
1 Juve 1.281 0.45083 0.49441 156.32 93.8 25 42.5 12.5 12.5 25 7.5 37.5 12.5 7.5 25 25 25 42.5 25 12.5 37.5 37.5 37.5 
1 Juve 1.17871 0.41677 0.4551 141.27 84 25 42.5 12.5 12.5 25 7.5 37.5 12.5 7.5 25 25 25 42.5 25 12.5 37.5 37.5 37.5 
1 Juve 1.19891 0.42343 0.45978 145.42 87.8 12.5 37.5 12.5 12.5 25 7.5 37.5 12.5 7.5 25 25 25 42.5 25 25 42.5 37.5 37.5 
1 Juve 1.25157 0.44059 0.48271 163.98 99.2 12.5 37.5 12.5 12.5 25 7.5 37.5 12.5 7.5 25 25 25 42.5 25 25 42.5 37.5 37.5 
1 Juve 1.24331 0.43847 0.47644 158.97 92 25 7.5 12.5 12.5 37.5 12.5 7.5 25 25 25 42.5 25 12.5 37.5 25 42.5 37.5 37.5 
1 Juve 1.21803 0.43041 0.46568 155.69 90 42.5 25 12.5 12.5 25 7.5 37.5 12.5 7.5 25 25 25 12.5 37.5 25 42.5 37.5 37.5 
1 Juve 1.26051 0.44576 0.48521 140.34 83.4 12.5 37.5 12.5 12.5 25 7.5 37.5 12.5 7.5 25 25 25 42.5 25 25 42.5 37.5 37.5 
1 Juve 1.26412 0.44525 0.48621 150 94.6 25 25 12.5 12.5 25 7.5 37.5 12.5 7.5 25 42.5 25 12.5 37.5 25 42.5 37.5 37.5 
1 Juve 1.20513 0.42537 0.46495 152.22 92.4 7.5 25 12.5 12.5 25 7.5 37.5 12.5 25 25 42.5 25 12.5 37.5 25 42.5 37.5 37.5 
1 Juve 1.10253 0.38225 0.43135 155.82 96.2 25 25 12.5 12.5 25 7.5 37.5 12.5 7.5 25 42.5 25 12.5 37.5 25 42.5 37.5 37.5 
1 Juve 0.962054 0.33168 0.36946 133.96 78.612 25 7.5 12.5 12.5 37.5 12.5 7.5 25 25 25 42.5 25 12.5 37.5 25 42.5 37.5 37.5 
1 Juve 1.2195 0.42946 0.47228 149.78 90 37.5 12.5 12.5 12.5 25 7.5 7.5 25 25 25 42.5 25 12.5 37.5 25 42.5 37.5 37.5 
1 Juve 1.2363 0.43622 0.4747 149.05 86.4 42.5 25 12.5 12.5 25 7.5 37.5 12.5 7.5 25 25 25 12.5 37.5 25 42.5 37.5 37.5 
1 Juve 1.21801 0.43046 0.46489 156.74 92.2 12.5 12.5 25 7.5 37.5 12.5 7.5 25 25 25 42.5 25 12.5 37.5 25 42.5 37.5 37.5 
1 Juve 1.20637 0.42556 0.46437 159.3 93.6 37.5 12.5 12.5 12.5 25 7.5 7.5 25 25 25 42.5 25 12.5 37.5 25 42.5 37.5 37.5 
1 Juve 1.23473 0.43458 0.47488 155.33 93.6 7.5 25 12.5 12.5 25 7.5 37.5 12.5 25 25 42.5 25 12.5 37.5 25 42.5 37.5 37.5 
1 Juve 1.20914 0.42545 0.46394 151.14 90.6 7.5 25 12.5 12.5 25 7.5 37.5 12.5 25 25 42.5 25 12.5 37.5 25 42.5 37.5 37.5 
1 Juve 1.18262 0.41625 0.45363 153.33 91.2 12.5 37.5 12.5 12.5 25 7.5 37.5 12.5 7.5 25 25 25 42.5 25 25 42.5 37.5 37.5 
1 Juve 1.20675 0.42567 0.46089 160.42 94.6 37.5 37.5 12.5 12.5 25 7.5 37.5 12.5 7.5 25 25 25 42.5 25 12.5 37.5 25 42.5 
1 Juve 1.24326 0.43929 0.4786 138.43 81.4 12.5 37.5 12.5 12.5 25 7.5 37.5 12.5 7.5 25 25 25 42.5 25 25 42.5 37.5 37.5 
1 Juve 1.0664 0.3702 0.41296 132.52 79.8 7.5 25 12.5 12.5 25 7.5 37.5 12.5 25 25 42.5 25 12.5 37.5 25 42.5 37.5 37.5 
1 Juve 1.06999 0.37435 0.41849 152.66 89.4 37.5 37.5 12.5 12.5 25 7.5 37.5 12.5 7.5 25 25 25 42.5 25 12.5 37.5 25 42.5 
1 Juve 1.20876 0.42507 0.46648 160.46 99.4 12.5 12.5 25 7.5 37.5 12.5 7.5 25 25 25 42.5 25 12.5 37.5 25 42.5 37.5 37.5 
1 Juve 1.21789 0.43076 0.46678 161.37 101.2 12.5 37.5 12.5 12.5 25 7.5 37.5 12.5 7.5 25 25 25 42.5 25 25 42.5 37.5 37.5 
1 Juve 1.25621 0.44612 0.48657 145.47 86.2 37.5 12.5 12.5 12.5 25 7.5 7.5 25 25 25 42.5 25 12.5 37.5 25 42.5 37.5 37.5 
1 Juve 1.18805 0.41909 0.45618 148.25 88.4 42.5 25 12.5 12.5 25 7.5 37.5 12.5 7.5 25 25 25 12.5 37.5 25 42.5 37.5 37.5 
1 Juve 1.2436 0.43844 0.48032 149.01 88.8 7.5 25 12.5 12.5 25 7.5 37.5 12.5 25 25 42.5 25 12.5 37.5 25 42.5 37.5 37.5 
1 Juve 1.18853 0.41984 0.45775 161.99 100 37.5 12.5 12.5 12.5 25 7.5 7.5 25 25 25 42.5 25 12.5 37.5 25 42.5 37.5 37.5 
1 Juve 1.25589 0.44362 0.48243 148.82 90.2 25 7.5 12.5 12.5 37.5 12.5 7.5 25 25 25 42.5 25 12.5 37.5 25 42.5 37.5 37.5 
1 Juve 1.20731 0.42539 0.46481 142.58 87 25 42.5 12.5 12.5 25 7.5 37.5 12.5 7.5 25 25 25 42.5 25 12.5 37.5 37.5 37.5 
1 Juve 1.04708 0.36592 0.4033 146.8 93.189 42.5 25 12.5 12.5 25 7.5 37.5 12.5 7.5 25 25 25 12.5 37.5 25 42.5 37.5 37.5 
1 Juve 0.975029 0.3414 0.37669 145.34 85.282 37.5 12.5 12.5 12.5 25 7.5 7.5 25 25 25 42.5 25 12.5 37.5 25 42.5 37.5 37.5 
1 Juve 1.22839 0.43242 0.47284 148.77 89 7.5 25 12.5 12.5 25 7.5 37.5 12.5 25 25 42.5 25 12.5 37.5 25 42.5 37.5 37.5 
1 Juve 1.01502 0.35817 0.39056 145.82 86.2 25 25 12.5 12.5 25 7.5 37.5 12.5 7.5 25 42.5 25 12.5 37.5 25 42.5 37.5 37.5 
1 Juve 1.12228 0.39437 0.43764 146.82 89.4 12.5 37.5 12.5 12.5 25 7.5 37.5 12.5 7.5 25 25 25 42.5 25 25 42.5 37.5 37.5 
1 Juve 1.15326 0.40758 0.44814 157.77 98.6 37.5 37.5 12.5 12.5 25 7.5 37.5 12.5 7.5 25 25 25 42.5 25 12.5 37.5 25 42.5 
1 Juve 1.22536 0.43019 0.4738 152.68 94 37.5 12.5 12.5 12.5 25 7.5 7.5 25 25 25 42.5 25 12.5 37.5 25 42.5 37.5 37.5 
1 Juve 1.24785 0.44176 0.47909 152.97 86.588 25 7.5 12.5 12.5 37.5 12.5 7.5 25 25 25 42.5 25 12.5 37.5 25 42.5 37.5 37.5 
1 Juve 1.20038 0.42233 0.46311 149.16 90.2 12.5 12.5 25 7.5 37.5 12.5 7.5 25 25 25 42.5 25 12.5 37.5 25 42.5 37.5 37.5 
1 Juve 1.27423 0.4487 0.4923 160.25 92.354 37.5 12.5 12.5 12.5 25 7.5 7.5 25 25 25 42.5 25 12.5 37.5 25 42.5 37.5 37.5 
1 Juve 1.27445 0.4503 0.49027 143.13 83 42.5 25 12.5 12.5 25 7.5 37.5 12.5 7.5 25 25 25 12.5 37.5 25 42.5 37.5 37.5 
1 Juve 1.21783 0.42827 0.46773 149 90.8 12.5 12.5 25 7.5 37.5 12.5 7.5 25 25 25 42.5 25 12.5 37.5 25 42.5 37.5 37.5 
1 Juve 1.08199 0.37733 0.42083 167.09 93 37.5 12.5 12.5 12.5 25 7.5 7.5 25 25 25 42.5 25 12.5 37.5 25 42.5 37.5 37.5 
1 Juve 1.06018 0.37212 0.40734 148.55 88.6 25 42.5 12.5 12.5 25 7.5 37.5 12.5 7.5 25 25 25 42.5 25 12.5 37.5 37.5 37.5 
1 Juve 1.24258 0.43723 0.47575 140.93 87 12.5 37.5 12.5 12.5 25 7.5 37.5 12.5 7.5 25 25 25 42.5 25 25 42.5 37.5 37.5 
1 Juve 1.11948 0.39419 0.43476 150.21 87.4 7.5 25 12.5 12.5 25 7.5 37.5 12.5 25 25 42.5 25 12.5 37.5 25 42.5 37.5 37.5 
1 Juve 0.953872 0.32902 0.37241 161.37 97.8 12.5 37.5 12.5 12.5 25 7.5 37.5 12.5 7.5 25 25 25 42.5 25 25 42.5 37.5 37.5 
1 Juve 1.01722 0.35183 0.39235 152.48 92.6 7.5 25 12.5 12.5 25 7.5 37.5 12.5 25 25 42.5 25 12.5 37.5 25 42.5 37.5 37.5 
1 Juve 1.09732 0.38637 0.42784 145.11 84.8 37.5 12.5 12.5 12.5 25 7.5 7.5 25 25 25 42.5 25 12.5 37.5 25 42.5 37.5 37.5 
1 Juve 1.20613 0.42596 0.46354 159.23 98.4 37.5 37.5 12.5 12.5 25 7.5 37.5 12.5 7.5 25 25 25 42.5 25 12.5 37.5 25 42.5 
1 Juve 1.22351 0.43234 0.46979 144.06 85.2 25 42.5 12.5 12.5 25 7.5 37.5 12.5 7.5 25 25 25 42.5 25 12.5 37.5 37.5 37.5 
1 Juve 1.21843 0.43077 0.47027 140.68 83.4 25 42.5 12.5 12.5 25 7.5 37.5 12.5 7.5 25 25 25 42.5 25 12.5 37.5 37.5 37.5 
1 Juve 1.21559 0.43073 0.46936 159.64 96.6 12.5 37.5 12.5 12.5 25 7.5 37.5 12.5 7.5 25 25 25 42.5 25 25 42.5 37.5 37.5 
1 Juve 1.19725 0.42287 0.45792 148.74 91 25 42.5 12.5 12.5 25 7.5 37.5 12.5 7.5 25 25 25 42.5 25 12.5 37.5 37.5 37.5 
1 Juve 1.21375 0.42856 0.46586 136.37 80.6 12.5 37.5 12.5 12.5 25 7.5 37.5 12.5 7.5 25 25 25 42.5 25 25 42.5 37.5 37.5 
1 Juve 1.22744 0.43183 0.46972 149.83 89.8 25 25 12.5 12.5 25 7.5 37.5 12.5 7.5 25 42.5 25 12.5 37.5 25 42.5 37.5 37.5 
1 Juve 1.27248 0.44846 0.48776 152.82 92.2 42.5 25 12.5 12.5 25 7.5 37.5 12.5 7.5 25 25 25 12.5 37.5 25 42.5 37.5 37.5 
1 Juve 1.26606 0.4478 0.48715 154.93 88.6 12.5 37.5 12.5 12.5 25 7.5 37.5 12.5 7.5 25 25 25 42.5 25 25 42.5 37.5 37.5 
1 Juve 1.24668 0.44217 0.47617 154.61 94.8 25 25 12.5 12.5 25 7.5 37.5 12.5 7.5 25 42.5 25 12.5 37.5 25 42.5 37.5 37.5 
1 Juve 1.22854 0.43498 0.47607 138.34 82.2 25 7.5 12.5 12.5 37.5 12.5 7.5 25 25 25 42.5 25 12.5 37.5 25 42.5 37.5 37.5 
1 Juve 1.24241 0.43809 0.47961 162.17 94.6 25 7.5 12.5 12.5 37.5 12.5 7.5 25 25 25 42.5 25 12.5 37.5 25 42.5 37.5 37.5 
1 Juve 1.09033 0.3832 0.42422 145.88 85.4 7.5 25 12.5 12.5 25 7.5 37.5 12.5 25 25 42.5 25 12.5 37.5 25 42.5 37.5 37.5 
1 Juve 1.27831 0.45129 0.49179 162.68 99.2 25 42.5 12.5 12.5 25 7.5 37.5 12.5 7.5 25 25 25 42.5 25 12.5 37.5 37.5 37.5 
1 Juve 1.17433 0.41505 0.45018 142.26 84.2 25 25 12.5 12.5 25 7.5 37.5 12.5 7.5 25 42.5 25 12.5 37.5 25 42.5 37.5 37.5 
1 Juve 1.2329 0.43669 0.47288 159.91 93.727 25 42.5 12.5 12.5 25 7.5 37.5 12.5 7.5 25 25 25 42.5 25 12.5 37.5 37.5 37.5 
1 Juve 1.22967 0.43372 0.47268 151 89.6 7.5 25 12.5 12.5 25 7.5 37.5 12.5 25 25 42.5 25 12.5 37.5 25 42.5 37.5 37.5 
1 Juve 1.22629 0.43241 0.47371 156.28 90.6 42.5 25 12.5 12.5 25 7.5 37.5 12.5 7.5 25 25 25 12.5 37.5 25 42.5 37.5 37.5 
1 Juve 1.17638 0.4121 0.45273 146.06 94.2 37.5 37.5 12.5 12.5 25 7.5 37.5 12.5 7.5 25 25 25 42.5 25 12.5 37.5 25 42.5 
1 Juve 1.17639 0.41408 0.45275 141.28 84.2 12.5 37.5 12.5 12.5 25 7.5 37.5 12.5 7.5 25 25 25 42.5 25 25 42.5 37.5 37.5 
1 Juve 1.19152 0.41993 0.45701 143.93 86.2 37.5 12.5 12.5 12.5 25 7.5 7.5 25 25 25 42.5 25 12.5 37.5 25 42.5 37.5 37.5 
1 Juve 1.07428 0.3735 0.4151 140.96 85.2 25 42.5 12.5 12.5 25 7.5 37.5 12.5 7.5 25 25 25 42.5 25 12.5 37.5 37.5 37.5 
1 Juve 0.98321 0.34041 0.38016 154.99 90.333 37.5 37.5 12.5 12.5 25 7.5 37.5 12.5 7.5 25 25 25 42.5 25 12.5 37.5 25 42.5 
1 Juve 1.24425 0.43785 0.47704 160.36 98.2 12.5 37.5 12.5 12.5 25 7.5 37.5 12.5 7.5 25 25 25 42.5 25 25 42.5 37.5 37.5 
1 Juve 1.07674 0.38141 0.41702 158.63 90.414 25 7.5 12.5 12.5 37.5 12.5 7.5 25 25 25 42.5 25 12.5 37.5 25 42.5 37.5 37.5 
1 Juve 1.04259 0.36528 0.40483 156.38 90.6 12.5 37.5 12.5 12.5 25 7.5 37.5 12.5 7.5 25 25 25 42.5 25 25 42.5 37.5 37.5 
1 Juve 1.2342 0.43531 0.47645 150.35 90.8 37.5 37.5 12.5 12.5 25 7.5 37.5 12.5 7.5 25 25 25 42.5 25 12.5 37.5 25 42.5 
1 Juve 1.2216 0.43114 0.47071 149.46 89.2 37.5 12.5 12.5 12.5 25 7.5 7.5 25 25 25 42.5 25 12.5 37.5 25 42.5 37.5 37.5 
1 Juve 1.24779 0.44239 0.48161 152.12 91.2 25 25 12.5 12.5 25 7.5 37.5 12.5 7.5 25 42.5 25 12.5 37.5 25 42.5 37.5 37.5 
1 Juve 1.24332 0.44003 0.48085 173.1 111.6 37.5 37.5 12.5 12.5 25 7.5 37.5 12.5 7.5 25 25 25 42.5 25 12.5 37.5 25 42.5 
1 Juve 1.03457 0.36046 0.39912 150.88 89 37.5 12.5 12.5 12.5 25 7.5 7.5 25 25 25 42.5 25 12.5 37.5 25 42.5 37.5 37.5 
1 Juve 1.25063 0.44365 0.48431 160 93.84 25 7.5 12.5 12.5 37.5 12.5 7.5 25 25 25 42.5 25 12.5 37.5 25 42.5 37.5 37.5 
1 Juve 1.00682 0.34547 0.39468 178.23 108.9 37.5 37.5 12.5 12.5 25 7.5 37.5 12.5 7.5 25 25 25 42.5 25 12.5 37.5 25 42.5 
1 Juve 1.21448 0.42771 0.46971 150 93 42.5 25 12.5 12.5 25 7.5 37.5 12.5 7.5 25 25 25 12.5 37.5 25 42.5 37.5 37.5 
1 Juve 0.950955 0.32957 0.36839 148.24 87.8 25 42.5 12.5 12.5 25 7.5 37.5 12.5 7.5 25 25 25 42.5 25 12.5 37.5 37.5 37.5 
1 Juve 1.2341 0.43657 0.47602 164.32 94.6 12.5 37.5 12.5 12.5 25 7.5 37.5 12.5 7.5 25 25 25 42.5 25 25 42.5 37.5 37.5 
1 Juve 1.22773 0.43263 0.4721 157.37 89.403 37.5 37.5 12.5 12.5 25 7.5 37.5 12.5 7.5 25 25 25 42.5 25 12.5 37.5 25 42.5 
1 Juve 1.01342 0.35284 0.39693 147.9 91.4 25 25 12.5 12.5 25 7.5 37.5 12.5 7.5 25 42.5 25 12.5 37.5 25 42.5 37.5 37.5 
1 Juve 0.989788 0.34547 0.38589 155.52 93.2 7.5 25 12.5 12.5 25 7.5 37.5 12.5 25 25 42.5 25 12.5 37.5 25 42.5 37.5 37.5 
1 Juve 1.19619 0.42098 0.46214 145.02 84.8 7.5 25 12.5 12.5 25 7.5 37.5 12.5 25 25 42.5 25 12.5 37.5 25 42.5 37.5 37.5 
1 Juve 1.20825 0.42517 0.46207 142.48 83.2 12.5 37.5 12.5 12.5 25 7.5 37.5 12.5 7.5 25 25 25 42.5 25 25 42.5 37.5 37.5 
1 Juve 1.21135 0.42658 0.46549 152.05 88.503 42.5 25 12.5 12.5 25 7.5 37.5 12.5 7.5 25 25 25 12.5 37.5 25 42.5 37.5 37.5 
1 Juve 1.18506 0.41943 0.45812 148.63 83 37.5 12.5 12.5 12.5 25 7.5 7.5 25 25 25 42.5 25 12.5 37.5 25 42.5 37.5 37.5 
1 Juve 1.23526 0.43691 0.47576 142.84 81.601 25 42.5 12.5 12.5 25 7.5 37.5 12.5 7.5 25 25 25 42.5 25 12.5 37.5 37.5 37.5 
1 Juve 1.23179 0.43569 0.47345 136.66 82 42.5 25 12.5 12.5 25 7.5 37.5 12.5 7.5 25 25 25 12.5 37.5 25 42.5 37.5 37.5 
1 Juve 1.23849 0.43775 0.47381 139.47 85 12.5 37.5 12.5 12.5 25 7.5 37.5 12.5 7.5 25 25 25 42.5 25 25 42.5 37.5 37.5 
1 Juve 1.19547 0.42082 0.46162 150.27 89.2 7.5 25 12.5 12.5 25 7.5 37.5 12.5 25 25 42.5 25 12.5 37.5 25 42.5 37.5 37.5 
1 Juve 1.22437 0.4305 0.47179 162.2 96 25 25 12.5 12.5 25 7.5 37.5 12.5 7.5 25 42.5 25 12.5 37.5 25 42.5 37.5 37.5 
1 Juve 1.21334 0.43077 0.46688 165.1 100.8 12.5 37.5 12.5 12.5 25 7.5 37.5 12.5 7.5 25 25 25 42.5 25 25 42.5 37.5 37.5 
1 Juve 1.14668 0.40229 0.44257 154.67 88.8 25 42.5 12.5 12.5 25 7.5 37.5 12.5 7.5 25 25 25 42.5 25 12.5 37.5 37.5 37.5 
1 Juve 1.20636 0.42587 0.46449 167.99 97.2 12.5 12.5 25 7.5 37.5 12.5 7.5 25 25 25 42.5 25 12.5 37.5 25 42.5 37.5 37.5 
1 Juve 1.238 0.43666 0.4757 159.82 93.6 42.5 25 12.5 12.5 25 7.5 37.5 12.5 7.5 25 25 25 12.5 37.5 25 42.5 37.5 37.5 
1 Juve 1.22231 0.43151 0.47087 154.19 94 12.5 12.5 25 7.5 37.5 12.5 7.5 25 25 25 42.5 25 12.5 37.5 25 42.5 37.5 37.5 
1 Juve 1.04338 0.36617 0.40655 150.18 87.8 12.5 37.5 12.5 12.5 25 7.5 37.5 12.5 7.5 25 25 25 42.5 25 25 42.5 37.5 37.5 
1 Juve 1.1374 0.40203 0.43841 149.82 89.4 12.5 37.5 12.5 12.5 25 7.5 37.5 12.5 7.5 25 25 25 42.5 25 25 42.5 37.5 37.5 
1 Juve 1.19289 0.42074 0.45991 157.17 96.4 12.5 12.5 25 7.5 37.5 12.5 7.5 25 25 25 42.5 25 12.5 37.5 25 42.5 37.5 37.5 
1 Juve 1.2777 0.45113 0.49264 168.13 108.34 25 42.5 12.5 12.5 25 7.5 37.5 12.5 7.5 25 25 25 42.5 25 12.5 37.5 37.5 37.5 
1 Juve 1.25738 0.44589 0.48648 149.27 87 37.5 12.5 12.5 12.5 25 7.5 7.5 25 25 25 42.5 25 12.5 37.5 25 42.5 37.5 37.5 
1 Juve 1.23989 0.4371 0.47906 141.81 86.4 25 42.5 12.5 12.5 25 7.5 37.5 12.5 7.5 25 25 25 42.5 25 12.5 37.5 37.5 37.5 
1 Juve 1.12426 0.39742 0.43503 159.63 96 25 25 12.5 12.5 25 7.5 37.5 12.5 7.5 25 42.5 25 12.5 37.5 25 42.5 37.5 37.5 
1 Juve 1.09015 0.38316 0.42621 159.56 95.6 12.5 12.5 25 7.5 37.5 12.5 7.5 25 25 25 42.5 25 12.5 37.5 25 42.5 37.5 37.5 
1 Juve 1.2858 0.45481 0.49651 142.51 83.4 37.5 12.5 12.5 12.5 25 7.5 7.5 25 25 25 42.5 25 12.5 37.5 25 42.5 37.5 37.5 
1 Juve 1.27667 0.45224 0.4929 158.62 96.8 12.5 37.5 12.5 12.5 25 7.5 37.5 12.5 7.5 25 25 25 42.5 25 25 42.5 37.5 37.5 
1 Juve 1.20437 0.42356 0.46465 155.63 92.595 25 7.5 12.5 12.5 37.5 12.5 7.5 25 25 25 42.5 25 12.5 37.5 25 42.5 37.5 37.5 
1 Juve 1.25091 0.44238 0.48064 150.3 88.4 42.5 25 12.5 12.5 25 7.5 37.5 12.5 7.5 25 25 25 12.5 37.5 25 42.5 37.5 37.5 
1 Juve 1.19055 0.41832 0.45741 139.14 78.799 25 25 12.5 12.5 25 7.5 37.5 12.5 7.5 25 42.5 25 12.5 37.5 25 42.5 37.5 37.5 
1 Juve 1.09648 0.38406 0.42426 167.48 108 7.5 25 12.5 12.5 25 7.5 37.5 12.5 25 25 42.5 25 12.5 37.5 25 42.5 37.5 37.5 
1 Juve 1.18749 0.41946 0.45762 150.36 90.2 25 42.5 12.5 12.5 25 7.5 37.5 12.5 7.5 25 25 25 42.5 25 12.5 37.5 37.5 37.5 
1 Juve 1.09576 0.38701 0.42223 143.39 84.6 25 25 12.5 12.5 25 7.5 37.5 12.5 7.5 25 42.5 25 12.5 37.5 25 42.5 37.5 37.5 
1 Juve 1.04821 0.36938 0.40796 143.05 86 37.5 12.5 12.5 12.5 25 7.5 7.5 25 25 25 42.5 25 12.5 37.5 25 42.5 37.5 37.5 
1 Juve 1.06074 0.3726 0.41099 147.89 89.2 12.5 12.5 25 7.5 37.5 12.5 7.5 25 25 25 42.5 25 12.5 37.5 25 42.5 37.5 37.5 
1 Juve 1.06369 0.37722 0.42022 159.97 94.2 37.5 12.5 12.5 12.5 25 7.5 7.5 25 25 25 42.5 25 12.5 37.5 25 42.5 37.5 37.5 
1 Juve 1.10133 0.38644 0.42978 157.9 92 42.5 25 12.5 12.5 25 7.5 37.5 12.5 7.5 25 25 25 12.5 37.5 25 42.5 37.5 37.5 
1 Juve 1.04444 0.36239 0.40121 131.94 78.2 37.5 37.5 12.5 12.5 25 7.5 37.5 12.5 7.5 25 25 25 42.5 25 12.5 37.5 25 42.5 
1 Juve 1.12305 0.39661 0.43813 144.54 87.6 7.5 25 12.5 12.5 25 7.5 37.5 12.5 25 25 42.5 25 12.5 37.5 25 42.5 37.5 37.5 
1 Juve 1.05335 0.37187 0.4084 151.79 89.4 7.5 25 12.5 12.5 25 7.5 37.5 12.5 25 25 42.5 25 12.5 37.5 25 42.5 37.5 37.5 
1 Juve 1.12185 0.39257 0.43443 174.71 107.6 7.5 25 12.5 12.5 25 7.5 37.5 12.5 25 25 42.5 25 12.5 37.5 25 42.5 37.5 37.5 
1 Juve 1.10992 0.39199 0.42974 147.49 83.948 37.5 12.5 12.5 12.5 25 7.5 7.5 25 25 25 42.5 25 12.5 37.5 25 42.5 37.5 37.5 
1 Juve 1.07782 0.37733 0.42184 178.93 115.4 12.5 37.5 12.5 12.5 25 7.5 37.5 12.5 7.5 25 25 25 42.5 25 25 42.5 37.5 37.5 
1 Juve 1.08972 0.37993 0.42294 161.19 96.4 25 7.5 12.5 12.5 37.5 12.5 7.5 25 25 25 42.5 25 12.5 37.5 25 42.5 37.5 37.5 
1 Juve 1.24379 0.43834 0.48185 155.55 94.4 25 42.5 12.5 12.5 25 7.5 37.5 12.5 7.5 25 25 25 42.5 25 12.5 37.5 37.5 37.5 
1 Juve 0.953195 0.32888 0.3679 142.67 85 12.5 37.5 12.5 12.5 25 7.5 37.5 12.5 7.5 25 25 25 42.5 25 25 42.5 37.5 37.5 
1 Juve 1.25577 0.44406 0.48135 151.79 85.8 42.5 25 12.5 12.5 25 7.5 37.5 12.5 7.5 25 25 25 12.5 37.5 25 42.5 37.5 37.5 
1 Juve 1.21716 0.42981 0.46861 150.46 89.6 7.5 25 12.5 12.5 25 7.5 37.5 12.5 25 25 42.5 25 12.5 37.5 25 42.5 37.5 37.5 
1 Juve 1.08847 0.38134 0.42118 149.97 92.8 12.5 12.5 25 7.5 37.5 12.5 7.5 25 25 25 42.5 25 12.5 37.5 25 42.5 37.5 37.5 
1 Juve 1.08227 0.38103 0.41623 149.24 86.4 12.5 12.5 25 7.5 37.5 12.5 7.5 25 25 25 42.5 25 12.5 37.5 25 42.5 37.5 37.5 
1 Juve 1.10897 0.39064 0.4282 160.35 92 12.5 12.5 25 7.5 37.5 12.5 7.5 25 25 25 42.5 25 12.5 37.5 25 42.5 37.5 37.5 
1 Juve 1.09957 0.38744 0.42752 142.51 82.8 25 25 12.5 12.5 25 7.5 37.5 12.5 7.5 25 42.5 25 12.5 37.5 25 42.5 37.5 37.5 
1 Juve 1.15034 0.40186 0.44516 174.65 102.2 25 7.5 12.5 12.5 37.5 12.5 7.5 25 25 25 42.5 25 12.5 37.5 25 42.5 37.5 37.5 
1 Juve 1.13137 0.39796 0.43837 150.45 90.6 25 42.5 12.5 12.5 25 7.5 37.5 12.5 7.5 25 25 25 42.5 25 12.5 37.5 37.5 37.5 
1 Juve 1.20657 0.42513 0.46373 146.92 87.8 37.5 12.5 12.5 12.5 25 7.5 7.5 25 25 25 42.5 25 12.5 37.5 25 42.5 37.5 37.5 
1 Juve 1.08211 0.37847 0.42261 160.05 96 25 7.5 12.5 12.5 37.5 12.5 7.5 25 25 25 42.5 25 12.5 37.5 25 42.5 37.5 37.5 
1 Juve 1.25428 0.44273 0.48628 135.27 79 12.5 12.5 25 7.5 37.5 12.5 7.5 25 25 25 42.5 25 12.5 37.5 25 42.5 37.5 37.5 
1 Juve 1.29097 0.45309 0.49262 134.53 81 25 25 12.5 12.5 25 7.5 37.5 12.5 7.5 25 42.5 25 12.5 37.5 25 42.5 37.5 37.5 
1 Juve 1.05044 0.36889 0.40863 153.45 91.6 7.5 25 12.5 12.5 25 7.5 37.5 12.5 25 25 42.5 25 12.5 37.5 25 42.5 37.5 37.5 
1 Juve 1.21545 0.42929 0.46956 150.98 88.4 12.5 37.5 12.5 12.5 25 7.5 37.5 12.5 7.5 25 25 25 42.5 25 25 42.5 37.5 37.5 
1 Juve 1.12824 0.39768 0.43624 159.63 99.8 37.5 12.5 12.5 12.5 25 7.5 7.5 25 25 25 42.5 25 12.5 37.5 25 42.5 37.5 37.5 
1 Juve 1.18121 0.41652 0.45591 144.61 84.8 7.5 25 12.5 12.5 25 7.5 37.5 12.5 25 25 42.5 25 12.5 37.5 25 42.5 37.5 37.5 
1 Juve 1.09037 0.38177 0.42437 144.64 84.264 7.5 25 12.5 12.5 25 7.5 37.5 12.5 25 25 42.5 25 12.5 37.5 25 42.5 37.5 37.5 
1 Juve 1.23416 0.43579 0.47382 149.21 88.8 25 7.5 12.5 12.5 37.5 12.5 7.5 25 25 25 42.5 25 12.5 37.5 25 42.5 37.5 37.5 
1 Juve 1.21107 0.43007 0.46924 140.28 85 25 42.5 12.5 12.5 25 7.5 37.5 12.5 7.5 25 25 25 42.5 25 12.5 37.5 37.5 37.5 
1 Juve 1.06383 0.37489 0.41232 156.29 97 12.5 37.5 12.5 12.5 25 7.5 37.5 12.5 7.5 25 25 25 42.5 25 25 42.5 37.5 37.5 
1 Juve 1.07442 0.37774 0.41846 138.94 81 37.5 37.5 12.5 12.5 25 7.5 37.5 12.5 7.5 25 25 25 42.5 25 12.5 37.5 25 42.5 
1 Juve 1.18633 0.41671 0.45759 148.59 87.4 25 7.5 12.5 12.5 37.5 12.5 7.5 25 25 25 42.5 25 12.5 37.5 25 42.5 37.5 37.5 
1 Juve 1.14968 0.40546 0.44725 154.15 90.2 42.5 25 12.5 12.5 25 7.5 37.5 12.5 7.5 25 25 25 12.5 37.5 25 42.5 37.5 37.5 
1 Juve 1.25074 0.4399 0.47994 159.7 98.54 12.5 37.5 12.5 12.5 25 7.5 37.5 12.5 7.5 25 25 25 42.5 25 25 42.5 37.5 37.5 
1 Juve 1.06667 0.37832 0.41864 164.35 101.2 25 42.5 12.5 12.5 25 7.5 37.5 12.5 7.5 25 25 25 42.5 25 12.5 37.5 37.5 37.5 
1 Juve 1.15851 0.40821 0.44729 153.58 90.4 37.5 12.5 12.5 12.5 25 7.5 7.5 25 25 25 42.5 25 12.5 37.5 25 42.5 37.5 37.5 
1 Juve 0.965157 0.33822 0.37062 135.93 79 25 7.5 12.5 12.5 37.5 12.5 7.5 25 25 25 42.5 25 12.5 37.5 25 42.5 37.5 37.5 
