1 RRT 4.85746 0.39437 4.1923 563.54 351.31 41.5 8.5 8.5 8.5 18 8.5 32 8.5 8.5 20 19.5 20 30.5 20 41.5 20 8.5 30 19.5 30 30.5 30 41.5 30 8.5 41 18 41 32 41 41.5 41 
1 RRT 4.50828 0.45964 3.7266 552.13 351.32 32 8.5 8.5 8.5 18 8.5 41.5 8.5 8.5 20 19.5 20 30.5 20 41.5 20 8.5 30 19.5 30 30.5 30 41.5 30 8.5 41 18 41 32 41 41.5 41 
1 RRT 3.81488 0.37698 3.1665 338.33 215.15 32 8.5 8.5 8.5 18 8.5 41.5 8.5 8.5 20 19.5 20 30.5 20 41.5 20 8.5 30 19.5 30 30.5 30 41.5 30 8.5 41 18 41 32 41 41.5 41 
1 RRT 2.85749 0.39775 2.1708 439.86 278.8 18 41 8.5 8.5 18 8.5 32 8.5 41.5 8.5 8.5 20 19.5 20 30.5 20 41.5 20 8.5 30 19.5 30 30.5 30 41.5 30 8.5 41 32 41 41.5 41 
1 RRT 4.08558 0.37025 3.4573 396.5 261.19 8.5 41 8.5 8.5 18 8.5 32 8.5 41.5 8.5 8.5 20 19.5 20 30.5 20 41.5 20 8.5 30 19.5 30 30.5 30 41.5 30 18 41 32 41 41.5 41 
1 RRT 2.88577 0.34358 2.2974 366.75 263.08 41.5 41 8.5 8.5 18 8.5 32 8.5 41.5 8.5 8.5 20 19.5 20 30.5 20 41.5 20 8.5 30 19.5 30 30.5 30 41.5 30 8.5 41 18 41 32 41 
0 RRT 10.7767 0.45557 10.002 0 -1 41.5 20 8.5 8.5 18 8.5 32 8.5 41.5 8.5 8.5 20 19.5 20 30.5 20 8.5 30 19.5 30 30.5 30 41.5 30 8.5 41 18 41 32 41 41.5 41 
1 RRT 2.6652 0.34642 2.0703 396.15 235.12 8.5 30 8.5 8.5 18 8.5 32 8.5 41.5 8.5 8.5 20 19.5 20 30.5 20 41.5 20 19.5 30 30.5 30 41.5 30 8.5 41 18 41 32 41 41.5 41 
1 RRT 2.43306 0.34682 1.8366 564.18 337.43 18 41 8.5 8.5 18 8.5 32 8.5 41.5 8.5 8.5 20 19.5 20 30.5 20 41.5 20 8.5 30 19.5 30 30.5 30 41.5 30 8.5 41 32 41 41.5 41 
1 RRT 4.55322 0.36043 3.9366 602.74 424.39 41.5 41 8.5 8.5 18 8.5 32 8.5 41.5 8.5 8.5 20 19.5 20 30.5 20 41.5 20 8.5 30 19.5 30 30.5 30 41.5 30 8.5 41 18 41 32 41 
1 RRT 4.09738 0.36988 3.4635 345.95 217.91 19.5 30 8.5 8.5 18 8.5 32 8.5 41.5 8.5 8.5 20 19.5 20 30.5 20 41.5 20 8.5 30 30.5 30 41.5 30 8.5 41 18 41 32 41 41.5 41 
1 RRT 1.98772 0.37378 1.3425 450.07 289.25 18 8.5 8.5 8.5 32 8.5 41.5 8.5 8.5 20 19.5 20 30.5 20 41.5 20 8.5 30 19.5 30 30.5 30 41.5 30 8.5 41 18 41 32 41 41.5 41 
1 RRT 2.3647 0.34595 1.7694 562.52 341.06 30.5 30 8.5 8.5 18 8.5 32 8.5 41.5 8.5 8.5 20 19.5 20 30.5 20 41.5 20 8.5 30 19.5 30 41.5 30 8.5 41 18 41 32 41 41.5 41 
1 RRT 4.76329 0.46561 3.9811 420.45 266.88 8.5 20 8.5 8.5 18 8.5 32 8.5 41.5 8.5 19.5 20 30.5 20 41.5 20 8.5 30 19.5 30 30.5 30 41.5 30 8.5 41 18 41 32 41 41.5 41 
1 RRT 1.99875 0.34834 1.4023 506.36 338.97 18 8.5 8.5 8.5 32 8.5 41.5 8.5 8.5 20 19.5 20 30.5 20 41.5 20 8.5 30 19.5 30 30.5 30 41.5 30 8.5 41 18 41 32 41 41.5 41 
1 RRT 2.23409 0.37666 1.579 427.64 283.69 18 8.5 8.5 8.5 32 8.5 41.5 8.5 8.5 20 19.5 20 30.5 20 41.5 20 8.5 30 19.5 30 30.5 30 41.5 30 8.5 41 18 41 32 41 41.5 41 
1 RRT 2.67108 0.36624 2.0447 501.64 326.14 19.5 20 8.5 8.5 18 8.5 32 8.5 41.5 8.5 8.5 20 30.5 20 41.5 20 8.5 30 19.5 30 30.5 30 41.5 30 8.5 41 18 41 32 41 41.5 41 
0 RRT 10.6159 0.36001 10.001 0 -1 32 41 8.5 8.5 18 8.5 32 8.5 41.5 8.5 8.5 20 19.5 20 30.5 20 41.5 20 8.5 30 19.5 30 30.5 30 41.5 30 8.5 41 18 41 41.5 41 
1 RRT 3.52814 0.35955 2.9098 430.68 284.99 41.5 20 8.5 8.5 18 8.5 32 8.5 41.5 8.5 8.5 20 19.5 20 30.5 20 8.5 30 19.5 30 30.5 30 41.5 30 8.5 41 18 41 32 41 41.5 41 
1 RRT 4.82834 0.35865 4.2121 532.59 366.29 8.5 8.5 18 8.5 32 8.5 41.5 8.5 8.5 20 19.5 20 30.5 20 41.5 20 8.5 30 19.5 30 30.5 30 41.5 30 8.5 41 18 41 32 41 41.5 41 
1 RRT 5.90126 0.35064 5.297 413.46 279.78 41.5 41 8.5 8.5 18 8.5 32 8.5 41.5 8.5 8.5 20 19.5 20 30.5 20 41.5 20 8.5 30 19.5 30 30.5 30 41.5 30 8.5 41 18 41 32 41 
1 RRT 4.04103 0.36784 3.4112 573.41 370.27 8.5 30 8.5 8.5 18 8.5 32 8.5 41.5 8.5 8.5 20 19.5 20 30.5 20 41.5 20 19.5 30 30.5 30 41.5 30 8.5 41 18 41 32 41 41.5 41 
1 RRT 1.44239 0.35951 0.82758 341.58 198.95 8.5 8.5 18 8.5 32 8.5 41.5 8.5 8.5 20 19.5 20 30.5 20 41.5 20 8.5 30 19.5 30 30.5 30 41.5 30 8.5 41 18 41 32 41 41.5 41 
1 RRT 2.84037 0.3559 2.2293 505.99 341.68 41.5 41 8.5 8.5 18 8.5 32 8.5 41.5 8.5 8.5 20 19.5 20 30.5 20 41.5 20 8.5 30 19.5 30 30.5 30 41.5 30 8.5 41 18 41 32 41 
1 RRT 4.05903 0.36246 3.4402 396.07 260.12 41.5 8.5 8.5 8.5 18 8.5 32 8.5 8.5 20 19.5 20 30.5 20 41.5 20 8.5 30 19.5 30 30.5 30 41.5 30 8.5 41 18 41 32 41 41.5 41 
0 RRT 10.6913 0.36298 10.07 0 -1 32 41 8.5 8.5 18 8.5 32 8.5 41.5 8.5 8.5 20 19.5 20 30.5 20 41.5 20 8.5 30 19.5 30 30.5 30 41.5 30 8.5 41 18 41 41.5 41 
1 RRT 1.79098 0.35459 1.1821 539.52 330.14 18 41 8.5 8.5 18 8.5 32 8.5 41.5 8.5 8.5 20 19.5 20 30.5 20 41.5 20 8.5 30 19.5 30 30.5 30 41.5 30 8.5 41 32 41 41.5 41 
1 RRT 2.11379 0.35445 1.5053 327.69 216.94 8.5 20 8.5 8.5 18 8.5 32 8.5 41.5 8.5 19.5 20 30.5 20 41.5 20 8.5 30 19.5 30 30.5 30 41.5 30 8.5 41 18 41 32 41 41.5 41 
0 RRT 10.6207 0.36196 10 0 -1 19.5 20 8.5 8.5 18 8.5 32 8.5 41.5 8.5 8.5 20 30.5 20 41.5 20 8.5 30 19.5 30 30.5 30 41.5 30 8.5 41 18 41 32 41 41.5 41 
1 RRT 2.17927 0.36159 1.5604 340.05 200.92 32 41 8.5 8.5 18 8.5 32 8.5 41.5 8.5 8.5 20 19.5 20 30.5 20 41.5 20 8.5 30 19.5 30 30.5 30 41.5 30 8.5 41 18 41 41.5 41 
1 RRT 2.98132 0.37774 2.3405 357.58 236.64 19.5 30 8.5 8.5 18 8.5 32 8.5 41.5 8.5 8.5 20 19.5 20 30.5 20 41.5 20 8.5 30 30.5 30 41.5 30 8.5 41 18 41 32 41 41.5 41 
1 RRT 3.09742 0.36931 2.4681 449.93 306.66 32 41 8.5 8.5 18 8.5 32 8.5 41.5 8.5 8.5 20 19.5 20 30.5 20 41.5 20 8.5 30 19.5 30 30.5 30 41.5 30 8.5 41 18 41 41.5 41 
1 RRT 2.90467 0.35082 2.3045 531.28 347.27 30.5 30 8.5 8.5 18 8.5 32 8.5 41.5 8.5 8.5 20 19.5 20 30.5 20 41.5 20 8.5 30 19.5 30 41.5 30 8.5 41 18 41 32 41 41.5 41 
1 RRT 2.94394 0.34622 2.3534 372.86 228.12 8.5 30 8.5 8.5 18 8.5 32 8.5 41.5 8.5 8.5 20 19.5 20 30.5 20 41.5 20 19.5 30 30.5 30 41.5 30 8.5 41 18 41 32 41 41.5 41 
1 RRT 2.06271 0.36344 1.4402 411.98 276.88 8.5 20 8.5 8.5 18 8.5 32 8.5 41.5 8.5 19.5 20 30.5 20 41.5 20 8.5 30 19.5 30 30.5 30 41.5 30 8.5 41 18 41 32 41 41.5 41 
1 RRT 2.74128 0.36129 2.1221 504.69 323.39 32 8.5 8.5 8.5 18 8.5 41.5 8.5 8.5 20 19.5 20 30.5 20 41.5 20 8.5 30 19.5 30 30.5 30 41.5 30 8.5 41 18 41 32 41 41.5 41 
1 RRT 2.19105 0.37071 1.5559 297.61 207.72 19.5 20 8.5 8.5 18 8.5 32 8.5 41.5 8.5 8.5 20 30.5 20 41.5 20 8.5 30 19.5 30 30.5 30 41.5 30 8.5 41 18 41 32 41 41.5 41 
1 RRT 4.16378 0.36074 3.5444 421.52 275.23 8.5 8.5 18 8.5 32 8.5 41.5 8.5 8.5 20 19.5 20 30.5 20 41.5 20 8.5 30 19.5 30 30.5 30 41.5 30 8.5 41 18 41 32 41 41.5 41 
1 RRT 8.8246 0.36221 8.2035 555.56 370.22 8.5 8.5 18 8.5 32 8.5 41.5 8.5 8.5 20 19.5 20 30.5 20 41.5 20 8.5 30 19.5 30 30.5 30 41.5 30 8.5 41 18 41 32 41 41.5 41 
1 RRT 1.45384 0.36053 0.8363 374.28 241.25 32 41 8.5 8.5 18 8.5 32 8.5 41.5 8.5 8.5 20 19.5 20 30.5 20 41.5 20 8.5 30 19.5 30 30.5 30 41.5 30 8.5 41 18 41 41.5 41 
1 RRT 1.25677 0.35342 0.64921 352.12 209.18 18 8.5 8.5 8.5 32 8.5 41.5 8.5 8.5 20 19.5 20 30.5 20 41.5 20 8.5 30 19.5 30 30.5 30 41.5 30 8.5 41 18 41 32 41 41.5 41 
1 RRT 2.83806 0.37688 2.1957 458.84 287.4 8.5 30 8.5 8.5 18 8.5 32 8.5 41.5 8.5 8.5 20 19.5 20 30.5 20 41.5 20 19.5 30 30.5 30 41.5 30 8.5 41 18 41 32 41 41.5 41 
1 RRT 3.0609 0.35773 2.4504 347.23 228.14 8.5 8.5 18 8.5 32 8.5 41.5 8.5 8.5 20 19.5 20 30.5 20 41.5 20 8.5 30 19.5 30 30.5 30 41.5 30 8.5 41 18 41 32 41 41.5 41 
1 RRT 2.5713 0.35359 1.9644 441.89 304.7 19.5 20 8.5 8.5 18 8.5 32 8.5 41.5 8.5 8.5 20 30.5 20 41.5 20 8.5 30 19.5 30 30.5 30 41.5 30 8.5 41 18 41 32 41 41.5 41 
1 RRT 1.63516 0.36635 1.007 355.92 230.99 18 41 8.5 8.5 18 8.5 32 8.5 41.5 8.5 8.5 20 19.5 20 30.5 20 41.5 20 8.5 30 19.5 30 30.5 30 41.5 30 8.5 41 32 41 41.5 41 
1 RRT 3.93595 0.36634 3.307 416.82 292.23 8.5 41 8.5 8.5 18 8.5 32 8.5 41.5 8.5 8.5 20 19.5 20 30.5 20 41.5 20 8.5 30 19.5 30 30.5 30 41.5 30 18 41 32 41 41.5 41 
1 RRT 3.41521 0.46672 2.6211 532.2 378.28 19.5 20 8.5 8.5 18 8.5 32 8.5 41.5 8.5 8.5 20 30.5 20 41.5 20 8.5 30 19.5 30 30.5 30 41.5 30 8.5 41 18 41 32 41 41.5 41 
1 RRT 2.16915 0.36149 1.552 338.86 228.99 8.5 41 8.5 8.5 18 8.5 32 8.5 41.5 8.5 8.5 20 19.5 20 30.5 20 41.5 20 8.5 30 19.5 30 30.5 30 41.5 30 18 41 32 41 41.5 41 
1 RRT 1.33297 0.35746 0.71844 345.78 221.17 19.5 30 8.5 8.5 18 8.5 32 8.5 41.5 8.5 8.5 20 19.5 20 30.5 20 41.5 20 8.5 30 30.5 30 41.5 30 8.5 41 18 41 32 41 41.5 41 
1 RRT 1.28173 0.36253 0.65869 340.85 235.65 8.5 41 8.5 8.5 18 8.5 32 8.5 41.5 8.5 8.5 20 19.5 20 30.5 20 41.5 20 8.5 30 19.5 30 30.5 30 41.5 30 18 41 32 41 41.5 41 
1 RRT 4.61774 0.37168 3.9821 394.47 249.18 18 41 8.5 8.5 18 8.5 32 8.5 41.5 8.5 8.5 20 19.5 20 30.5 20 41.5 20 8.5 30 19.5 30 30.5 30 41.5 30 8.5 41 32 41 41.5 41 
1 RRT 3.2708 0.36085 2.6573 413.57 283.1 32 8.5 8.5 8.5 18 8.5 41.5 8.5 8.5 20 19.5 20 30.5 20 41.5 20 8.5 30 19.5 30 30.5 30 41.5 30 8.5 41 18 41 32 41 41.5 41 
0 RRT 10.6275 0.36663 10.002 0 -1 30.5 20 8.5 8.5 18 8.5 32 8.5 41.5 8.5 8.5 20 19.5 20 41.5 20 8.5 30 19.5 30 30.5 30 41.5 30 8.5 41 18 41 32 41 41.5 41 
1 RRT 3.52719 0.36711 2.8969 547.1 384.57 8.5 30 8.5 8.5 18 8.5 32 8.5 41.5 8.5 8.5 20 19.5 20 30.5 20 41.5 20 19.5 30 30.5 30 41.5 30 8.5 41 18 41 32 41 41.5 41 
1 RRT 4.94834 0.36891 4.3211 323.64 225.36 30.5 20 8.5 8.5 18 8.5 32 8.5 41.5 8.5 8.5 20 19.5 20 41.5 20 8.5 30 19.5 30 30.5 30 41.5 30 8.5 41 18 41 32 41 41.5 41 
1 RRT 1.71387 0.39105 1.0369 332.74 193.77 19.5 20 8.5 8.5 18 8.5 32 8.5 41.5 8.5 8.5 20 30.5 20 41.5 20 8.5 30 19.5 30 30.5 30 41.5 30 8.5 41 18 41 32 41 41.5 41 
1 RRT 5.12317 0.35723 4.5122 427.75 290.47 32 41 8.5 8.5 18 8.5 32 8.5 41.5 8.5 8.5 20 19.5 20 30.5 20 41.5 20 8.5 30 19.5 30 30.5 30 41.5 30 8.5 41 18 41 41.5 41 
1 RRT 4.88187 0.4271 4.1367 394.6 276.79 30.5 30 8.5 8.5 18 8.5 32 8.5 41.5 8.5 8.5 20 19.5 20 30.5 20 41.5 20 8.5 30 19.5 30 41.5 30 8.5 41 18 41 32 41 41.5 41 
1 RRT 2.69488 0.36083 2.0763 282.39 201.04 18 41 8.5 8.5 18 8.5 32 8.5 41.5 8.5 8.5 20 19.5 20 30.5 20 41.5 20 8.5 30 19.5 30 30.5 30 41.5 30 8.5 41 32 41 41.5 41 
1 RRT 4.79911 0.40463 4.0975 326.09 226.8 8.5 20 8.5 8.5 18 8.5 32 8.5 41.5 8.5 19.5 20 30.5 20 41.5 20 8.5 30 19.5 30 30.5 30 41.5 30 8.5 41 18 41 32 41 41.5 41 
1 RRT 2.14543 0.38061 1.491 454.36 310.97 41.5 8.5 8.5 8.5 18 8.5 32 8.5 8.5 20 19.5 20 30.5 20 41.5 20 8.5 30 19.5 30 30.5 30 41.5 30 8.5 41 18 41 32 41 41.5 41 
1 RRT 2.94887 0.35582 2.3385 577.69 389.91 41.5 41 8.5 8.5 18 8.5 32 8.5 41.5 8.5 8.5 20 19.5 20 30.5 20 41.5 20 8.5 30 19.5 30 30.5 30 41.5 30 8.5 41 18 41 32 41 
1 RRT 4.53288 0.36998 3.9023 464.78 319.96 30.5 30 8.5 8.5 18 8.5 32 8.5 41.5 8.5 8.5 20 19.5 20 30.5 20 41.5 20 8.5 30 19.5 30 41.5 30 8.5 41 18 41 32 41 41.5 41 
1 RRT 2.26117 0.35866 1.6464 491.18 329.13 8.5 20 8.5 8.5 18 8.5 32 8.5 41.5 8.5 19.5 20 30.5 20 41.5 20 8.5 30 19.5 30 30.5 30 41.5 30 8.5 41 18 41 32 41 41.5 41 
1 RRT 1.9926 0.36804 1.3604 358.61 257.85 41.5 20 8.5 8.5 18 8.5 32 8.5 41.5 8.5 8.5 20 19.5 20 30.5 20 8.5 30 19.5 30 30.5 30 41.5 30 8.5 41 18 41 32 41 41.5 41 
1 RRT 4.88804 0.36262 4.2691 366.53 265.2 41.5 41 8.5 8.5 18 8.5 32 8.5 41.5 8.5 8.5 20 19.5 20 30.5 20 41.5 20 8.5 30 19.5 30 30.5 30 41.5 30 8.5 41 18 41 32 41 
1 RRT 2.20227 0.45027 1.4392 385.69 251.27 8.5 41 8.5 8.5 18 8.5 32 8.5 41.5 8.5 8.5 20 19.5 20 30.5 20 41.5 20 8.5 30 19.5 30 30.5 30 41.5 30 18 41 32 41 41.5 41 
1 RRT 1.6086 0.35498 0.99922 349.53 224.01 18 8.5 8.5 8.5 32 8.5 41.5 8.5 8.5 20 19.5 20 30.5 20 41.5 20 8.5 30 19.5 30 30.5 30 41.5 30 8.5 41 18 41 32 41 41.5 41 
1 RRT 3.49686 0.36658 2.8744 381.52 240.33 19.5 20 8.5 8.5 18 8.5 32 8.5 41.5 8.5 8.5 20 30.5 20 41.5 20 8.5 30 19.5 30 30.5 30 41.5 30 8.5 41 18 41 32 41 41.5 41 
1 RRT 2.73667 0.35996 2.1219 633.54 394.89 41.5 8.5 8.5 8.5 18 8.5 32 8.5 8.5 20 19.5 20 30.5 20 41.5 20 8.5 30 19.5 30 30.5 30 41.5 30 8.5 41 18 41 32 41 41.5 41 
1 RRT 2.6291 0.37364 1.9872 352.33 262.05 41.5 8.5 8.5 8.5 18 8.5 32 8.5 8.5 20 19.5 20 30.5 20 41.5 20 8.5 30 19.5 30 30.5 30 41.5 30 8.5 41 18 41 32 41 41.5 41 
1 RRT 2.37664 0.37012 1.745 431.02 263.96 41.5 30 8.5 8.5 18 8.5 32 8.5 41.5 8.5 8.5 20 19.5 20 30.5 20 41.5 20 8.5 30 19.5 30 30.5 30 8.5 41 18 41 32 41 41.5 41 
1 RRT 3.65002 0.35646 3.0362 321.41 205.82 30.5 20 8.5 8.5 18 8.5 32 8.5 41.5 8.5 8.5 20 19.5 20 41.5 20 8.5 30 19.5 30 30.5 30 41.5 30 8.5 41 18 41 32 41 41.5 41 
1 RRT 1.51165 0.35793 0.89274 385.12 229.61 8.5 30 8.5 8.5 18 8.5 32 8.5 41.5 8.5 8.5 20 19.5 20 30.5 20 41.5 20 19.5 30 30.5 30 41.5 30 8.5 41 18 41 32 41 41.5 41 
1 RRT 3.33195 0.3623 2.7135 379.13 253.91 8.5 8.5 18 8.5 32 8.5 41.5 8.5 8.5 20 19.5 20 30.5 20 41.5 20 8.5 30 19.5 30 30.5 30 41.5 30 8.5 41 18 41 32 41 41.5 41 
1 RRT 2.62882 0.36435 2.004 619.91 369.11 41.5 30 8.5 8.5 18 8.5 32 8.5 41.5 8.5 8.5 20 19.5 20 30.5 20 41.5 20 8.5 30 19.5 30 30.5 30 8.5 41 18 41 32 41 41.5 41 
0 RRT 10.7182 0.36612 10.089 0 -1 19.5 20 8.5 8.5 18 8.5 32 8.5 41.5 8.5 8.5 20 30.5 20 41.5 20 8.5 30 19.5 30 30.5 30 41.5 30 8.5 41 18 41 32 41 41.5 41 
1 RRT 1.99996 0.4231 1.2625 387.85 265.05 8.5 8.5 18 8.5 32 8.5 41.5 8.5 8.5 20 19.5 20 30.5 20 41.5 20 8.5 30 19.5 30 30.5 30 41.5 30 8.5 41 18 41 32 41 41.5 41 
1 RRT 4.03483 0.35186 3.4316 704.65 456.01 8.5 41 8.5 8.5 18 8.5 32 8.5 41.5 8.5 8.5 20 19.5 20 30.5 20 41.5 20 8.5 30 19.5 30 30.5 30 41.5 30 18 41 32 41 41.5 41 
1 RRT 2.31436 0.36192 1.6931 369.84 240.09 8.5 20 8.5 8.5 18 8.5 32 8.5 41.5 8.5 19.5 20 30.5 20 41.5 20 8.5 30 19.5 30 30.5 30 41.5 30 8.5 41 18 41 32 41 41.5 41 
1 RRT 2.71874 0.37381 2.0757 425.2 263.29 30.5 30 8.5 8.5 18 8.5 32 8.5 41.5 8.5 8.5 20 19.5 20 30.5 20 41.5 20 8.5 30 19.5 30 41.5 30 8.5 41 18 41 32 41 41.5 41 
1 RRT 3.53413 0.36539 2.9118 584.22 372.07 19.5 30 8.5 8.5 18 8.5 32 8.5 41.5 8.5 8.5 20 19.5 20 30.5 20 41.5 20 8.5 30 30.5 30 41.5 30 8.5 41 18 41 32 41 41.5 41 
0 RRT 10.6106 0.35589 10.001 0 -1 8.5 41 8.5 8.5 18 8.5 32 8.5 41.5 8.5 8.5 20 19.5 20 30.5 20 41.5 20 8.5 30 19.5 30 30.5 30 41.5 30 18 41 32 41 41.5 41 
0 RRT 10.6296 0.3677 10.002 0 -1 41.5 41 8.5 8.5 18 8.5 32 8.5 41.5 8.5 8.5 20 19.5 20 30.5 20 41.5 20 8.5 30 19.5 30 30.5 30 41.5 30 8.5 41 18 41 32 41 
1 RRT 3.79258 0.37676 3.154 571.23 383.6 8.5 8.5 18 8.5 32 8.5 41.5 8.5 8.5 20 19.5 20 30.5 20 41.5 20 8.5 30 19.5 30 30.5 30 41.5 30 8.5 41 18 41 32 41 41.5 41 
1 RRT 2.86393 0.35482 2.2562 319.21 220.98 30.5 30 8.5 8.5 18 8.5 32 8.5 41.5 8.5 8.5 20 19.5 20 30.5 20 41.5 20 8.5 30 19.5 30 41.5 30 8.5 41 18 41 32 41 41.5 41 
1 RRT 2.20324 0.37568 1.5599 579.76 336.45 41.5 20 8.5 8.5 18 8.5 32 8.5 41.5 8.5 8.5 20 19.5 20 30.5 20 8.5 30 19.5 30 30.5 30 41.5 30 8.5 41 18 41 32 41 41.5 41 
1 RRT 1.17426 0.35601 0.56502 351.94 246.62 19.5 30 8.5 8.5 18 8.5 32 8.5 41.5 8.5 8.5 20 19.5 20 30.5 20 41.5 20 8.5 30 30.5 30 41.5 30 8.5 41 18 41 32 41 41.5 41 
1 RRT 3.19675 0.42421 2.4539 496.21 334.79 8.5 8.5 18 8.5 32 8.5 41.5 8.5 8.5 20 19.5 20 30.5 20 41.5 20 8.5 30 19.5 30 30.5 30 41.5 30 8.5 41 18 41 32 41 41.5 41 
1 RRT 3.7973 0.37843 3.1439 633.69 403.32 32 8.5 8.5 8.5 18 8.5 41.5 8.5 8.5 20 19.5 20 30.5 20 41.5 20 8.5 30 19.5 30 30.5 30 41.5 30 8.5 41 18 41 32 41 41.5 41 
1 RRT 2.08056 0.4926 1.2431 360.12 235.32 41.5 41 8.5 8.5 18 8.5 32 8.5 41.5 8.5 8.5 20 19.5 20 30.5 20 41.5 20 8.5 30 19.5 30 30.5 30 41.5 30 8.5 41 18 41 32 41 
1 RRT 3.14586 0.45057 2.3812 314.4 221.53 32 8.5 8.5 8.5 18 8.5 41.5 8.5 8.5 20 19.5 20 30.5 20 41.5 20 8.5 30 19.5 30 30.5 30 41.5 30 8.5 41 18 41 32 41 41.5 41 
1 RRT 2.74192 0.35841 2.1271 429.9 305.7 30.5 20 8.5 8.5 18 8.5 32 8.5 41.5 8.5 8.5 20 19.5 20 41.5 20 8.5 30 19.5 30 30.5 30 41.5 30 8.5 41 18 41 32 41 41.5 41 
1 RRT 1.49988 0.36555 0.87273 391.24 253.73 30.5 20 8.5 8.5 18 8.5 32 8.5 41.5 8.5 8.5 20 19.5 20 41.5 20 8.5 30 19.5 30 30.5 30 41.5 30 8.5 41 18 41 32 41 41.5 41 
1 RRT 2.61089 0.4659 1.8252 470.42 311.05 19.5 30 8.5 8.5 18 8.5 32 8.5 41.5 8.5 8.5 20 19.5 20 30.5 20 41.5 20 8.5 30 30.5 30 41.5 30 8.5 41 18 41 32 41 41.5 41 
1 RRT 5.87958 0.3889 5.2132 510.26 331.09 18 8.5 8.5 8.5 32 8.5 41.5 8.5 8.5 20 19.5 20 30.5 20 41.5 20 8.5 30 19.5 30 30.5 30 41.5 30 8.5 41 18 41 32 41 41.5 41 
1 RRT 2.9698 0.35925 2.3558 392.2 264.52 19.5 30 8.5 8.5 18 8.5 32 8.5 41.5 8.5 8.5 20 19.5 20 30.5 20 41.5 20 8.5 30 30.5 30 41.5 30 8.5 41 18 41 32 41 41.5 41 
1 RRT 1.70519 0.3516 1.1043 381.68 255.39 32 41 8.5 8.5 18 8.5 32 8.5 41.5 8.5 8.5 20 19.5 20 30.5 20 41.5 20 8.5 30 19.5 30 30.5 30 41.5 30 8.5 41 18 41 41.5 41 
1 RRT 1.67242 0.35304 1.0661 457.13 320.85 32 41 8.5 8.5 18 8.5 32 8.5 41.5 8.5 8.5 20 19.5 20 30.5 20 41.5 20 8.5 30 19.5 30 30.5 30 41.5 30 8.5 41 18 41 41.5 41 
0 RRT 10.7481 0.35598 10.143 0 -1 8.5 8.5 18 8.5 32 8.5 41.5 8.5 8.5 20 19.5 20 30.5 20 41.5 20 8.5 30 19.5 30 30.5 30 41.5 30 8.5 41 18 41 32 41 41.5 41 
1 RRT 2.19149 0.36288 1.5696 352.07 235.19 32 41 8.5 8.5 18 8.5 32 8.5 41.5 8.5 8.5 20 19.5 20 30.5 20 41.5 20 8.5 30 19.5 30 30.5 30 41.5 30 8.5 41 18 41 41.5 41 
0 RRT 10.6318 0.36577 10.002 0 -1 18 8.5 8.5 8.5 32 8.5 41.5 8.5 8.5 20 19.5 20 30.5 20 41.5 20 8.5 30 19.5 30 30.5 30 41.5 30 8.5 41 18 41 32 41 41.5 41 
1 RRT 3.68306 0.3691 3.0508 371.49 231.99 8.5 8.5 18 8.5 32 8.5 41.5 8.5 8.5 20 19.5 20 30.5 20 41.5 20 8.5 30 19.5 30 30.5 30 41.5 30 8.5 41 18 41 32 41 41.5 41 
1 RRT 1.94349 0.45878 1.167 393.14 244.99 30.5 20 8.5 8.5 18 8.5 32 8.5 41.5 8.5 8.5 20 19.5 20 41.5 20 8.5 30 19.5 30 30.5 30 41.5 30 8.5 41 18 41 32 41 41.5 41 
0 RRT 10.763 0.44979 10 0 -1 41.5 20 8.5 8.5 18 8.5 32 8.5 41.5 8.5 8.5 20 19.5 20 30.5 20 8.5 30 19.5 30 30.5 30 41.5 30 8.5 41 18 41 32 41 41.5 41 
1 RRT 3.92013 0.36584 3.2993 408.85 256.08 32 8.5 8.5 8.5 18 8.5 41.5 8.5 8.5 20 19.5 20 30.5 20 41.5 20 8.5 30 19.5 30 30.5 30 41.5 30 8.5 41 18 41 32 41 41.5 41 
0 RRT 10.6467 0.35327 10.041 0 -1 41.5 20 8.5 8.5 18 8.5 32 8.5 41.5 8.5 8.5 20 19.5 20 30.5 20 8.5 30 19.5 30 30.5 30 41.5 30 8.5 41 18 41 32 41 41.5 41 
1 RRT 1.90371 0.35887 1.2873 335.18 237.11 41.5 8.5 8.5 8.5 18 8.5 32 8.5 8.5 20 19.5 20 30.5 20 41.5 20 8.5 30 19.5 30 30.5 30 41.5 30 8.5 41 18 41 32 41 41.5 41 
1 RRT 3.30397 0.35899 2.6892 462.7 281.67 18 41 8.5 8.5 18 8.5 32 8.5 41.5 8.5 8.5 20 19.5 20 30.5 20 41.5 20 8.5 30 19.5 30 30.5 30 41.5 30 8.5 41 32 41 41.5 41 
1 RRT 4.00151 0.37015 3.3682 724.28 472.04 8.5 8.5 18 8.5 32 8.5 41.5 8.5 8.5 20 19.5 20 30.5 20 41.5 20 8.5 30 19.5 30 30.5 30 41.5 30 8.5 41 18 41 32 41 41.5 41 
1 RRT 1.59074 0.37149 0.95437 274 163.81 8.5 20 8.5 8.5 18 8.5 32 8.5 41.5 8.5 19.5 20 30.5 20 41.5 20 8.5 30 19.5 30 30.5 30 41.5 30 8.5 41 18 41 32 41 41.5 41 
1 RRT 2.00516 0.35951 1.386 401.66 257.95 32 8.5 8.5 8.5 18 8.5 41.5 8.5 8.5 20 19.5 20 30.5 20 41.5 20 8.5 30 19.5 30 30.5 30 41.5 30 8.5 41 18 41 32 41 41.5 41 
1 RRT 4.8413 0.46866 4.0465 666.12 408.98 30.5 30 8.5 8.5 18 8.5 32 8.5 41.5 8.5 8.5 20 19.5 20 30.5 20 41.5 20 8.5 30 19.5 30 41.5 30 8.5 41 18 41 32 41 41.5 41 
1 RRT 1.59191 0.36908 0.96731 490.31 291.83 19.5 20 8.5 8.5 18 8.5 32 8.5 41.5 8.5 8.5 20 30.5 20 41.5 20 8.5 30 19.5 30 30.5 30 41.5 30 8.5 41 18 41 32 41 41.5 41 
1 RRT 2.21285 0.3534 1.6067 417.73 301.28 18 41 8.5 8.5 18 8.5 32 8.5 41.5 8.5 8.5 20 19.5 20 30.5 20 41.5 20 8.5 30 19.5 30 30.5 30 41.5 30 8.5 41 32 41 41.5 41 
1 RRT 6.35091 0.3512 5.7518 514.05 356.61 32 41 8.5 8.5 18 8.5 32 8.5 41.5 8.5 8.5 20 19.5 20 30.5 20 41.5 20 8.5 30 19.5 30 30.5 30 41.5 30 8.5 41 18 41 41.5 41 
1 RRT 1.49226 0.36092 0.87685 345.48 240.41 41.5 30 8.5 8.5 18 8.5 32 8.5 41.5 8.5 8.5 20 19.5 20 30.5 20 41.5 20 8.5 30 19.5 30 30.5 30 8.5 41 18 41 32 41 41.5 41 
1 RRT 2.19253 0.35579 1.5817 514.72 335.83 18 8.5 8.5 8.5 32 8.5 41.5 8.5 8.5 20 19.5 20 30.5 20 41.5 20 8.5 30 19.5 30 30.5 30 41.5 30 8.5 41 18 41 32 41 41.5 41 
1 RRT 1.34613 0.34878 0.74548 414.75 272.72 18 8.5 8.5 8.5 32 8.5 41.5 8.5 8.5 20 19.5 20 30.5 20 41.5 20 8.5 30 19.5 30 30.5 30 41.5 30 8.5 41 18 41 32 41 41.5 41 
1 RRT 4.86866 0.35698 4.2569 513.39 331.96 18 41 8.5 8.5 18 8.5 32 8.5 41.5 8.5 8.5 20 19.5 20 30.5 20 41.5 20 8.5 30 19.5 30 30.5 30 41.5 30 8.5 41 32 41 41.5 41 
0 RRT 10.6284 0.36988 10.002 0 -1 18 41 8.5 8.5 18 8.5 32 8.5 41.5 8.5 8.5 20 19.5 20 30.5 20 41.5 20 8.5 30 19.5 30 30.5 30 41.5 30 8.5 41 32 41 41.5 41 
1 RRT 2.01429 0.3631 1.395 415.15 271.2 19.5 20 8.5 8.5 18 8.5 32 8.5 41.5 8.5 8.5 20 30.5 20 41.5 20 8.5 30 19.5 30 30.5 30 41.5 30 8.5 41 18 41 32 41 41.5 41 
1 RRT 2.15277 0.36805 1.5221 399.94 270.63 18 41 8.5 8.5 18 8.5 32 8.5 41.5 8.5 8.5 20 19.5 20 30.5 20 41.5 20 8.5 30 19.5 30 30.5 30 41.5 30 8.5 41 32 41 41.5 41 
1 RRT 2.13526 0.35194 1.5311 528.41 336.48 32 41 8.5 8.5 18 8.5 32 8.5 41.5 8.5 8.5 20 19.5 20 30.5 20 41.5 20 8.5 30 19.5 30 30.5 30 41.5 30 8.5 41 18 41 41.5 41 
1 RRT 1.34036 0.35781 0.72855 433.17 281.04 8.5 41 8.5 8.5 18 8.5 32 8.5 41.5 8.5 8.5 20 19.5 20 30.5 20 41.5 20 8.5 30 19.5 30 30.5 30 41.5 30 18 41 32 41 41.5 41 
0 RRT 10.7275 0.42233 10 0 -1 19.5 30 8.5 8.5 18 8.5 32 8.5 41.5 8.5 8.5 20 19.5 20 30.5 20 41.5 20 8.5 30 30.5 30 41.5 30 8.5 41 18 41 32 41 41.5 41 
1 RRT 1.7759 0.36897 1.1439 396.27 228.99 41.5 20 8.5 8.5 18 8.5 32 8.5 41.5 8.5 8.5 20 19.5 20 30.5 20 8.5 30 19.5 30 30.5 30 41.5 30 8.5 41 18 41 32 41 41.5 41 
0 RRT 10.7836 0.4626 10.002 0 -1 18 8.5 8.5 8.5 32 8.5 41.5 8.5 8.5 20 19.5 20 30.5 20 41.5 20 8.5 30 19.5 30 30.5 30 41.5 30 8.5 41 18 41 32 41 41.5 41 
1 RRT 3.57437 0.34651 2.9803 508.67 328.5 32 41 8.5 8.5 18 8.5 32 8.5 41.5 8.5 8.5 20 19.5 20 30.5 20 41.5 20 8.5 30 19.5 30 30.5 30 41.5 30 8.5 41 18 41 41.5 41 
1 RRT 3.65287 0.36059 3.035 489.44 291.33 19.5 20 8.5 8.5 18 8.5 32 8.5 41.5 8.5 8.5 20 30.5 20 41.5 20 8.5 30 19.5 30 30.5 30 41.5 30 8.5 41 18 41 32 41 41.5 41 
1 RRT 2.4279 0.35868 1.8145 581.57 366.53 41.5 8.5 8.5 8.5 18 8.5 32 8.5 8.5 20 19.5 20 30.5 20 41.5 20 8.5 30 19.5 30 30.5 30 41.5 30 8.5 41 18 41 32 41 41.5 41 
1 RRT 2.95307 0.36077 2.3332 548.76 353.86 30.5 20 8.5 8.5 18 8.5 32 8.5 41.5 8.5 8.5 20 19.5 20 41.5 20 8.5 30 19.5 30 30.5 30 41.5 30 8.5 41 18 41 32 41 41.5 41 
1 RRT 5.25015 0.35728 4.6365 446.22 271.62 18 41 8.5 8.5 18 8.5 32 8.5 41.5 8.5 8.5 20 19.5 20 30.5 20 41.5 20 8.5 30 19.5 30 30.5 30 41.5 30 8.5 41 32 41 41.5 41 
1 RRT 3.23328 0.44891 2.4706 471.91 279.25 32 41 8.5 8.5 18 8.5 32 8.5 41.5 8.5 8.5 20 19.5 20 30.5 20 41.5 20 8.5 30 19.5 30 30.5 30 41.5 30 8.5 41 18 41 41.5 41 
1 RRT 2.61389 0.37098 1.9779 337.87 205.58 30.5 30 8.5 8.5 18 8.5 32 8.5 41.5 8.5 8.5 20 19.5 20 30.5 20 41.5 20 8.5 30 19.5 30 41.5 30 8.5 41 18 41 32 41 41.5 41 
1 RRT 1.99826 0.36507 1.3621 430.13 287.85 32 41 8.5 8.5 18 8.5 32 8.5 41.5 8.5 8.5 20 19.5 20 30.5 20 41.5 20 8.5 30 19.5 30 30.5 30 41.5 30 8.5 41 18 41 41.5 41 
0 RRT 10.6209 0.36213 10.001 0 -1 8.5 20 8.5 8.5 18 8.5 32 8.5 41.5 8.5 19.5 20 30.5 20 41.5 20 8.5 30 19.5 30 30.5 30 41.5 30 8.5 41 18 41 32 41 41.5 41 
1 RRT 4.19166 0.45889 3.4154 444.55 336.86 19.5 30 8.5 8.5 18 8.5 32 8.5 41.5 8.5 8.5 20 19.5 20 30.5 20 41.5 20 8.5 30 30.5 30 41.5 30 8.5 41 18 41 32 41 41.5 41 
1 RRT 3.21954 0.36251 2.6007 522.61 339.29 41.5 41 8.5 8.5 18 8.5 32 8.5 41.5 8.5 8.5 20 19.5 20 30.5 20 41.5 20 8.5 30 19.5 30 30.5 30 41.5 30 8.5 41 18 41 32 41 
1 RRT 2.94604 0.34996 2.3482 467.1 277.65 41.5 41 8.5 8.5 18 8.5 32 8.5 41.5 8.5 8.5 20 19.5 20 30.5 20 41.5 20 8.5 30 19.5 30 30.5 30 41.5 30 8.5 41 18 41 32 41 
0 RRT 10.7353 0.42423 10.002 0 -1 32 8.5 8.5 8.5 18 8.5 41.5 8.5 8.5 20 19.5 20 30.5 20 41.5 20 8.5 30 19.5 30 30.5 30 41.5 30 8.5 41 18 41 32 41 41.5 41 
1 RRT 3.25204 0.46654 2.4649 371.27 247.25 41.5 41 8.5 8.5 18 8.5 32 8.5 41.5 8.5 8.5 20 19.5 20 30.5 20 41.5 20 8.5 30 19.5 30 30.5 30 41.5 30 8.5 41 18 41 32 41 
1 RRT 2.59042 0.43882 1.8435 538.47 350.18 32 8.5 8.5 8.5 18 8.5 41.5 8.5 8.5 20 19.5 20 30.5 20 41.5 20 8.5 30 19.5 30 30.5 30 41.5 30 8.5 41 18 41 32 41 41.5 41 
1 RRT 3.16589 0.36838 2.5355 464.09 315.34 8.5 41 8.5 8.5 18 8.5 32 8.5 41.5 8.5 8.5 20 19.5 20 30.5 20 41.5 20 8.5 30 19.5 30 30.5 30 41.5 30 18 41 32 41 41.5 41 
1 RRT 2.74153 0.35469 2.1365 423.82 266.06 41.5 30 8.5 8.5 18 8.5 32 8.5 41.5 8.5 8.5 20 19.5 20 30.5 20 41.5 20 8.5 30 19.5 30 30.5 30 8.5 41 18 41 32 41 41.5 41 
1 RRT 1.56389 0.47111 0.76207 427.68 280.98 32 41 8.5 8.5 18 8.5 32 8.5 41.5 8.5 8.5 20 19.5 20 30.5 20 41.5 20 8.5 30 19.5 30 30.5 30 41.5 30 8.5 41 18 41 41.5 41 
1 RRT 3.81281 0.3696 3.1769 406.08 276.87 41.5 8.5 8.5 8.5 18 8.5 32 8.5 8.5 20 19.5 20 30.5 20 41.5 20 8.5 30 19.5 30 30.5 30 41.5 30 8.5 41 18 41 32 41 41.5 41 
1 RRT 4.31712 0.36608 3.6919 565.92 376.59 19.5 20 8.5 8.5 18 8.5 32 8.5 41.5 8.5 8.5 20 30.5 20 41.5 20 8.5 30 19.5 30 30.5 30 41.5 30 8.5 41 18 41 32 41 41.5 41 
0 RRT 10.7479 0.36528 10.12 0 -1 8.5 8.5 18 8.5 32 8.5 41.5 8.5 8.5 20 19.5 20 30.5 20 41.5 20 8.5 30 19.5 30 30.5 30 41.5 30 8.5 41 18 41 32 41 41.5 41 
1 RRT 6.46593 0.36052 5.8492 720.54 486.43 30.5 20 8.5 8.5 18 8.5 32 8.5 41.5 8.5 8.5 20 19.5 20 41.5 20 8.5 30 19.5 30 30.5 30 41.5 30 8.5 41 18 41 32 41 41.5 41 
1 RRT 2.22642 0.36386 1.604 309.9 206.84 19.5 20 8.5 8.5 18 8.5 32 8.5 41.5 8.5 8.5 20 30.5 20 41.5 20 8.5 30 19.5 30 30.5 30 41.5 30 8.5 41 18 41 32 41 41.5 41 
1 RRT 1.79626 0.35703 1.1867 377.06 285.34 41.5 30 8.5 8.5 18 8.5 32 8.5 41.5 8.5 8.5 20 19.5 20 30.5 20 41.5 20 8.5 30 19.5 30 30.5 30 8.5 41 18 41 32 41 41.5 41 
1 RRT 2.12016 0.36403 1.5022 384.69 254.2 18 41 8.5 8.5 18 8.5 32 8.5 41.5 8.5 8.5 20 19.5 20 30.5 20 41.5 20 8.5 30 19.5 30 30.5 30 41.5 30 8.5 41 32 41 41.5 41 
1 RRT 7.63623 0.36349 7.0159 601.27 393 41.5 8.5 8.5 8.5 18 8.5 32 8.5 8.5 20 19.5 20 30.5 20 41.5 20 8.5 30 19.5 30 30.5 30 41.5 30 8.5 41 18 41 32 41 41.5 41 
1 RRT 4.2532 0.36978 3.6252 508.28 361.82 8.5 30 8.5 8.5 18 8.5 32 8.5 41.5 8.5 8.5 20 19.5 20 30.5 20 41.5 20 19.5 30 30.5 30 41.5 30 8.5 41 18 41 32 41 41.5 41 
1 RRT 2.96058 0.35851 2.3483 526.97 342.46 19.5 30 8.5 8.5 18 8.5 32 8.5 41.5 8.5 8.5 20 19.5 20 30.5 20 41.5 20 8.5 30 30.5 30 41.5 30 8.5 41 18 41 32 41 41.5 41 
1 RRT 2.51341 0.35862 1.9005 399.67 243.54 8.5 41 8.5 8.5 18 8.5 32 8.5 41.5 8.5 8.5 20 19.5 20 30.5 20 41.5 20 8.5 30 19.5 30 30.5 30 41.5 30 18 41 32 41 41.5 41 
1 RRT 1.56491 0.35716 0.9547 282.29 158.83 8.5 20 8.5 8.5 18 8.5 32 8.5 41.5 8.5 19.5 20 30.5 20 41.5 20 8.5 30 19.5 30 30.5 30 41.5 30 8.5 41 18 41 32 41 41.5 41 
0 RRT 10.6251 0.365 10 0 -1 8.5 41 8.5 8.5 18 8.5 32 8.5 41.5 8.5 8.5 20 19.5 20 30.5 20 41.5 20 8.5 30 19.5 30 30.5 30 41.5 30 18 41 32 41 41.5 41 
1 RRT 2.01571 0.36602 1.3907 507.98 338.4 41.5 20 8.5 8.5 18 8.5 32 8.5 41.5 8.5 8.5 20 19.5 20 30.5 20 8.5 30 19.5 30 30.5 30 41.5 30 8.5 41 18 41 32 41 41.5 41 
1 RRT 1.50329 0.36064 0.88583 303.17 176.28 30.5 20 8.5 8.5 18 8.5 32 8.5 41.5 8.5 8.5 20 19.5 20 41.5 20 8.5 30 19.5 30 30.5 30 41.5 30 8.5 41 18 41 32 41 41.5 41 
0 RRT 10.6373 0.37128 10.001 0 -1 30.5 30 8.5 8.5 18 8.5 32 8.5 41.5 8.5 8.5 20 19.5 20 30.5 20 41.5 20 8.5 30 19.5 30 41.5 30 8.5 41 18 41 32 41 41.5 41 
1 RRT 2.42699 0.37604 1.7904 427.49 270.61 32 8.5 8.5 8.5 18 8.5 41.5 8.5 8.5 20 19.5 20 30.5 20 41.5 20 8.5 30 19.5 30 30.5 30 41.5 30 8.5 41 18 41 32 41 41.5 41 
1 RRT 2.18333 0.34705 1.5875 347.4 229.44 41.5 20 8.5 8.5 18 8.5 32 8.5 41.5 8.5 8.5 20 19.5 20 30.5 20 8.5 30 19.5 30 30.5 30 41.5 30 8.5 41 18 41 32 41 41.5 41 
1 RRT 3.53351 0.36205 2.9116 412.37 244.13 41.5 20 8.5 8.5 18 8.5 32 8.5 41.5 8.5 8.5 20 19.5 20 30.5 20 8.5 30 19.5 30 30.5 30 41.5 30 8.5 41 18 41 32 41 41.5 41 
1 RRT 3.81528 0.35141 3.2136 413.84 266.66 41.5 20 8.5 8.5 18 8.5 32 8.5 41.5 8.5 8.5 20 19.5 20 30.5 20 8.5 30 19.5 30 30.5 30 41.5 30 8.5 41 18 41 32 41 41.5 41 
0 RRT 10.7316 0.37184 10.102 0 -1 41.5 41 8.5 8.5 18 8.5 32 8.5 41.5 8.5 8.5 20 19.5 20 30.5 20 41.5 20 8.5 30 19.5 30 30.5 30 41.5 30 8.5 41 18 41 32 41 
1 RRT 3.45365 0.4778 2.6471 536.58 373.81 18 41 8.5 8.5 18 8.5 32 8.5 41.5 8.5 8.5 20 19.5 20 30.5 20 41.5 20 8.5 30 19.5 30 30.5 30 41.5 30 8.5 41 32 41 41.5 41 
1 RRT 2.87925 0.35243 2.2749 513.16 337.54 18 41 8.5 8.5 18 8.5 32 8.5 41.5 8.5 8.5 20 19.5 20 30.5 20 41.5 20 8.5 30 19.5 30 30.5 30 41.5 30 8.5 41 32 41 41.5 41 
1 RRT 4.15683 0.35004 3.555 360.62 232.42 8.5 30 8.5 8.5 18 8.5 32 8.5 41.5 8.5 8.5 20 19.5 20 30.5 20 41.5 20 19.5 30 30.5 30 41.5 30 8.5 41 18 41 32 41 41.5 41 
1 RRT 2.39943 0.3539 1.7927 320.56 215.27 30.5 30 8.5 8.5 18 8.5 32 8.5 41.5 8.5 8.5 20 19.5 20 30.5 20 41.5 20 8.5 30 19.5 30 41.5 30 8.5 41 18 41 32 41 41.5 41 
1 RRT 2.84919 0.37007 2.2138 421.31 269.83 8.5 41 8.5 8.5 18 8.5 32 8.5 41.5 8.5 8.5 20 19.5 20 30.5 20 41.5 20 8.5 30 19.5 30 30.5 30 41.5 30 18 41 32 41 41.5 41 
1 RRT 2.44373 0.34928 1.8469 385.14 257.25 18 8.5 8.5 8.5 32 8.5 41.5 8.5 8.5 20 19.5 20 30.5 20 41.5 20 8.5 30 19.5 30 30.5 30 41.5 30 8.5 41 18 41 32 41 41.5 41 
1 RRT 3.61992 0.36501 2.9971 458.2 313.46 19.5 30 8.5 8.5 18 8.5 32 8.5 41.5 8.5 8.5 20 19.5 20 30.5 20 41.5 20 8.5 30 30.5 30 41.5 30 8.5 41 18 41 32 41 41.5 41 
0 RRT 10.9381 0.4706 10.143 0 -1 41.5 41 8.5 8.5 18 8.5 32 8.5 41.5 8.5 8.5 20 19.5 20 30.5 20 41.5 20 8.5 30 19.5 30 30.5 30 41.5 30 8.5 41 18 41 32 41 
1 RRT 3.36714 0.36653 2.7408 349.42 207.9 32 41 8.5 8.5 18 8.5 32 8.5 41.5 8.5 8.5 20 19.5 20 30.5 20 41.5 20 8.5 30 19.5 30 30.5 30 41.5 30 8.5 41 18 41 41.5 41 
1 RRT 2.73046 0.46525 1.9359 486.72 328.76 19.5 30 8.5 8.5 18 8.5 32 8.5 41.5 8.5 8.5 20 19.5 20 30.5 20 41.5 20 8.5 30 30.5 30 41.5 30 8.5 41 18 41 32 41 41.5 41 
1 RRT 1.80322 0.3619 1.1844 496.84 323.74 41.5 20 8.5 8.5 18 8.5 32 8.5 41.5 8.5 8.5 20 19.5 20 30.5 20 8.5 30 19.5 30 30.5 30 41.5 30 8.5 41 18 41 32 41 41.5 41 
1 RRT 4.11602 0.36244 3.4971 674.19 425.87 8.5 41 8.5 8.5 18 8.5 32 8.5 41.5 8.5 8.5 20 19.5 20 30.5 20 41.5 20 8.5 30 19.5 30 30.5 30 41.5 30 18 41 32 41 41.5 41 
1 RRT 2.03391 0.35959 1.4145 460.47 300.13 41.5 41 8.5 8.5 18 8.5 32 8.5 41.5 8.5 8.5 20 19.5 20 30.5 20 41.5 20 8.5 30 19.5 30 30.5 30 41.5 30 8.5 41 18 41 32 41 
1 RRT 1.93899 0.35573 1.3317 510.71 345.24 30.5 20 8.5 8.5 18 8.5 32 8.5 41.5 8.5 8.5 20 19.5 20 41.5 20 8.5 30 19.5 30 30.5 30 41.5 30 8.5 41 18 41 32 41 41.5 41 
1 RRT 3.17873 0.35518 2.5737 364.87 240.87 41.5 30 8.5 8.5 18 8.5 32 8.5 41.5 8.5 8.5 20 19.5 20 30.5 20 41.5 20 8.5 30 19.5 30 30.5 30 8.5 41 18 41 32 41 41.5 41 
1 RRT 2.96376 0.35315 2.3615 417.56 283.74 8.5 20 8.5 8.5 18 8.5 32 8.5 41.5 8.5 19.5 20 30.5 20 41.5 20 8.5 30 19.5 30 30.5 30 41.5 30 8.5 41 18 41 32 41 41.5 41 
1 RRT 1.90499 0.35994 1.2887 280.78 198.61 19.5 30 8.5 8.5 18 8.5 32 8.5 41.5 8.5 8.5 20 19.5 20 30.5 20 41.5 20 8.5 30 30.5 30 41.5 30 8.5 41 18 41 32 41 41.5 41 
1 RRT 2.41255 0.35524 1.8042 377.69 226.94 18 8.5 8.5 8.5 32 8.5 41.5 8.5 8.5 20 19.5 20 30.5 20 41.5 20 8.5 30 19.5 30 30.5 30 41.5 30 8.5 41 18 41 32 41 41.5 41 
1 RRT 1.3376 0.36051 0.71918 309.69 189.49 8.5 30 8.5 8.5 18 8.5 32 8.5 41.5 8.5 8.5 20 19.5 20 30.5 20 41.5 20 19.5 30 30.5 30 41.5 30 8.5 41 18 41 32 41 41.5 41 
1 RRT 2.34506 0.36017 1.7258 487.22 313.65 8.5 41 8.5 8.5 18 8.5 32 8.5 41.5 8.5 8.5 20 19.5 20 30.5 20 41.5 20 8.5 30 19.5 30 30.5 30 41.5 30 18 41 32 41 41.5 41 
1 RRT 8.83064 0.35732 8.2152 681.66 434.39 8.5 30 8.5 8.5 18 8.5 32 8.5 41.5 8.5 8.5 20 19.5 20 30.5 20 41.5 20 19.5 30 30.5 30 41.5 30 8.5 41 18 41 32 41 41.5 41 
0 RRT 10.691 0.36373 10.067 0 -1 41.5 8.5 8.5 8.5 18 8.5 32 8.5 8.5 20 19.5 20 30.5 20 41.5 20 8.5 30 19.5 30 30.5 30 41.5 30 8.5 41 18 41 32 41 41.5 41 
0 RRT 10.6238 0.36377 10 0 -1 41.5 30 8.5 8.5 18 8.5 32 8.5 41.5 8.5 8.5 20 19.5 20 30.5 20 41.5 20 8.5 30 19.5 30 30.5 30 8.5 41 18 41 32 41 41.5 41 
1 RRT 8.41621 0.36792 7.7928 496.26 345.54 18 41 8.5 8.5 18 8.5 32 8.5 41.5 8.5 8.5 20 19.5 20 30.5 20 41.5 20 8.5 30 19.5 30 30.5 30 41.5 30 8.5 41 32 41 41.5 41 
1 RRT 1.87445 0.35733 1.2618 418.53 253.79 19.5 20 8.5 8.5 18 8.5 32 8.5 41.5 8.5 8.5 20 30.5 20 41.5 20 8.5 30 19.5 30 30.5 30 41.5 30 8.5 41 18 41 32 41 41.5 41 
1 RRT 5.81643 0.35331 5.211 603.82 375.12 30.5 20 8.5 8.5 18 8.5 32 8.5 41.5 8.5 8.5 20 19.5 20 41.5 20 8.5 30 19.5 30 30.5 30 41.5 30 8.5 41 18 41 32 41 41.5 41 
1 RRT 2.7083 0.36782 2.0798 408.4 290.28 30.5 30 8.5 8.5 18 8.5 32 8.5 41.5 8.5 8.5 20 19.5 20 30.5 20 41.5 20 8.5 30 19.5 30 41.5 30 8.5 41 18 41 32 41 41.5 41 
1 RRT 2.93621 0.36353 2.3142 371.93 242.27 30.5 30 8.5 8.5 18 8.5 32 8.5 41.5 8.5 8.5 20 19.5 20 30.5 20 41.5 20 8.5 30 19.5 30 41.5 30 8.5 41 18 41 32 41 41.5 41 
1 RRT 1.59221 0.36668 0.96507 408.95 252 30.5 30 8.5 8.5 18 8.5 32 8.5 41.5 8.5 8.5 20 19.5 20 30.5 20 41.5 20 8.5 30 19.5 30 41.5 30 8.5 41 18 41 32 41 41.5 41 
0 RRT 10.6334 0.36892 10.001 0 -1 41.5 8.5 8.5 8.5 18 8.5 32 8.5 8.5 20 19.5 20 30.5 20 41.5 20 8.5 30 19.5 30 30.5 30 41.5 30 8.5 41 18 41 32 41 41.5 41 
1 RRT 2.24388 0.34977 1.6438 446.52 294.61 18 41 8.5 8.5 18 8.5 32 8.5 41.5 8.5 8.5 20 19.5 20 30.5 20 41.5 20 8.5 30 19.5 30 30.5 30 41.5 30 8.5 41 32 41 41.5 41 
1 RRT 3.7551 0.37666 3.1064 447.01 313.35 8.5 8.5 18 8.5 32 8.5 41.5 8.5 8.5 20 19.5 20 30.5 20 41.5 20 8.5 30 19.5 30 30.5 30 41.5 30 8.5 41 18 41 32 41 41.5 41 
0 RRT 10.642 0.374 10.001 0 -1 41.5 20 8.5 8.5 18 8.5 32 8.5 41.5 8.5 8.5 20 19.5 20 30.5 20 8.5 30 19.5 30 30.5 30 41.5 30 8.5 41 18 41 32 41 41.5 41 
1 RRT 3.59029 0.35934 2.976 536.54 341.45 8.5 8.5 18 8.5 32 8.5 41.5 8.5 8.5 20 19.5 20 30.5 20 41.5 20 8.5 30 19.5 30 30.5 30 41.5 30 8.5 41 18 41 32 41 41.5 41 
1 RRT 3.38271 0.36053 2.7655 417.25 305.87 32 8.5 8.5 8.5 18 8.5 41.5 8.5 8.5 20 19.5 20 30.5 20 41.5 20 8.5 30 19.5 30 30.5 30 41.5 30 8.5 41 18 41 32 41 41.5 41 
0 RRT 10.618 0.35918 10.002 0 -1 32 8.5 8.5 8.5 18 8.5 41.5 8.5 8.5 20 19.5 20 30.5 20 41.5 20 8.5 30 19.5 30 30.5 30 41.5 30 8.5 41 18 41 32 41 41.5 41 
0 RRT 10.6536 0.37762 10.001 0 -1 8.5 30 8.5 8.5 18 8.5 32 8.5 41.5 8.5 8.5 20 19.5 20 30.5 20 41.5 20 19.5 30 30.5 30 41.5 30 8.5 41 18 41 32 41 41.5 41 
1 RRT 3.2561 0.35522 2.6458 554.93 352.68 8.5 20 8.5 8.5 18 8.5 32 8.5 41.5 8.5 19.5 20 30.5 20 41.5 20 8.5 30 19.5 30 30.5 30 41.5 30 8.5 41 18 41 32 41 41.5 41 
1 RRT 4.99759 0.45664 4.2254 498.73 337.42 41.5 8.5 8.5 8.5 18 8.5 32 8.5 8.5 20 19.5 20 30.5 20 41.5 20 8.5 30 19.5 30 30.5 30 41.5 30 8.5 41 18 41 32 41 41.5 41 
1 RRT 3.82174 0.35006 3.2196 469.23 326.5 19.5 20 8.5 8.5 18 8.5 32 8.5 41.5 8.5 8.5 20 30.5 20 41.5 20 8.5 30 19.5 30 30.5 30 41.5 30 8.5 41 18 41 32 41 41.5 41 
1 RRT 5.70147 0.36651 5.0738 461.4 311.06 8.5 41 8.5 8.5 18 8.5 32 8.5 41.5 8.5 8.5 20 19.5 20 30.5 20 41.5 20 8.5 30 19.5 30 30.5 30 41.5 30 18 41 32 41 41.5 41 
1 RRT 2.09862 0.36324 1.4831 540.73 354.59 41.5 30 8.5 8.5 18 8.5 32 8.5 41.5 8.5 8.5 20 19.5 20 30.5 20 41.5 20 8.5 30 19.5 30 30.5 30 8.5 41 18 41 32 41 41.5 41 
1 RRT 2.35324 0.35237 1.7497 447.59 286.57 32 41 8.5 8.5 18 8.5 32 8.5 41.5 8.5 8.5 20 19.5 20 30.5 20 41.5 20 8.5 30 19.5 30 30.5 30 41.5 30 8.5 41 18 41 41.5 41 
1 RRT 2.17372 0.36242 1.5559 501.56 323.68 30.5 30 8.5 8.5 18 8.5 32 8.5 41.5 8.5 8.5 20 19.5 20 30.5 20 41.5 20 8.5 30 19.5 30 41.5 30 8.5 41 18 41 32 41 41.5 41 
1 RRT 1.91623 0.37237 1.2817 463.96 331.47 8.5 20 8.5 8.5 18 8.5 32 8.5 41.5 8.5 19.5 20 30.5 20 41.5 20 8.5 30 19.5 30 30.5 30 41.5 30 8.5 41 18 41 32 41 41.5 41 
1 RRT 1.22508 0.36696 0.5962 390.92 264.1 8.5 20 8.5 8.5 18 8.5 32 8.5 41.5 8.5 19.5 20 30.5 20 41.5 20 8.5 30 19.5 30 30.5 30 41.5 30 8.5 41 18 41 32 41 41.5 41 
0 RRT 10.8113 0.36484 10.186 0 -1 32 8.5 8.5 8.5 18 8.5 41.5 8.5 8.5 20 19.5 20 30.5 20 41.5 20 8.5 30 19.5 30 30.5 30 41.5 30 8.5 41 18 41 32 41 41.5 41 
0 RRT 10.6409 0.35657 10.029 0 -1 32 8.5 8.5 8.5 18 8.5 41.5 8.5 8.5 20 19.5 20 30.5 20 41.5 20 8.5 30 19.5 30 30.5 30 41.5 30 8.5 41 18 41 32 41 41.5 41 
1 RRT 2.16804 0.35161 1.5651 414.63 266.15 41.5 8.5 8.5 8.5 18 8.5 32 8.5 8.5 20 19.5 20 30.5 20 41.5 20 8.5 30 19.5 30 30.5 30 41.5 30 8.5 41 18 41 32 41 41.5 41 
0 RRT 10.6267 0.36409 10.002 0 -1 32 8.5 8.5 8.5 18 8.5 41.5 8.5 8.5 20 19.5 20 30.5 20 41.5 20 8.5 30 19.5 30 30.5 30 41.5 30 8.5 41 18 41 32 41 41.5 41 
1 RRT 3.1338 0.37702 2.4926 539.28 370.38 18 8.5 8.5 8.5 32 8.5 41.5 8.5 8.5 20 19.5 20 30.5 20 41.5 20 8.5 30 19.5 30 30.5 30 41.5 30 8.5 41 18 41 32 41 41.5 41 
1 RRT 1.89035 0.3545 1.284 372.46 231.7 8.5 8.5 18 8.5 32 8.5 41.5 8.5 8.5 20 19.5 20 30.5 20 41.5 20 8.5 30 19.5 30 30.5 30 41.5 30 8.5 41 18 41 32 41 41.5 41 
1 RRT 5.02367 0.35199 4.4213 563.68 369.04 8.5 30 8.5 8.5 18 8.5 32 8.5 41.5 8.5 8.5 20 19.5 20 30.5 20 41.5 20 19.5 30 30.5 30 41.5 30 8.5 41 18 41 32 41 41.5 41 
1 RRT 2.04094 0.44854 1.2828 476.79 319.75 18 41 8.5 8.5 18 8.5 32 8.5 41.5 8.5 8.5 20 19.5 20 30.5 20 41.5 20 8.5 30 19.5 30 30.5 30 41.5 30 8.5 41 32 41 41.5 41 
1 RRT 4.14446 0.36048 3.5279 390.85 265.58 32 8.5 8.5 8.5 18 8.5 41.5 8.5 8.5 20 19.5 20 30.5 20 41.5 20 8.5 30 19.5 30 30.5 30 41.5 30 8.5 41 18 41 32 41 41.5 41 
1 RRT 6.45574 0.35341 5.848 633.37 371.46 8.5 8.5 18 8.5 32 8.5 41.5 8.5 8.5 20 19.5 20 30.5 20 41.5 20 8.5 30 19.5 30 30.5 30 41.5 30 8.5 41 18 41 32 41 41.5 41 
1 RRT 2.54378 0.40461 1.8379 417.09 266.82 8.5 8.5 18 8.5 32 8.5 41.5 8.5 8.5 20 19.5 20 30.5 20 41.5 20 8.5 30 19.5 30 30.5 30 41.5 30 8.5 41 18 41 32 41 41.5 41 
1 RRT 6.48786 0.37602 5.8397 473.87 283.66 18 41 8.5 8.5 18 8.5 32 8.5 41.5 8.5 8.5 20 19.5 20 30.5 20 41.5 20 8.5 30 19.5 30 30.5 30 41.5 30 8.5 41 32 41 41.5 41 
1 RRT 2.03499 0.36292 1.4129 438.56 303.79 41.5 30 8.5 8.5 18 8.5 32 8.5 41.5 8.5 8.5 20 19.5 20 30.5 20 41.5 20 8.5 30 19.5 30 30.5 30 8.5 41 18 41 32 41 41.5 41 
1 RRT 1.69738 0.46362 0.90779 381.1 223.4 18 41 8.5 8.5 18 8.5 32 8.5 41.5 8.5 8.5 20 19.5 20 30.5 20 41.5 20 8.5 30 19.5 30 30.5 30 41.5 30 8.5 41 32 41 41.5 41 
0 RRT 10.6195 0.36211 10.001 0 -1 18 8.5 8.5 8.5 32 8.5 41.5 8.5 8.5 20 19.5 20 30.5 20 41.5 20 8.5 30 19.5 30 30.5 30 41.5 30 8.5 41 18 41 32 41 41.5 41 
1 RRT 1.68103 0.3555 1.0744 387.37 245.2 19.5 30 8.5 8.5 18 8.5 32 8.5 41.5 8.5 8.5 20 19.5 20 30.5 20 41.5 20 8.5 30 30.5 30 41.5 30 8.5 41 18 41 32 41 41.5 41 
1 RRT 3.79514 0.36314 3.1722 440.81 292.57 18 8.5 8.5 8.5 32 8.5 41.5 8.5 8.5 20 19.5 20 30.5 20 41.5 20 8.5 30 19.5 30 30.5 30 41.5 30 8.5 41 18 41 32 41 41.5 41 
1 RRT 3.3699 0.36431 2.7427 399.83 275.57 19.5 30 8.5 8.5 18 8.5 32 8.5 41.5 8.5 8.5 20 19.5 20 30.5 20 41.5 20 8.5 30 30.5 30 41.5 30 8.5 41 18 41 32 41 41.5 41 
1 RRT 2.71689 0.36149 2.0976 391.82 250.56 41.5 20 8.5 8.5 18 8.5 32 8.5 41.5 8.5 8.5 20 19.5 20 30.5 20 8.5 30 19.5 30 30.5 30 41.5 30 8.5 41 18 41 32 41 41.5 41 
1 RRT 6.39113 0.46733 5.5997 636.3 397.82 19.5 30 8.5 8.5 18 8.5 32 8.5 41.5 8.5 8.5 20 19.5 20 30.5 20 41.5 20 8.5 30 30.5 30 41.5 30 8.5 41 18 41 32 41 41.5 41 
0 RRT 10.606 0.35333 10.002 0 -1 32 8.5 8.5 8.5 18 8.5 41.5 8.5 8.5 20 19.5 20 30.5 20 41.5 20 8.5 30 19.5 30 30.5 30 41.5 30 8.5 41 18 41 32 41 41.5 41 
1 RRT 2.69075 0.36273 2.0714 342.13 225.57 30.5 30 8.5 8.5 18 8.5 32 8.5 41.5 8.5 8.5 20 19.5 20 30.5 20 41.5 20 8.5 30 19.5 30 41.5 30 8.5 41 18 41 32 41 41.5 41 
1 RRT 3.56434 0.36854 2.935 503.88 309.04 18 41 8.5 8.5 18 8.5 32 8.5 41.5 8.5 8.5 20 19.5 20 30.5 20 41.5 20 8.5 30 19.5 30 30.5 30 41.5 30 8.5 41 32 41 41.5 41 
1 RRT 2.15696 0.35506 1.5467 313.23 198.1 30.5 30 8.5 8.5 18 8.5 32 8.5 41.5 8.5 8.5 20 19.5 20 30.5 20 41.5 20 8.5 30 19.5 30 41.5 30 8.5 41 18 41 32 41 41.5 41 
1 RRT 5.51724 0.37449 4.8775 491.06 335.93 8.5 8.5 18 8.5 32 8.5 41.5 8.5 8.5 20 19.5 20 30.5 20 41.5 20 8.5 30 19.5 30 30.5 30 41.5 30 8.5 41 18 41 32 41 41.5 41 
1 RRT 1.76224 0.34835 1.1617 596.72 387.8 18 41 8.5 8.5 18 8.5 32 8.5 41.5 8.5 8.5 20 19.5 20 30.5 20 41.5 20 8.5 30 19.5 30 30.5 30 41.5 30 8.5 41 32 41 41.5 41 
1 RRT 2.69171 0.35821 2.0812 445.36 309.95 41.5 8.5 8.5 8.5 18 8.5 32 8.5 8.5 20 19.5 20 30.5 20 41.5 20 8.5 30 19.5 30 30.5 30 41.5 30 8.5 41 18 41 32 41 41.5 41 
0 RRT 10.6473 0.35237 10.044 0 -1 18 41 8.5 8.5 18 8.5 32 8.5 41.5 8.5 8.5 20 19.5 20 30.5 20 41.5 20 8.5 30 19.5 30 30.5 30 41.5 30 8.5 41 32 41 41.5 41 
1 RRT 3.10372 0.36561 2.4785 515.21 365.18 8.5 20 8.5 8.5 18 8.5 32 8.5 41.5 8.5 19.5 20 30.5 20 41.5 20 8.5 30 19.5 30 30.5 30 41.5 30 8.5 41 18 41 32 41 41.5 41 
1 RRT 4.0815 0.35725 3.4676 517.62 338.27 41.5 41 8.5 8.5 18 8.5 32 8.5 41.5 8.5 8.5 20 19.5 20 30.5 20 41.5 20 8.5 30 19.5 30 30.5 30 41.5 30 8.5 41 18 41 32 41 
1 RRT 1.37076 0.34962 0.77025 473.99 336.87 18 41 8.5 8.5 18 8.5 32 8.5 41.5 8.5 8.5 20 19.5 20 30.5 20 41.5 20 8.5 30 19.5 30 30.5 30 41.5 30 8.5 41 32 41 41.5 41 
1 RRT 3.68346 0.35091 3.0832 360.54 255.64 8.5 30 8.5 8.5 18 8.5 32 8.5 41.5 8.5 8.5 20 19.5 20 30.5 20 41.5 20 19.5 30 30.5 30 41.5 30 8.5 41 18 41 32 41 41.5 41 
1 RRT 2.02741 0.37088 1.3925 388.72 235.15 30.5 20 8.5 8.5 18 8.5 32 8.5 41.5 8.5 8.5 20 19.5 20 41.5 20 8.5 30 19.5 30 30.5 30 41.5 30 8.5 41 18 41 32 41 41.5 41 
0 RRT 10.8018 0.35039 10.202 0 -1 32 8.5 8.5 8.5 18 8.5 41.5 8.5 8.5 20 19.5 20 30.5 20 41.5 20 8.5 30 19.5 30 30.5 30 41.5 30 8.5 41 18 41 32 41 41.5 41 
0 RRT 10.6259 0.36576 10.001 0 -1 18 8.5 8.5 8.5 32 8.5 41.5 8.5 8.5 20 19.5 20 30.5 20 41.5 20 8.5 30 19.5 30 30.5 30 41.5 30 8.5 41 18 41 32 41 41.5 41 
1 RRT 3.16439 0.35183 2.561 403.91 302.39 8.5 41 8.5 8.5 18 8.5 32 8.5 41.5 8.5 8.5 20 19.5 20 30.5 20 41.5 20 8.5 30 19.5 30 30.5 30 41.5 30 18 41 32 41 41.5 41 
1 RRT 2.10258 0.35648 1.49 541.14 346.02 41.5 8.5 8.5 8.5 18 8.5 32 8.5 8.5 20 19.5 20 30.5 20 41.5 20 8.5 30 19.5 30 30.5 30 41.5 30 8.5 41 18 41 32 41 41.5 41 
1 RRT 3.26472 0.35403 2.6585 508.44 317.09 32 8.5 8.5 8.5 18 8.5 41.5 8.5 8.5 20 19.5 20 30.5 20 41.5 20 8.5 30 19.5 30 30.5 30 41.5 30 8.5 41 18 41 32 41 41.5 41 
1 RRT 3.89425 0.44382 3.1394 670.49 448.65 8.5 30 8.5 8.5 18 8.5 32 8.5 41.5 8.5 8.5 20 19.5 20 30.5 20 41.5 20 19.5 30 30.5 30 41.5 30 8.5 41 18 41 32 41 41.5 41 
0 RRT 10.6049 0.35267 10.001 0 -1 18 41 8.5 8.5 18 8.5 32 8.5 41.5 8.5 8.5 20 19.5 20 30.5 20 41.5 20 8.5 30 19.5 30 30.5 30 41.5 30 8.5 41 32 41 41.5 41 
1 RRT 2.33979 0.3721 1.7048 510.33 342.01 32 41 8.5 8.5 18 8.5 32 8.5 41.5 8.5 8.5 20 19.5 20 30.5 20 41.5 20 8.5 30 19.5 30 30.5 30 41.5 30 8.5 41 18 41 41.5 41 
1 RRT 1.78969 0.37341 1.1528 332.85 231.6 8.5 30 8.5 8.5 18 8.5 32 8.5 41.5 8.5 8.5 20 19.5 20 30.5 20 41.5 20 19.5 30 30.5 30 41.5 30 8.5 41 18 41 32 41 41.5 41 
1 RRT 2.91907 0.36206 2.303 489.39 299.72 8.5 8.5 18 8.5 32 8.5 41.5 8.5 8.5 20 19.5 20 30.5 20 41.5 20 8.5 30 19.5 30 30.5 30 41.5 30 8.5 41 18 41 32 41 41.5 41 
0 RRT 10.7666 0.35558 10.157 0 -1 41.5 20 8.5 8.5 18 8.5 32 8.5 41.5 8.5 8.5 20 19.5 20 30.5 20 8.5 30 19.5 30 30.5 30 41.5 30 8.5 41 18 41 32 41 41.5 41 
1 RRT 3.62119 0.36259 3.0014 513.04 336.8 32 41 8.5 8.5 18 8.5 32 8.5 41.5 8.5 8.5 20 19.5 20 30.5 20 41.5 20 8.5 30 19.5 30 30.5 30 41.5 30 8.5 41 18 41 41.5 41 
1 RRT 2.51853 0.38989 1.8403 454.13 297.39 41.5 30 8.5 8.5 18 8.5 32 8.5 41.5 8.5 8.5 20 19.5 20 30.5 20 41.5 20 8.5 30 19.5 30 30.5 30 8.5 41 18 41 32 41 41.5 41 
1 RRT 1.32031 0.34876 0.72099 395.36 257.28 41.5 30 8.5 8.5 18 8.5 32 8.5 41.5 8.5 8.5 20 19.5 20 30.5 20 41.5 20 8.5 30 19.5 30 30.5 30 8.5 41 18 41 32 41 41.5 41 
1 RRT 3.60462 0.43498 2.8688 356.08 237.76 30.5 20 8.5 8.5 18 8.5 32 8.5 41.5 8.5 8.5 20 19.5 20 41.5 20 8.5 30 19.5 30 30.5 30 41.5 30 8.5 41 18 41 32 41 41.5 41 
1 RRT 1.94247 0.37742 1.2938 404.09 255.31 41.5 30 8.5 8.5 18 8.5 32 8.5 41.5 8.5 8.5 20 19.5 20 30.5 20 41.5 20 8.5 30 19.5 30 30.5 30 8.5 41 18 41 32 41 41.5 41 
0 RRT 10.6401 0.37505 10 0 -1 8.5 20 8.5 8.5 18 8.5 32 8.5 41.5 8.5 19.5 20 30.5 20 41.5 20 8.5 30 19.5 30 30.5 30 41.5 30 8.5 41 18 41 32 41 41.5 41 
1 RRT 2.22607 0.35994 1.6083 590.69 360.93 41.5 30 8.5 8.5 18 8.5 32 8.5 41.5 8.5 8.5 20 19.5 20 30.5 20 41.5 20 8.5 30 19.5 30 30.5 30 8.5 41 18 41 32 41 41.5 41 
1 RRT 2.40179 0.37694 1.7585 372.76 260.61 8.5 41 8.5 8.5 18 8.5 32 8.5 41.5 8.5 8.5 20 19.5 20 30.5 20 41.5 20 8.5 30 19.5 30 30.5 30 41.5 30 18 41 32 41 41.5 41 
1 RRT 2.26541 0.46947 1.4681 431.25 259 8.5 30 8.5 8.5 18 8.5 32 8.5 41.5 8.5 8.5 20 19.5 20 30.5 20 41.5 20 19.5 30 30.5 30 41.5 30 8.5 41 18 41 32 41 41.5 41 
1 RRT 1.71069 0.36437 1.0885 417.02 265.75 19.5 20 8.5 8.5 18 8.5 32 8.5 41.5 8.5 8.5 20 30.5 20 41.5 20 8.5 30 19.5 30 30.5 30 41.5 30 8.5 41 18 41 32 41 41.5 41 
1 RRT 4.82173 0.36511 4.198 545.02 353.26 19.5 20 8.5 8.5 18 8.5 32 8.5 41.5 8.5 8.5 20 30.5 20 41.5 20 8.5 30 19.5 30 30.5 30 41.5 30 8.5 41 18 41 32 41 41.5 41 
1 RRT 3.51497 0.35429 2.907 365.09 234.03 30.5 30 8.5 8.5 18 8.5 32 8.5 41.5 8.5 8.5 20 19.5 20 30.5 20 41.5 20 8.5 30 19.5 30 41.5 30 8.5 41 18 41 32 41 41.5 41 
1 RRT 1.26624 0.35281 0.6597 365.01 228.63 41.5 30 8.5 8.5 18 8.5 32 8.5 41.5 8.5 8.5 20 19.5 20 30.5 20 41.5 20 8.5 30 19.5 30 30.5 30 8.5 41 18 41 32 41 41.5 41 
0 RRT 10.6175 0.36089 10.001 0 -1 30.5 30 8.5 8.5 18 8.5 32 8.5 41.5 8.5 8.5 20 19.5 20 30.5 20 41.5 20 8.5 30 19.5 30 41.5 30 8.5 41 18 41 32 41 41.5 41 
1 RRT 5.4762 0.35117 4.8755 539 364.91 41.5 20 8.5 8.5 18 8.5 32 8.5 41.5 8.5 8.5 20 19.5 20 30.5 20 8.5 30 19.5 30 30.5 30 41.5 30 8.5 41 18 41 32 41 41.5 41 
0 RRT 10.7414 0.36027 10.123 0 -1 8.5 8.5 18 8.5 32 8.5 41.5 8.5 8.5 20 19.5 20 30.5 20 41.5 20 8.5 30 19.5 30 30.5 30 41.5 30 8.5 41 18 41 32 41 41.5 41 
1 RRT 1.4611 0.37276 0.82031 360.57 236.03 30.5 30 8.5 8.5 18 8.5 32 8.5 41.5 8.5 8.5 20 19.5 20 30.5 20 41.5 20 8.5 30 19.5 30 41.5 30 8.5 41 18 41 32 41 41.5 41 
1 RRT 3.52101 0.35113 2.9208 400.44 265.55 18 41 8.5 8.5 18 8.5 32 8.5 41.5 8.5 8.5 20 19.5 20 30.5 20 41.5 20 8.5 30 19.5 30 30.5 30 41.5 30 8.5 41 32 41 41.5 41 
0 RRT 10.6174 0.35753 10.002 0 -1 41.5 20 8.5 8.5 18 8.5 32 8.5 41.5 8.5 8.5 20 19.5 20 30.5 20 8.5 30 19.5 30 30.5 30 41.5 30 8.5 41 18 41 32 41 41.5 41 
1 RRT 2.67232 0.46096 1.8952 437.44 311.51 30.5 30 8.5 8.5 18 8.5 32 8.5 41.5 8.5 8.5 20 19.5 20 30.5 20 41.5 20 8.5 30 19.5 30 41.5 30 8.5 41 18 41 32 41 41.5 41 
1 RRT 1.54703 0.36163 0.9273 420.16 249.08 8.5 20 8.5 8.5 18 8.5 32 8.5 41.5 8.5 19.5 20 30.5 20 41.5 20 8.5 30 19.5 30 30.5 30 41.5 30 8.5 41 18 41 32 41 41.5 41 
1 RRT 2.72842 0.46593 1.9299 351.11 223.9 30.5 20 8.5 8.5 18 8.5 32 8.5 41.5 8.5 8.5 20 19.5 20 41.5 20 8.5 30 19.5 30 30.5 30 41.5 30 8.5 41 18 41 32 41 41.5 41 
1 RRT 2.54567 0.34884 1.9488 295.45 226.63 41.5 30 8.5 8.5 18 8.5 32 8.5 41.5 8.5 8.5 20 19.5 20 30.5 20 41.5 20 8.5 30 19.5 30 30.5 30 8.5 41 18 41 32 41 41.5 41 
1 RRT 3.15724 0.35852 2.547 478.09 325.61 41.5 30 8.5 8.5 18 8.5 32 8.5 41.5 8.5 8.5 20 19.5 20 30.5 20 41.5 20 8.5 30 19.5 30 30.5 30 8.5 41 18 41 32 41 41.5 41 
1 RRT 1.11834 0.35449 0.51244 378.93 268.96 19.5 20 8.5 8.5 18 8.5 32 8.5 41.5 8.5 8.5 20 30.5 20 41.5 20 8.5 30 19.5 30 30.5 30 41.5 30 8.5 41 18 41 32 41 41.5 41 
1 RRT 6.01817 0.47083 5.2175 398 253.35 32 41 8.5 8.5 18 8.5 32 8.5 41.5 8.5 8.5 20 19.5 20 30.5 20 41.5 20 8.5 30 19.5 30 30.5 30 41.5 30 8.5 41 18 41 41.5 41 
1 RRT 3.53861 0.35757 2.9259 417.56 282.26 18 41 8.5 8.5 18 8.5 32 8.5 41.5 8.5 8.5 20 19.5 20 30.5 20 41.5 20 8.5 30 19.5 30 30.5 30 41.5 30 8.5 41 32 41 41.5 41 
1 RRT 4.29371 0.36566 3.6697 458.71 318.35 19.5 30 8.5 8.5 18 8.5 32 8.5 41.5 8.5 8.5 20 19.5 20 30.5 20 41.5 20 8.5 30 30.5 30 41.5 30 8.5 41 18 41 32 41 41.5 41 
1 RRT 3.35955 0.43898 2.5982 469.06 278.44 41.5 41 8.5 8.5 18 8.5 32 8.5 41.5 8.5 8.5 20 19.5 20 30.5 20 41.5 20 8.5 30 19.5 30 30.5 30 41.5 30 8.5 41 18 41 32 41 
1 RRT 5.16886 0.46112 4.3849 666.63 455.72 30.5 20 8.5 8.5 18 8.5 32 8.5 41.5 8.5 8.5 20 19.5 20 41.5 20 8.5 30 19.5 30 30.5 30 41.5 30 8.5 41 18 41 32 41 41.5 41 
1 RRT 3.10081 0.36192 2.4848 401.3 270.61 41.5 8.5 8.5 8.5 18 8.5 32 8.5 8.5 20 19.5 20 30.5 20 41.5 20 8.5 30 19.5 30 30.5 30 41.5 30 8.5 41 18 41 32 41 41.5 41 
1 RRT 3.70639 0.35038 3.1046 350.23 239.67 41.5 20 8.5 8.5 18 8.5 32 8.5 41.5 8.5 8.5 20 19.5 20 30.5 20 8.5 30 19.5 30 30.5 30 41.5 30 8.5 41 18 41 32 41 41.5 41 
1 RRT 2.21981 0.36785 1.5901 504.48 328.52 30.5 30 8.5 8.5 18 8.5 32 8.5 41.5 8.5 8.5 20 19.5 20 30.5 20 41.5 20 8.5 30 19.5 30 41.5 30 8.5 41 18 41 32 41 41.5 41 
1 RRT 1.51633 0.4054 0.80734 379.37 237.9 30.5 20 8.5 8.5 18 8.5 32 8.5 41.5 8.5 8.5 20 19.5 20 41.5 20 8.5 30 19.5 30 30.5 30 41.5 30 8.5 41 18 41 32 41 41.5 41 
1 RRT 3.10904 0.4078 2.3972 424.12 299.16 8.5 8.5 18 8.5 32 8.5 41.5 8.5 8.5 20 19.5 20 30.5 20 41.5 20 8.5 30 19.5 30 30.5 30 41.5 30 8.5 41 18 41 32 41 41.5 41 
1 RRT 2.89892 0.37339 2.2592 389.51 255.99 18 41 8.5 8.5 18 8.5 32 8.5 41.5 8.5 8.5 20 19.5 20 30.5 20 41.5 20 8.5 30 19.5 30 30.5 30 41.5 30 8.5 41 32 41 41.5 41 
0 RRT 10.6166 0.35909 10.001 0 -1 41.5 20 8.5 8.5 18 8.5 32 8.5 41.5 8.5 8.5 20 19.5 20 30.5 20 8.5 30 19.5 30 30.5 30 41.5 30 8.5 41 18 41 32 41 41.5 41 
1 RRT 3.41827 0.35935 2.8034 260.59 171.44 8.5 8.5 18 8.5 32 8.5 41.5 8.5 8.5 20 19.5 20 30.5 20 41.5 20 8.5 30 19.5 30 30.5 30 41.5 30 8.5 41 18 41 32 41 41.5 41 
1 RRT 4.24417 0.37518 3.6075 440.84 306.04 30.5 20 8.5 8.5 18 8.5 32 8.5 41.5 8.5 8.5 20 19.5 20 41.5 20 8.5 30 19.5 30 30.5 30 41.5 30 8.5 41 18 41 32 41 41.5 41 
1 RRT 3.95093 0.36154 3.3337 448.49 289.24 8.5 30 8.5 8.5 18 8.5 32 8.5 41.5 8.5 8.5 20 19.5 20 30.5 20 41.5 20 19.5 30 30.5 30 41.5 30 8.5 41 18 41 32 41 41.5 41 
1 RRT 3.0191 0.46546 2.2326 496.92 314.3 8.5 41 8.5 8.5 18 8.5 32 8.5 41.5 8.5 8.5 20 19.5 20 30.5 20 41.5 20 8.5 30 19.5 30 30.5 30 41.5 30 18 41 32 41 41.5 41 
0 RRT 10.6306 0.36578 10.002 0 -1 19.5 20 8.5 8.5 18 8.5 32 8.5 41.5 8.5 8.5 20 30.5 20 41.5 20 8.5 30 19.5 30 30.5 30 41.5 30 8.5 41 18 41 32 41 41.5 41 
1 RRT 2.66199 0.35277 2.0564 363.58 237.99 30.5 30 8.5 8.5 18 8.5 32 8.5 41.5 8.5 8.5 20 19.5 20 30.5 20 41.5 20 8.5 30 19.5 30 41.5 30 8.5 41 18 41 32 41 41.5 41 
1 RRT 3.55077 0.42828 2.8102 593.17 397.91 8.5 8.5 18 8.5 32 8.5 41.5 8.5 8.5 20 19.5 20 30.5 20 41.5 20 8.5 30 19.5 30 30.5 30 41.5 30 8.5 41 18 41 32 41 41.5 41 
1 RRT 1.66731 0.37048 1.0366 309.63 215.35 41.5 30 8.5 8.5 18 8.5 32 8.5 41.5 8.5 8.5 20 19.5 20 30.5 20 41.5 20 8.5 30 19.5 30 30.5 30 8.5 41 18 41 32 41 41.5 41 
1 RRT 3.52184 0.3601 2.9059 403.65 251.32 41.5 20 8.5 8.5 18 8.5 32 8.5 41.5 8.5 8.5 20 19.5 20 30.5 20 8.5 30 19.5 30 30.5 30 41.5 30 8.5 41 18 41 32 41 41.5 41 
1 RRT 2.3479 0.39592 1.6592 371.22 280.04 41.5 20 8.5 8.5 18 8.5 32 8.5 41.5 8.5 8.5 20 19.5 20 30.5 20 8.5 30 19.5 30 30.5 30 41.5 30 8.5 41 18 41 32 41 41.5 41 
1 RRT 2.52165 0.3501 1.9201 495.58 338.39 8.5 20 8.5 8.5 18 8.5 32 8.5 41.5 8.5 19.5 20 30.5 20 41.5 20 8.5 30 19.5 30 30.5 30 41.5 30 8.5 41 18 41 32 41 41.5 41 
1 RRT 1.76191 0.35623 1.1526 519.77 349.29 41.5 20 8.5 8.5 18 8.5 32 8.5 41.5 8.5 8.5 20 19.5 20 30.5 20 8.5 30 19.5 30 30.5 30 41.5 30 8.5 41 18 41 32 41 41.5 41 
1 RRT 3.26618 0.37182 2.6296 368.55 221.79 30.5 20 8.5 8.5 18 8.5 32 8.5 41.5 8.5 8.5 20 19.5 20 41.5 20 8.5 30 19.5 30 30.5 30 41.5 30 8.5 41 18 41 32 41 41.5 41 
1 RRT 2.73435 0.42859 1.9883 506.51 325.01 32 8.5 8.5 8.5 18 8.5 41.5 8.5 8.5 20 19.5 20 30.5 20 41.5 20 8.5 30 19.5 30 30.5 30 41.5 30 8.5 41 18 41 32 41 41.5 41 
1 RRT 10.6983 0.36311 10.079 330.49 255.22 30.5 30 8.5 8.5 18 8.5 32 8.5 41.5 8.5 8.5 20 19.5 20 30.5 20 41.5 20 8.5 30 19.5 30 41.5 30 8.5 41 18 41 32 41 41.5 41 
1 RRT 2.85746 0.42864 2.1079 313.74 224.38 8.5 30 8.5 8.5 18 8.5 32 8.5 41.5 8.5 8.5 20 19.5 20 30.5 20 41.5 20 19.5 30 30.5 30 41.5 30 8.5 41 18 41 32 41 41.5 41 
1 RRT 2.39136 0.37586 1.7505 363.32 250.66 8.5 20 8.5 8.5 18 8.5 32 8.5 41.5 8.5 19.5 20 30.5 20 41.5 20 8.5 30 19.5 30 30.5 30 41.5 30 8.5 41 18 41 32 41 41.5 41 
1 RRT 4.9314 0.3624 4.314 308.29 201.47 41.5 30 8.5 8.5 18 8.5 32 8.5 41.5 8.5 8.5 20 19.5 20 30.5 20 41.5 20 8.5 30 19.5 30 30.5 30 8.5 41 18 41 32 41 41.5 41 
1 RRT 1.99789 0.34989 1.3978 398.62 273.63 41.5 30 8.5 8.5 18 8.5 32 8.5 41.5 8.5 8.5 20 19.5 20 30.5 20 41.5 20 8.5 30 19.5 30 30.5 30 8.5 41 18 41 32 41 41.5 41 
1 RRT 1.73134 0.34981 1.1324 458.97 292.88 30.5 20 8.5 8.5 18 8.5 32 8.5 41.5 8.5 8.5 20 19.5 20 41.5 20 8.5 30 19.5 30 30.5 30 41.5 30 8.5 41 18 41 32 41 41.5 41 
1 RRT 4.00002 0.35123 3.3959 652.74 422.55 41.5 30 8.5 8.5 18 8.5 32 8.5 41.5 8.5 8.5 20 19.5 20 30.5 20 41.5 20 8.5 30 19.5 30 30.5 30 8.5 41 18 41 32 41 41.5 41 
0 RRT 10.736 0.35939 10.118 0 -1 41.5 20 8.5 8.5 18 8.5 32 8.5 41.5 8.5 8.5 20 19.5 20 30.5 20 8.5 30 19.5 30 30.5 30 41.5 30 8.5 41 18 41 32 41 41.5 41 
1 RRT 3.57351 0.35498 2.9689 674.89 398.17 18 8.5 8.5 8.5 32 8.5 41.5 8.5 8.5 20 19.5 20 30.5 20 41.5 20 8.5 30 19.5 30 30.5 30 41.5 30 8.5 41 18 41 32 41 41.5 41 
1 RRT 2.16089 0.34815 1.5619 302.66 211.72 32 8.5 8.5 8.5 18 8.5 41.5 8.5 8.5 20 19.5 20 30.5 20 41.5 20 8.5 30 19.5 30 30.5 30 41.5 30 8.5 41 18 41 32 41 41.5 41 
1 RRT 2.22976 0.47319 1.4258 380.67 241.71 32 8.5 8.5 8.5 18 8.5 41.5 8.5 8.5 20 19.5 20 30.5 20 41.5 20 8.5 30 19.5 30 30.5 30 41.5 30 8.5 41 18 41 32 41 41.5 41 
1 RRT 3.35961 0.35565 2.7506 437.23 288.08 8.5 8.5 18 8.5 32 8.5 41.5 8.5 8.5 20 19.5 20 30.5 20 41.5 20 8.5 30 19.5 30 30.5 30 41.5 30 8.5 41 18 41 32 41 41.5 41 
1 RRT 3.65573 0.36355 3.0362 563.54 372.22 32 41 8.5 8.5 18 8.5 32 8.5 41.5 8.5 8.5 20 19.5 20 30.5 20 41.5 20 8.5 30 19.5 30 30.5 30 41.5 30 8.5 41 18 41 41.5 41 
1 RRT 2.77726 0.35683 2.1662 315.84 208.78 8.5 30 8.5 8.5 18 8.5 32 8.5 41.5 8.5 8.5 20 19.5 20 30.5 20 41.5 20 19.5 30 30.5 30 41.5 30 8.5 41 18 41 32 41 41.5 41 
1 RRT 1.385 0.36421 0.75564 381.58 267.77 32 8.5 8.5 8.5 18 8.5 41.5 8.5 8.5 20 19.5 20 30.5 20 41.5 20 8.5 30 19.5 30 30.5 30 41.5 30 8.5 41 18 41 32 41 41.5 41 
1 RRT 4.27488 0.37302 3.6348 420.61 306.46 30.5 30 8.5 8.5 18 8.5 32 8.5 41.5 8.5 8.5 20 19.5 20 30.5 20 41.5 20 8.5 30 19.5 30 41.5 30 8.5 41 18 41 32 41 41.5 41 
1 RRT 1.52233 0.35983 0.90658 504.64 310.4 8.5 30 8.5 8.5 18 8.5 32 8.5 41.5 8.5 8.5 20 19.5 20 30.5 20 41.5 20 19.5 30 30.5 30 41.5 30 8.5 41 18 41 32 41 41.5 41 
1 RRT 1.68685 0.35488 1.0785 462.18 313.44 18 8.5 8.5 8.5 32 8.5 41.5 8.5 8.5 20 19.5 20 30.5 20 41.5 20 8.5 30 19.5 30 30.5 30 41.5 30 8.5 41 18 41 32 41 41.5 41 
1 RRT 1.36855 0.36648 0.74278 358.15 253.57 8.5 20 8.5 8.5 18 8.5 32 8.5 41.5 8.5 19.5 20 30.5 20 41.5 20 8.5 30 19.5 30 30.5 30 41.5 30 8.5 41 18 41 32 41 41.5 41 
1 RRT 1.46205 0.37397 0.81051 393.62 258.87 32 41 8.5 8.5 18 8.5 32 8.5 41.5 8.5 8.5 20 19.5 20 30.5 20 41.5 20 8.5 30 19.5 30 30.5 30 41.5 30 8.5 41 18 41 41.5 41 
1 RRT 4.13478 0.35568 3.5273 324.59 220.35 41.5 20 8.5 8.5 18 8.5 32 8.5 41.5 8.5 8.5 20 19.5 20 30.5 20 8.5 30 19.5 30 30.5 30 41.5 30 8.5 41 18 41 32 41 41.5 41 
1 RRT 2.32902 0.35825 1.7139 519.8 323.93 41.5 30 8.5 8.5 18 8.5 32 8.5 41.5 8.5 8.5 20 19.5 20 30.5 20 41.5 20 8.5 30 19.5 30 30.5 30 8.5 41 18 41 32 41 41.5 41 
1 RRT 1.97751 0.36187 1.3588 410.65 305.3 41.5 41 8.5 8.5 18 8.5 32 8.5 41.5 8.5 8.5 20 19.5 20 30.5 20 41.5 20 8.5 30 19.5 30 30.5 30 41.5 30 8.5 41 18 41 32 41 
1 RRT 8.06301 0.36955 7.4379 518.42 347.51 8.5 20 8.5 8.5 18 8.5 32 8.5 41.5 8.5 19.5 20 30.5 20 41.5 20 8.5 30 19.5 30 30.5 30 41.5 30 8.5 41 18 41 32 41 41.5 41 
1 RRT 6.16544 0.36373 5.5438 505.78 340.32 30.5 20 8.5 8.5 18 8.5 32 8.5 41.5 8.5 8.5 20 19.5 20 41.5 20 8.5 30 19.5 30 30.5 30 41.5 30 8.5 41 18 41 32 41 41.5 41 
1 RRT 5.46295 0.35764 4.8518 552.86 315.27 32 8.5 8.5 8.5 18 8.5 41.5 8.5 8.5 20 19.5 20 30.5 20 41.5 20 8.5 30 19.5 30 30.5 30 41.5 30 8.5 41 18 41 32 41 41.5 41 
1 RRT 1.24747 0.35877 0.63629 310.58 191.43 19.5 20 8.5 8.5 18 8.5 32 8.5 41.5 8.5 8.5 20 30.5 20 41.5 20 8.5 30 19.5 30 30.5 30 41.5 30 8.5 41 18 41 32 41 41.5 41 
1 RRT 4.10377 0.37169 3.4667 422.43 290.86 41.5 20 8.5 8.5 18 8.5 32 8.5 41.5 8.5 8.5 20 19.5 20 30.5 20 8.5 30 19.5 30 30.5 30 41.5 30 8.5 41 18 41 32 41 41.5 41 
1 RRT 1.76203 0.35796 1.1465 405.59 278.82 8.5 30 8.5 8.5 18 8.5 32 8.5 41.5 8.5 8.5 20 19.5 20 30.5 20 41.5 20 19.5 30 30.5 30 41.5 30 8.5 41 18 41 32 41 41.5 41 
1 RRT 1.19946 0.37007 0.56874 323.6 215.02 41.5 41 8.5 8.5 18 8.5 32 8.5 41.5 8.5 8.5 20 19.5 20 30.5 20 41.5 20 8.5 30 19.5 30 30.5 30 41.5 30 8.5 41 18 41 32 41 
1 RRT 3.44282 0.36363 2.8172 562.49 356.56 32 41 8.5 8.5 18 8.5 32 8.5 41.5 8.5 8.5 20 19.5 20 30.5 20 41.5 20 8.5 30 19.5 30 30.5 30 41.5 30 8.5 41 18 41 41.5 41 
1 RRT 2.40053 0.35989 1.78 393.19 265.82 19.5 30 8.5 8.5 18 8.5 32 8.5 41.5 8.5 8.5 20 19.5 20 30.5 20 41.5 20 8.5 30 30.5 30 41.5 30 8.5 41 18 41 32 41 41.5 41 
1 RRT 5.90341 0.36217 5.2872 417.62 279.46 30.5 30 8.5 8.5 18 8.5 32 8.5 41.5 8.5 8.5 20 19.5 20 30.5 20 41.5 20 8.5 30 19.5 30 41.5 30 8.5 41 18 41 32 41 41.5 41 
0 RRT 10.618 0.36 10.002 0 -1 8.5 20 8.5 8.5 18 8.5 32 8.5 41.5 8.5 19.5 20 30.5 20 41.5 20 8.5 30 19.5 30 30.5 30 41.5 30 8.5 41 18 41 32 41 41.5 41 
1 RRT 1.82046 0.35899 1.2088 488.99 316.06 41.5 30 8.5 8.5 18 8.5 32 8.5 41.5 8.5 8.5 20 19.5 20 30.5 20 41.5 20 8.5 30 19.5 30 30.5 30 8.5 41 18 41 32 41 41.5 41 
1 RRT 3.56101 0.45735 2.7882 453.03 292.26 18 8.5 8.5 8.5 32 8.5 41.5 8.5 8.5 20 19.5 20 30.5 20 41.5 20 8.5 30 19.5 30 30.5 30 41.5 30 8.5 41 18 41 32 41 41.5 41 
0 RRT 10.7911 0.36126 10.171 0 -1 32 8.5 8.5 8.5 18 8.5 41.5 8.5 8.5 20 19.5 20 30.5 20 41.5 20 8.5 30 19.5 30 30.5 30 41.5 30 8.5 41 18 41 32 41 41.5 41 
1 RRT 2.05485 0.35714 1.4421 377.63 238.65 8.5 41 8.5 8.5 18 8.5 32 8.5 41.5 8.5 8.5 20 19.5 20 30.5 20 41.5 20 8.5 30 19.5 30 30.5 30 41.5 30 18 41 32 41 41.5 41 
1 RRT 6.13077 0.36807 5.5003 460.52 320.6 18 41 8.5 8.5 18 8.5 32 8.5 41.5 8.5 8.5 20 19.5 20 30.5 20 41.5 20 8.5 30 19.5 30 30.5 30 41.5 30 8.5 41 32 41 41.5 41 
1 RRT 2.76239 0.36559 2.1409 381.67 230.52 19.5 20 8.5 8.5 18 8.5 32 8.5 41.5 8.5 8.5 20 30.5 20 41.5 20 8.5 30 19.5 30 30.5 30 41.5 30 8.5 41 18 41 32 41 41.5 41 
1 RRT 1.31686 0.35141 0.7139 303.29 200.14 18 41 8.5 8.5 18 8.5 32 8.5 41.5 8.5 8.5 20 19.5 20 30.5 20 41.5 20 8.5 30 19.5 30 30.5 30 41.5 30 8.5 41 32 41 41.5 41 
1 RRT 2.77566 0.36009 2.1603 516.75 340.12 41.5 8.5 8.5 8.5 18 8.5 32 8.5 8.5 20 19.5 20 30.5 20 41.5 20 8.5 30 19.5 30 30.5 30 41.5 30 8.5 41 18 41 32 41 41.5 41 
1 RRT 7.46359 0.44518 6.7084 394.75 285.78 41.5 20 8.5 8.5 18 8.5 32 8.5 41.5 8.5 8.5 20 19.5 20 30.5 20 8.5 30 19.5 30 30.5 30 41.5 30 8.5 41 18 41 32 41 41.5 41 
1 RRT 2.92371 0.33972 2.3405 496.41 296.65 30.5 20 8.5 8.5 18 8.5 32 8.5 41.5 8.5 8.5 20 19.5 20 41.5 20 8.5 30 19.5 30 30.5 30 41.5 30 8.5 41 18 41 32 41 41.5 41 
0 RRT 10.6197 0.35419 10.013 0 -1 41.5 30 8.5 8.5 18 8.5 32 8.5 41.5 8.5 8.5 20 19.5 20 30.5 20 41.5 20 8.5 30 19.5 30 30.5 30 8.5 41 18 41 32 41 41.5 41 
1 RRT 4.519 0.35828 3.9083 723.22 468.73 32 41 8.5 8.5 18 8.5 32 8.5 41.5 8.5 8.5 20 19.5 20 30.5 20 41.5 20 8.5 30 19.5 30 30.5 30 41.5 30 8.5 41 18 41 41.5 41 
1 RRT 1.2009 0.36447 0.57649 525.66 322.59 8.5 20 8.5 8.5 18 8.5 32 8.5 41.5 8.5 19.5 20 30.5 20 41.5 20 8.5 30 19.5 30 30.5 30 41.5 30 8.5 41 18 41 32 41 41.5 41 
1 RRT 3.82522 0.48208 3.0123 477.2 301.43 19.5 30 8.5 8.5 18 8.5 32 8.5 41.5 8.5 8.5 20 19.5 20 30.5 20 41.5 20 8.5 30 30.5 30 41.5 30 8.5 41 18 41 32 41 41.5 41 
1 RRT 1.71333 0.35202 1.1067 318.85 202 8.5 20 8.5 8.5 18 8.5 32 8.5 41.5 8.5 19.5 20 30.5 20 41.5 20 8.5 30 19.5 30 30.5 30 41.5 30 8.5 41 18 41 32 41 41.5 41 
1 RRT 4.29215 0.35763 3.6808 552.72 339.96 8.5 20 8.5 8.5 18 8.5 32 8.5 41.5 8.5 19.5 20 30.5 20 41.5 20 8.5 30 19.5 30 30.5 30 41.5 30 8.5 41 18 41 32 41 41.5 41 
1 RRT 4.06522 0.35468 3.457 431.76 279.52 19.5 30 8.5 8.5 18 8.5 32 8.5 41.5 8.5 8.5 20 19.5 20 30.5 20 41.5 20 8.5 30 30.5 30 41.5 30 8.5 41 18 41 32 41 41.5 41 
1 RRT 2.82145 0.34954 2.2237 421.83 262.43 8.5 41 8.5 8.5 18 8.5 32 8.5 41.5 8.5 8.5 20 19.5 20 30.5 20 41.5 20 8.5 30 19.5 30 30.5 30 41.5 30 18 41 32 41 41.5 41 
1 RRT 3.80427 0.36677 3.1776 593.07 409.3 18 41 8.5 8.5 18 8.5 32 8.5 41.5 8.5 8.5 20 19.5 20 30.5 20 41.5 20 8.5 30 19.5 30 30.5 30 41.5 30 8.5 41 32 41 41.5 41 
0 RRT 10.691 0.3791 10.035 0 -1 41.5 30 8.5 8.5 18 8.5 32 8.5 41.5 8.5 8.5 20 19.5 20 30.5 20 41.5 20 8.5 30 19.5 30 30.5 30 8.5 41 18 41 32 41 41.5 41 
0 RRT 10.7016 0.40363 10.001 0 -1 30.5 20 8.5 8.5 18 8.5 32 8.5 41.5 8.5 8.5 20 19.5 20 41.5 20 8.5 30 19.5 30 30.5 30 41.5 30 8.5 41 18 41 32 41 41.5 41 
1 RRT 4.96561 0.36994 4.3335 367.02 252.71 30.5 30 8.5 8.5 18 8.5 32 8.5 41.5 8.5 8.5 20 19.5 20 30.5 20 41.5 20 8.5 30 19.5 30 41.5 30 8.5 41 18 41 32 41 41.5 41 
1 RRT 3.14802 0.3599 2.5293 445.36 282.19 8.5 41 8.5 8.5 18 8.5 32 8.5 41.5 8.5 8.5 20 19.5 20 30.5 20 41.5 20 8.5 30 19.5 30 30.5 30 41.5 30 18 41 32 41 41.5 41 
0 RRT 10.6061 0.35488 10.001 0 -1 8.5 20 8.5 8.5 18 8.5 32 8.5 41.5 8.5 19.5 20 30.5 20 41.5 20 8.5 30 19.5 30 30.5 30 41.5 30 8.5 41 18 41 32 41 41.5 41 
1 RRT 6.13698 0.37817 5.4962 540.95 351.22 18 8.5 8.5 8.5 32 8.5 41.5 8.5 8.5 20 19.5 20 30.5 20 41.5 20 8.5 30 19.5 30 30.5 30 41.5 30 8.5 41 18 41 32 41 41.5 41 
1 RRT 2.2307 0.36808 1.602 478.99 331.85 41.5 30 8.5 8.5 18 8.5 32 8.5 41.5 8.5 8.5 20 19.5 20 30.5 20 41.5 20 8.5 30 19.5 30 30.5 30 8.5 41 18 41 32 41 41.5 41 
1 RRT 4.28349 0.36459 3.6579 556.08 339.75 32 8.5 8.5 8.5 18 8.5 41.5 8.5 8.5 20 19.5 20 30.5 20 41.5 20 8.5 30 19.5 30 30.5 30 41.5 30 8.5 41 18 41 32 41 41.5 41 
1 RRT 3.26346 0.37332 2.6241 296.96 185.55 41.5 20 8.5 8.5 18 8.5 32 8.5 41.5 8.5 8.5 20 19.5 20 30.5 20 8.5 30 19.5 30 30.5 30 41.5 30 8.5 41 18 41 32 41 41.5 41 
1 RRT 2.73685 0.36987 2.1 590.99 384.13 41.5 41 8.5 8.5 18 8.5 32 8.5 41.5 8.5 8.5 20 19.5 20 30.5 20 41.5 20 8.5 30 19.5 30 30.5 30 41.5 30 8.5 41 18 41 32 41 
1 RRT 3.83127 0.35648 3.2225 426.17 266.7 8.5 8.5 18 8.5 32 8.5 41.5 8.5 8.5 20 19.5 20 30.5 20 41.5 20 8.5 30 19.5 30 30.5 30 41.5 30 8.5 41 18 41 32 41 41.5 41 
1 RRT 3.14856 0.35497 2.5406 432.7 277.62 18 41 8.5 8.5 18 8.5 32 8.5 41.5 8.5 8.5 20 19.5 20 30.5 20 41.5 20 8.5 30 19.5 30 30.5 30 41.5 30 8.5 41 32 41 41.5 41 
1 RRT 2.62116 0.3563 2.0097 380.83 253.56 19.5 30 8.5 8.5 18 8.5 32 8.5 41.5 8.5 8.5 20 19.5 20 30.5 20 41.5 20 8.5 30 30.5 30 41.5 30 8.5 41 18 41 32 41 41.5 41 
0 RRT 10.6278 0.36377 10.002 0 -1 41.5 41 8.5 8.5 18 8.5 32 8.5 41.5 8.5 8.5 20 19.5 20 30.5 20 41.5 20 8.5 30 19.5 30 30.5 30 41.5 30 8.5 41 18 41 32 41 
1 RRT 2.40841 0.37004 1.7711 529.17 360.12 8.5 41 8.5 8.5 18 8.5 32 8.5 41.5 8.5 8.5 20 19.5 20 30.5 20 41.5 20 8.5 30 19.5 30 30.5 30 41.5 30 18 41 32 41 41.5 41 
1 RRT 6.23415 0.453 5.4659 540.31 343.1 19.5 30 8.5 8.5 18 8.5 32 8.5 41.5 8.5 8.5 20 19.5 20 30.5 20 41.5 20 8.5 30 30.5 30 41.5 30 8.5 41 18 41 32 41 41.5 41 
0 RRT 10.6316 0.36699 10.001 0 -1 30.5 20 8.5 8.5 18 8.5 32 8.5 41.5 8.5 8.5 20 19.5 20 41.5 20 8.5 30 19.5 30 30.5 30 41.5 30 8.5 41 18 41 32 41 41.5 41 
1 RRT 5.51993 0.36752 4.8951 623.21 435.94 8.5 20 8.5 8.5 18 8.5 32 8.5 41.5 8.5 19.5 20 30.5 20 41.5 20 8.5 30 19.5 30 30.5 30 41.5 30 8.5 41 18 41 32 41 41.5 41 
1 RRT 1.42936 0.36997 0.79896 343.64 222.56 32 8.5 8.5 8.5 18 8.5 41.5 8.5 8.5 20 19.5 20 30.5 20 41.5 20 8.5 30 19.5 30 30.5 30 41.5 30 8.5 41 18 41 32 41 41.5 41 
0 RRT 10.617 0.35967 10.002 0 -1 41.5 20 8.5 8.5 18 8.5 32 8.5 41.5 8.5 8.5 20 19.5 20 30.5 20 8.5 30 19.5 30 30.5 30 41.5 30 8.5 41 18 41 32 41 41.5 41 
1 RRT 2.06863 0.35834 1.4543 369.51 226.3 8.5 41 8.5 8.5 18 8.5 32 8.5 41.5 8.5 8.5 20 19.5 20 30.5 20 41.5 20 8.5 30 19.5 30 30.5 30 41.5 30 18 41 32 41 41.5 41 
1 RRT 1.37073 0.35698 0.75871 515.05 304.12 30.5 30 8.5 8.5 18 8.5 32 8.5 41.5 8.5 8.5 20 19.5 20 30.5 20 41.5 20 8.5 30 19.5 30 41.5 30 8.5 41 18 41 32 41 41.5 41 
1 RRT 5.48303 0.3753 4.8383 494.64 316.27 41.5 20 8.5 8.5 18 8.5 32 8.5 41.5 8.5 8.5 20 19.5 20 30.5 20 8.5 30 19.5 30 30.5 30 41.5 30 8.5 41 18 41 32 41 41.5 41 
1 RRT 2.03778 0.35458 1.4295 610.62 390.31 41.5 41 8.5 8.5 18 8.5 32 8.5 41.5 8.5 8.5 20 19.5 20 30.5 20 41.5 20 8.5 30 19.5 30 30.5 30 41.5 30 8.5 41 18 41 32 41 
1 RRT 2.3315 0.45887 1.5426 461.66 308.35 32 8.5 8.5 8.5 18 8.5 41.5 8.5 8.5 20 19.5 20 30.5 20 41.5 20 8.5 30 19.5 30 30.5 30 41.5 30 8.5 41 18 41 32 41 41.5 41 
0 RRT 10.6043 0.3508 10.001 0 -1 32 8.5 8.5 8.5 18 8.5 41.5 8.5 8.5 20 19.5 20 30.5 20 41.5 20 8.5 30 19.5 30 30.5 30 41.5 30 8.5 41 18 41 32 41 41.5 41 
1 RRT 1.64024 0.4414 0.88853 421.27 231.35 32 8.5 8.5 8.5 18 8.5 41.5 8.5 8.5 20 19.5 20 30.5 20 41.5 20 8.5 30 19.5 30 30.5 30 41.5 30 8.5 41 18 41 32 41 41.5 41 
1 RRT 1.05689 0.36998 0.42632 252.19 157.62 41.5 30 8.5 8.5 18 8.5 32 8.5 41.5 8.5 8.5 20 19.5 20 30.5 20 41.5 20 8.5 30 19.5 30 30.5 30 8.5 41 18 41 32 41 41.5 41 
