1 RRT 2.32523 0.34506 1.7203 271.84 164 8 42 8 7.5 25 7.5 42.5 7.5 8 25 25 25 42.5 25 25 42 42.5 42 
1 RRT 3.31988 0.36043 2.6901 378.79 234.54 42.5 42 8 7.5 25 7.5 42.5 7.5 8 25 25 25 42.5 25 8 42 25 42 
1 RRT 9.84646 0.41958 9.1165 438.98 284.2 42.5 7.5 8 7.5 25 7.5 8 25 25 25 42.5 25 8 42 25 42 42.5 42 
1 RRT 3.66782 0.43432 2.9106 420.44 298.79 8 42 8 7.5 25 7.5 42.5 7.5 8 25 25 25 42.5 25 25 42 42.5 42 
1 RRT 5.25506 0.37037 4.6103 393.68 264.78 25 25 8 7.5 25 7.5 42.5 7.5 8 25 42.5 25 8 42 25 42 42.5 42 
1 RRT 2.73203 0.37415 2.0837 302.18 201.75 25 42 8 7.5 25 7.5 42.5 7.5 8 25 25 25 42.5 25 8 42 42.5 42 
1 RRT 2.11396 0.37001 1.4704 337.49 216.67 25 25 8 7.5 25 7.5 42.5 7.5 8 25 42.5 25 8 42 25 42 42.5 42 
1 RRT 2.69785 0.40124 1.9966 280.83 172.22 42.5 25 8 7.5 25 7.5 42.5 7.5 8 25 25 25 8 42 25 42 42.5 42 
1 RRT 2.92599 0.40451 2.2233 345.11 212.4 25 25 8 7.5 25 7.5 42.5 7.5 8 25 42.5 25 8 42 25 42 42.5 42 
1 RRT 1.94174 0.39002 1.262 246.58 167.19 42.5 7.5 8 7.5 25 7.5 8 25 25 25 42.5 25 8 42 25 42 42.5 42 
1 RRT 9.2714 0.44555 8.4992 345.44 267.18 25 25 8 7.5 25 7.5 42.5 7.5 8 25 42.5 25 8 42 25 42 42.5 42 
1 RRT 2.62773 0.43288 1.8745 338.81 226.15 8 42 8 7.5 25 7.5 42.5 7.5 8 25 25 25 42.5 25 25 42 42.5 42 
0 RRT 10.6673 0.36914 10.023 0 -1 25 7.5 8 7.5 42.5 7.5 8 25 25 25 42.5 25 8 42 25 42 42.5 42 
1 RRT 5.71781 0.35744 5.0943 337.52 228.41 8 25 8 7.5 25 7.5 42.5 7.5 25 25 42.5 25 8 42 25 42 42.5 42 
1 RRT 2.96509 0.36918 2.3212 471.88 305.17 8 42 8 7.5 25 7.5 42.5 7.5 8 25 25 25 42.5 25 25 42 42.5 42 
1 RRT 1.87175 0.39849 1.1846 390.77 224.84 25 42 8 7.5 25 7.5 42.5 7.5 8 25 25 25 42.5 25 8 42 42.5 42 
1 RRT 3.6594 0.33032 3.074 280.1 173.31 8 25 8 7.5 25 7.5 42.5 7.5 25 25 42.5 25 8 42 25 42 42.5 42 
1 RRT 3.33777 0.33989 2.7422 315.91 199.19 25 7.5 8 7.5 42.5 7.5 8 25 25 25 42.5 25 8 42 25 42 42.5 42 
1 RRT 2.41456 0.33095 1.8312 343.04 234.68 42.5 25 8 7.5 25 7.5 42.5 7.5 8 25 25 25 8 42 25 42 42.5 42 
0 RRT 10.6292 0.36361 10.001 0 -1 42.5 42 8 7.5 25 7.5 42.5 7.5 8 25 25 25 42.5 25 8 42 25 42 
1 RRT 2.32227 0.36751 1.6965 389.87 260.33 25 7.5 8 7.5 42.5 7.5 8 25 25 25 42.5 25 8 42 25 42 42.5 42 
1 RRT 1.81472 0.34824 1.2079 228.83 135.34 8 7.5 25 7.5 42.5 7.5 8 25 25 25 42.5 25 8 42 25 42 42.5 42 
1 RRT 3.21135 0.43115 2.4593 319.89 213.14 42.5 42 8 7.5 25 7.5 42.5 7.5 8 25 25 25 42.5 25 8 42 25 42 
1 RRT 1.67953 0.43149 0.9254 200.95 130.27 25 25 8 7.5 25 7.5 42.5 7.5 8 25 42.5 25 8 42 25 42 42.5 42 
1 RRT 4.35949 0.36716 3.7194 421.88 263.06 42.5 25 8 7.5 25 7.5 42.5 7.5 8 25 25 25 8 42 25 42 42.5 42 
1 RRT 2.65867 0.37573 2.0057 421.55 252.45 8 7.5 25 7.5 42.5 7.5 8 25 25 25 42.5 25 8 42 25 42 42.5 42 
1 RRT 4.67988 0.3743 4.0306 390.77 270.3 8 25 8 7.5 25 7.5 42.5 7.5 25 25 42.5 25 8 42 25 42 42.5 42 
1 RRT 3.96439 0.37505 3.315 359.49 222.57 42.5 25 8 7.5 25 7.5 42.5 7.5 8 25 25 25 8 42 25 42 42.5 42 
0 RRT 10.6144 0.34909 10.001 0 -1 25 25 8 7.5 25 7.5 42.5 7.5 8 25 42.5 25 8 42 25 42 42.5 42 
1 RRT 1.66891 0.35044 1.0565 256.52 141.25 42.5 25 8 7.5 25 7.5 42.5 7.5 8 25 25 25 8 42 25 42 42.5 42 
1 RRT 4.65918 0.37685 4.0085 356.6 235.97 42.5 7.5 8 7.5 25 7.5 8 25 25 25 42.5 25 8 42 25 42 42.5 42 
1 RRT 4.97736 0.35791 4.3488 394.78 262 8 42 8 7.5 25 7.5 42.5 7.5 8 25 25 25 42.5 25 25 42 42.5 42 
1 RRT 2.99891 0.3716 2.3568 382.91 269.87 25 25 8 7.5 25 7.5 42.5 7.5 8 25 42.5 25 8 42 25 42 42.5 42 
1 RRT 2.10257 0.33858 1.5063 280.81 173.39 25 25 8 7.5 25 7.5 42.5 7.5 8 25 42.5 25 8 42 25 42 42.5 42 
1 RRT 2.23129 0.39009 1.555 288.13 185.55 42.5 42 8 7.5 25 7.5 42.5 7.5 8 25 25 25 42.5 25 8 42 25 42 
1 RRT 6.05991 0.41786 5.333 391.57 246.32 42.5 7.5 8 7.5 25 7.5 8 25 25 25 42.5 25 8 42 25 42 42.5 42 
1 RRT 2.17765 0.39238 1.5108 379.16 235.61 42.5 25 8 7.5 25 7.5 42.5 7.5 8 25 25 25 8 42 25 42 42.5 42 
1 RRT 2.7312 0.35588 2.1159 273.42 159.74 8 42 8 7.5 25 7.5 42.5 7.5 8 25 25 25 42.5 25 25 42 42.5 42 
1 RRT 6.17261 0.34768 5.563 510.9 334.44 8 7.5 25 7.5 42.5 7.5 8 25 25 25 42.5 25 8 42 25 42 42.5 42 
1 RRT 3.77429 0.3404 3.1735 377.69 243.72 42.5 42 8 7.5 25 7.5 42.5 7.5 8 25 25 25 42.5 25 8 42 25 42 
1 RRT 5.06021 0.33829 4.4654 378.88 239.73 8 7.5 25 7.5 42.5 7.5 8 25 25 25 42.5 25 8 42 25 42 42.5 42 
1 RRT 4.59399 0.33638 4.0033 371.11 230.58 8 25 8 7.5 25 7.5 42.5 7.5 25 25 42.5 25 8 42 25 42 42.5 42 
1 RRT 3.2191 0.33796 2.6257 550.91 350.88 42.5 42 8 7.5 25 7.5 42.5 7.5 8 25 25 25 42.5 25 8 42 25 42 
1 RRT 2.24622 0.32993 1.6655 254.04 163.55 42.5 25 8 7.5 25 7.5 42.5 7.5 8 25 25 25 8 42 25 42 42.5 42 
1 RRT 4.4909 0.33847 3.8961 288.02 189.83 8 7.5 25 7.5 42.5 7.5 8 25 25 25 42.5 25 8 42 25 42 42.5 42 
1 RRT 3.61082 0.33972 3.0133 409.53 251.97 8 7.5 25 7.5 42.5 7.5 8 25 25 25 42.5 25 8 42 25 42 42.5 42 
1 RRT 1.18333 0.34637 0.57705 360.33 217.09 42.5 25 8 7.5 25 7.5 42.5 7.5 8 25 25 25 8 42 25 42 42.5 42 
1 RRT 3.22395 0.35288 2.6054 447.86 299.84 25 42 8 7.5 25 7.5 42.5 7.5 8 25 25 25 42.5 25 8 42 42.5 42 
1 RRT 2.32435 0.33935 1.7276 439.68 271.08 8 42 8 7.5 25 7.5 42.5 7.5 8 25 25 25 42.5 25 25 42 42.5 42 
1 RRT 2.3564 0.35056 1.7405 243.83 173.15 42.5 7.5 8 7.5 25 7.5 8 25 25 25 42.5 25 8 42 25 42 42.5 42 
1 RRT 4.51352 0.33677 3.922 472.51 287.07 42.5 7.5 8 7.5 25 7.5 8 25 25 25 42.5 25 8 42 25 42 42.5 42 
0 RRT 10.6497 0.37032 10.001 0 -1 8 42 8 7.5 25 7.5 42.5 7.5 8 25 25 25 42.5 25 25 42 42.5 42 
1 RRT 1.93211 0.37612 1.2836 378.64 261.15 8 7.5 25 7.5 42.5 7.5 8 25 25 25 42.5 25 8 42 25 42 42.5 42 
0 RRT 10.7102 0.38145 10.05 0 -1 8 7.5 25 7.5 42.5 7.5 8 25 25 25 42.5 25 8 42 25 42 42.5 42 
0 RRT 10.6449 0.37002 10.002 0 -1 25 42 8 7.5 25 7.5 42.5 7.5 8 25 25 25 42.5 25 8 42 42.5 42 
1 RRT 3.14424 0.335 2.5537 317.09 186.94 8 25 8 7.5 25 7.5 42.5 7.5 25 25 42.5 25 8 42 25 42 42.5 42 
1 RRT 2.65452 0.32348 2.0836 259.85 158.23 8 42 8 7.5 25 7.5 42.5 7.5 8 25 25 25 42.5 25 25 42 42.5 42 
1 RRT 2.27772 0.46161 1.4762 296.01 181.11 25 7.5 8 7.5 42.5 7.5 8 25 25 25 42.5 25 8 42 25 42 42.5 42 
1 RRT 1.10178 0.33489 0.5109 343.61 201.4 25 42 8 7.5 25 7.5 42.5 7.5 8 25 25 25 42.5 25 8 42 42.5 42 
1 RRT 1.68749 0.43654 0.92823 267.09 154.28 8 25 8 7.5 25 7.5 42.5 7.5 25 25 42.5 25 8 42 25 42 42.5 42 
1 RRT 1.92184 0.43062 1.1736 244.64 150.67 8 42 8 7.5 25 7.5 42.5 7.5 8 25 25 25 42.5 25 25 42 42.5 42 
1 RRT 2.49651 0.43217 1.7442 416 253.6 25 25 8 7.5 25 7.5 42.5 7.5 8 25 42.5 25 8 42 25 42 42.5 42 
1 RRT 4.4205 0.38654 3.7304 270.94 198.26 8 7.5 25 7.5 42.5 7.5 8 25 25 25 42.5 25 8 42 25 42 42.5 42 
1 RRT 4.00053 0.33467 3.4113 330.07 218.27 42.5 42 8 7.5 25 7.5 42.5 7.5 8 25 25 25 42.5 25 8 42 25 42 
0 RRT 10.7386 0.3349 10.147 0 -1 25 25 8 7.5 25 7.5 42.5 7.5 8 25 42.5 25 8 42 25 42 42.5 42 
1 RRT 5.08194 0.33425 4.4925 383.93 268.63 42.5 25 8 7.5 25 7.5 42.5 7.5 8 25 25 25 8 42 25 42 42.5 42 
1 RRT 1.72599 0.34308 1.1219 316.97 205.17 25 7.5 8 7.5 42.5 7.5 8 25 25 25 42.5 25 8 42 25 42 42.5 42 
1 RRT 2.38641 0.35055 1.7729 325.56 204.59 42.5 42 8 7.5 25 7.5 42.5 7.5 8 25 25 25 42.5 25 8 42 25 42 
1 RRT 2.24302 0.34709 1.6324 335.25 222.11 25 42 8 7.5 25 7.5 42.5 7.5 8 25 25 25 42.5 25 8 42 42.5 42 
1 RRT 2.76463 0.3333 2.1785 290.06 195.19 25 25 8 7.5 25 7.5 42.5 7.5 8 25 42.5 25 8 42 25 42 42.5 42 
1 RRT 3.44305 0.33671 2.8502 330.81 201.17 25 25 8 7.5 25 7.5 42.5 7.5 8 25 42.5 25 8 42 25 42 42.5 42 
0 RRT 10.6657 0.33332 10.08 0 -1 8 25 8 7.5 25 7.5 42.5 7.5 25 25 42.5 25 8 42 25 42 42.5 42 
0 RRT 10.5807 0.32832 10.001 0 -1 25 25 8 7.5 25 7.5 42.5 7.5 8 25 42.5 25 8 42 25 42 42.5 42 
1 RRT 3.82594 0.34467 3.2195 411.15 257.54 25 7.5 8 7.5 42.5 7.5 8 25 25 25 42.5 25 8 42 25 42 42.5 42 
1 RRT 3.14236 0.3392 2.5457 410.21 267.25 25 7.5 8 7.5 42.5 7.5 8 25 25 25 42.5 25 8 42 25 42 42.5 42 
1 RRT 2.22458 0.33415 1.6377 299.33 200.05 42.5 25 8 7.5 25 7.5 42.5 7.5 8 25 25 25 8 42 25 42 42.5 42 
1 RRT 4.19814 0.35418 3.5756 285.81 165.1 42.5 25 8 7.5 25 7.5 42.5 7.5 8 25 25 25 8 42 25 42 42.5 42 
1 RRT 6.36787 0.34452 5.7652 457.32 325.29 42.5 7.5 8 7.5 25 7.5 8 25 25 25 42.5 25 8 42 25 42 42.5 42 
1 RRT 1.6363 0.33833 1.0401 273.83 183.98 8 42 8 7.5 25 7.5 42.5 7.5 8 25 25 25 42.5 25 25 42 42.5 42 
1 RRT 2.77336 0.33731 2.178 357.49 220.4 25 42 8 7.5 25 7.5 42.5 7.5 8 25 25 25 42.5 25 8 42 42.5 42 
1 RRT 1.54899 0.33721 0.95411 300.8 188.86 8 42 8 7.5 25 7.5 42.5 7.5 8 25 25 25 42.5 25 25 42 42.5 42 
1 RRT 3.87463 0.45193 3.0892 576.64 377.91 42.5 25 8 7.5 25 7.5 42.5 7.5 8 25 25 25 8 42 25 42 42.5 42 
1 RRT 2.38757 0.4016 1.6901 255.91 169.27 25 25 8 7.5 25 7.5 42.5 7.5 8 25 42.5 25 8 42 25 42 42.5 42 
1 RRT 2.20698 0.3671 1.5727 340.94 225.73 8 42 8 7.5 25 7.5 42.5 7.5 8 25 25 25 42.5 25 25 42 42.5 42 
1 RRT 5.23539 0.35597 4.617 274 165.2 25 42 8 7.5 25 7.5 42.5 7.5 8 25 25 25 42.5 25 8 42 42.5 42 
1 RRT 3.58393 0.37381 2.9273 364.75 227.74 8 42 8 7.5 25 7.5 42.5 7.5 8 25 25 25 42.5 25 25 42 42.5 42 
1 RRT 2.05076 0.323 1.478 481.67 294.49 8 42 8 7.5 25 7.5 42.5 7.5 8 25 25 25 42.5 25 25 42 42.5 42 
0 RRT 10.6411 0.36846 10.002 0 -1 8 42 8 7.5 25 7.5 42.5 7.5 8 25 25 25 42.5 25 25 42 42.5 42 
1 RRT 1.39071 0.37076 0.74873 296.12 210.47 8 25 8 7.5 25 7.5 42.5 7.5 25 25 42.5 25 8 42 25 42 42.5 42 
1 RRT 2.43192 0.39037 1.7636 532.1 341.46 42.5 25 8 7.5 25 7.5 42.5 7.5 8 25 25 25 8 42 25 42 42.5 42 
1 RRT 2.92787 0.42782 2.1814 299.61 197.21 25 42 8 7.5 25 7.5 42.5 7.5 8 25 25 25 42.5 25 8 42 42.5 42 
1 RRT 3.50383 0.38056 2.8491 369.11 218.03 42.5 25 8 7.5 25 7.5 42.5 7.5 8 25 25 25 8 42 25 42 42.5 42 
1 RRT 2.68482 0.4265 1.9387 310.02 173.05 42.5 42 8 7.5 25 7.5 42.5 7.5 8 25 25 25 42.5 25 8 42 25 42 
1 RRT 1.7196 0.4163 0.99446 354.48 222.63 25 7.5 8 7.5 42.5 7.5 8 25 25 25 42.5 25 8 42 25 42 42.5 42 
1 RRT 1.8117 0.42582 1.071 313.55 230.95 25 25 8 7.5 25 7.5 42.5 7.5 8 25 42.5 25 8 42 25 42 42.5 42 
1 RRT 5.49355 0.41486 4.7564 400.91 273.55 25 42 8 7.5 25 7.5 42.5 7.5 8 25 25 25 42.5 25 8 42 42.5 42 
1 RRT 2.28936 0.33908 1.693 374.72 237.49 42.5 25 8 7.5 25 7.5 42.5 7.5 8 25 25 25 8 42 25 42 42.5 42 
1 RRT 4.76206 0.337 4.1684 409.21 270.92 25 7.5 8 7.5 42.5 7.5 8 25 25 25 42.5 25 8 42 25 42 42.5 42 
1 RRT 1.53439 0.33011 0.95017 336.76 225.31 8 25 8 7.5 25 7.5 42.5 7.5 25 25 42.5 25 8 42 25 42 42.5 42 
1 RRT 7.16129 0.41727 6.4153 309.93 203.7 25 7.5 8 7.5 42.5 7.5 8 25 25 25 42.5 25 8 42 25 42 42.5 42 
1 RRT 1.69056 0.38167 1.0081 323.01 197.22 42.5 25 8 7.5 25 7.5 42.5 7.5 8 25 25 25 8 42 25 42 42.5 42 
1 RRT 3.02614 0.34419 2.4211 393.81 256.45 42.5 42 8 7.5 25 7.5 42.5 7.5 8 25 25 25 42.5 25 8 42 25 42 
1 RRT 2.8187 0.33823 2.2216 449.48 299.72 8 7.5 25 7.5 42.5 7.5 8 25 25 25 42.5 25 8 42 25 42 42.5 42 
1 RRT 4.94591 0.34661 4.338 492.41 328.64 8 42 8 7.5 25 7.5 42.5 7.5 8 25 25 25 42.5 25 25 42 42.5 42 
1 RRT 5.34865 0.45488 4.5607 352.19 207.92 8 7.5 25 7.5 42.5 7.5 8 25 25 25 42.5 25 8 42 25 42 42.5 42 
1 RRT 2.64052 0.335 2.0508 244.63 154.6 25 25 8 7.5 25 7.5 42.5 7.5 8 25 42.5 25 8 42 25 42 42.5 42 
1 RRT 2.2803 0.34217 1.6818 406.38 270.54 25 42 8 7.5 25 7.5 42.5 7.5 8 25 25 25 42.5 25 8 42 42.5 42 
1 RRT 3.14742 0.38599 2.4576 319.64 231.57 8 7.5 25 7.5 42.5 7.5 8 25 25 25 42.5 25 8 42 25 42 42.5 42 
1 RRT 3.23975 0.3414 2.6374 411.09 250.6 8 7.5 25 7.5 42.5 7.5 8 25 25 25 42.5 25 8 42 25 42 42.5 42 
1 RRT 3.90735 0.34022 3.3091 511.28 300.97 8 7.5 25 7.5 42.5 7.5 8 25 25 25 42.5 25 8 42 25 42 42.5 42 
1 RRT 6.48894 0.33141 5.9058 438.77 297.34 25 42 8 7.5 25 7.5 42.5 7.5 8 25 25 25 42.5 25 8 42 42.5 42 
1 RRT 6.67737 0.33301 6.0913 348.25 224.02 8 25 8 7.5 25 7.5 42.5 7.5 25 25 42.5 25 8 42 25 42 42.5 42 
1 RRT 3.50409 0.3333 2.9172 485.93 323.46 8 7.5 25 7.5 42.5 7.5 8 25 25 25 42.5 25 8 42 25 42 42.5 42 
1 RRT 3.48654 0.33548 2.8947 309.38 248.98 42.5 7.5 8 7.5 25 7.5 8 25 25 25 42.5 25 8 42 25 42 42.5 42 
1 RRT 4.03684 0.34246 3.4324 384.12 244.98 42.5 7.5 8 7.5 25 7.5 8 25 25 25 42.5 25 8 42 25 42 42.5 42 
0 RRT 10.5998 0.33878 10.001 0 -1 42.5 7.5 8 7.5 25 7.5 8 25 25 25 42.5 25 8 42 25 42 42.5 42 
1 RRT 2.46276 0.34199 1.8624 347.97 229.25 8 25 8 7.5 25 7.5 42.5 7.5 25 25 42.5 25 8 42 25 42 42.5 42 
1 RRT 1.80344 0.34427 1.2021 358.04 213.21 25 7.5 8 7.5 42.5 7.5 8 25 25 25 42.5 25 8 42 25 42 42.5 42 
1 RRT 1.91526 0.36398 1.2768 308.6 205.4 25 25 8 7.5 25 7.5 42.5 7.5 8 25 42.5 25 8 42 25 42 42.5 42 
1 RRT 6.27761 0.38473 5.6118 363.88 224.54 25 42 8 7.5 25 7.5 42.5 7.5 8 25 25 25 42.5 25 8 42 42.5 42 
1 RRT 1.67394 0.45073 0.88971 341.26 193.93 42.5 25 8 7.5 25 7.5 42.5 7.5 8 25 25 25 8 42 25 42 42.5 42 
1 RRT 1.42573 0.36453 0.79136 266.25 189.7 25 42 8 7.5 25 7.5 42.5 7.5 8 25 25 25 42.5 25 8 42 42.5 42 
1 RRT 3.24838 0.40292 2.5588 354.47 241.58 8 25 8 7.5 25 7.5 42.5 7.5 25 25 42.5 25 8 42 25 42 42.5 42 
1 RRT 1.84143 0.39852 1.1535 256.73 171.53 25 7.5 8 7.5 42.5 7.5 8 25 25 25 42.5 25 8 42 25 42 42.5 42 
1 RRT 4.68473 0.37184 4.0452 347.4 204.84 8 25 8 7.5 25 7.5 42.5 7.5 25 25 42.5 25 8 42 25 42 42.5 42 
1 RRT 2.54398 0.36521 1.9084 414.89 236.5 42.5 25 8 7.5 25 7.5 42.5 7.5 8 25 25 25 8 42 25 42 42.5 42 
1 RRT 9.14459 0.4554 8.3593 323.11 226.12 42.5 7.5 8 7.5 25 7.5 8 25 25 25 42.5 25 8 42 25 42 42.5 42 
1 RRT 1.87415 0.39876 1.181 498.78 294.23 25 42 8 7.5 25 7.5 42.5 7.5 8 25 25 25 42.5 25 8 42 42.5 42 
0 RRT 10.7483 0.37482 10.095 0 -1 42.5 42 8 7.5 25 7.5 42.5 7.5 8 25 25 25 42.5 25 8 42 25 42 
1 RRT 3.31899 0.33814 2.7237 425.21 265.99 25 42 8 7.5 25 7.5 42.5 7.5 8 25 25 25 42.5 25 8 42 42.5 42 
1 RRT 3.47852 0.36857 2.8406 309.4 203.97 25 25 8 7.5 25 7.5 42.5 7.5 8 25 42.5 25 8 42 25 42 42.5 42 
1 RRT 2.12023 0.3871 1.4474 265.87 176.97 8 42 8 7.5 25 7.5 42.5 7.5 8 25 25 25 42.5 25 25 42 42.5 42 
1 RRT 3.97107 0.37295 3.331 511.53 312.67 25 25 8 7.5 25 7.5 42.5 7.5 8 25 42.5 25 8 42 25 42 42.5 42 
1 RRT 1.68362 0.33049 1.1007 233.52 176.69 8 25 8 7.5 25 7.5 42.5 7.5 25 25 42.5 25 8 42 25 42 42.5 42 
1 RRT 1.63454 0.34288 1.0293 329.82 217.86 8 25 8 7.5 25 7.5 42.5 7.5 25 25 42.5 25 8 42 25 42 42.5 42 
1 RRT 2.62798 0.34145 2.0302 415.73 277.14 8 7.5 25 7.5 42.5 7.5 8 25 25 25 42.5 25 8 42 25 42 42.5 42 
1 RRT 4.67161 0.34539 4.0628 289.36 176.49 42.5 25 8 7.5 25 7.5 42.5 7.5 8 25 25 25 8 42 25 42 42.5 42 
1 RRT 2.05033 0.3431 1.4441 237.34 159.28 42.5 42 8 7.5 25 7.5 42.5 7.5 8 25 25 25 42.5 25 8 42 25 42 
1 RRT 3.48659 0.3408 2.885 273.81 175.57 42.5 7.5 8 7.5 25 7.5 8 25 25 25 42.5 25 8 42 25 42 42.5 42 
1 RRT 3.33453 0.3435 2.7305 379.54 247.26 25 25 8 7.5 25 7.5 42.5 7.5 8 25 42.5 25 8 42 25 42 42.5 42 
1 RRT 1.34499 0.33296 0.75896 210.54 119 25 25 8 7.5 25 7.5 42.5 7.5 8 25 42.5 25 8 42 25 42 42.5 42 
1 RRT 3.17004 0.34354 2.5669 315.6 192.44 8 25 8 7.5 25 7.5 42.5 7.5 25 25 42.5 25 8 42 25 42 42.5 42 
1 RRT 3.29368 0.34734 2.6782 449.29 257.78 25 7.5 8 7.5 42.5 7.5 8 25 25 25 42.5 25 8 42 25 42 42.5 42 
1 RRT 4.86942 0.32996 4.2863 471.27 304.72 42.5 42 8 7.5 25 7.5 42.5 7.5 8 25 25 25 42.5 25 8 42 25 42 
1 RRT 1.57168 0.43333 0.81983 267.52 177.34 8 25 8 7.5 25 7.5 42.5 7.5 25 25 42.5 25 8 42 25 42 42.5 42 
1 RRT 2.1471 0.32542 1.5723 386.37 203.22 8 7.5 25 7.5 42.5 7.5 8 25 25 25 42.5 25 8 42 25 42 42.5 42 
1 RRT 3.54571 0.33428 2.9552 569.17 352.34 8 42 8 7.5 25 7.5 42.5 7.5 8 25 25 25 42.5 25 25 42 42.5 42 
1 RRT 3.51863 0.34227 2.9198 426.23 261.69 25 42 8 7.5 25 7.5 42.5 7.5 8 25 25 25 42.5 25 8 42 42.5 42 
1 RRT 1.19151 0.33958 0.59127 241.31 154.02 25 25 8 7.5 25 7.5 42.5 7.5 8 25 42.5 25 8 42 25 42 42.5 42 
1 RRT 6.40296 0.45251 5.6164 323.25 216.51 25 7.5 8 7.5 42.5 7.5 8 25 25 25 42.5 25 8 42 25 42 42.5 42 
1 RRT 1.99672 0.32798 1.4174 275.36 178.87 8 25 8 7.5 25 7.5 42.5 7.5 25 25 42.5 25 8 42 25 42 42.5 42 
1 RRT 1.61877 0.3421 1.0139 372.29 221.03 42.5 7.5 8 7.5 25 7.5 8 25 25 25 42.5 25 8 42 25 42 42.5 42 
1 RRT 1.76002 0.35274 1.1326 374.99 257.48 42.5 42 8 7.5 25 7.5 42.5 7.5 8 25 25 25 42.5 25 8 42 25 42 
1 RRT 2.20346 0.36629 1.5528 305.9 192.7 25 25 8 7.5 25 7.5 42.5 7.5 8 25 42.5 25 8 42 25 42 42.5 42 
1 RRT 3.12286 0.33098 2.5403 299.4 217.89 25 7.5 8 7.5 42.5 7.5 8 25 25 25 42.5 25 8 42 25 42 42.5 42 
1 RRT 1.7231 0.32241 1.1539 356.38 223.6 8 42 8 7.5 25 7.5 42.5 7.5 8 25 25 25 42.5 25 25 42 42.5 42 
1 RRT 1.66517 0.33598 1.0713 265.46 166.72 25 42 8 7.5 25 7.5 42.5 7.5 8 25 25 25 42.5 25 8 42 42.5 42 
1 RRT 2.96239 0.40909 2.244 266.35 184.81 25 42 8 7.5 25 7.5 42.5 7.5 8 25 25 25 42.5 25 8 42 42.5 42 
1 RRT 1.06957 0.33528 0.47862 273.21 160.56 8 7.5 25 7.5 42.5 7.5 8 25 25 25 42.5 25 8 42 25 42 42.5 42 
1 RRT 2.35652 0.33876 1.7582 441.01 270.8 25 7.5 8 7.5 42.5 7.5 8 25 25 25 42.5 25 8 42 25 42 42.5 42 
1 RRT 2.7748 0.32992 2.193 343.98 194.1 42.5 42 8 7.5 25 7.5 42.5 7.5 8 25 25 25 42.5 25 8 42 25 42 
1 RRT 1.88165 0.33601 1.2887 375.74 235.73 25 42 8 7.5 25 7.5 42.5 7.5 8 25 25 25 42.5 25 8 42 42.5 42 
1 RRT 1.77817 0.32474 1.2051 334.63 195.54 25 25 8 7.5 25 7.5 42.5 7.5 8 25 42.5 25 8 42 25 42 42.5 42 
1 RRT 2.90623 0.33912 2.3075 265.61 195 8 42 8 7.5 25 7.5 42.5 7.5 8 25 25 25 42.5 25 25 42 42.5 42 
1 RRT 1.91599 0.34819 1.3033 212.27 144.65 42.5 42 8 7.5 25 7.5 42.5 7.5 8 25 25 25 42.5 25 8 42 25 42 
1 RRT 5.20294 0.4405 4.4401 332.28 222.15 25 7.5 8 7.5 42.5 7.5 8 25 25 25 42.5 25 8 42 25 42 42.5 42 
1 RRT 2.93787 0.44769 2.16 383.99 249.88 42.5 42 8 7.5 25 7.5 42.5 7.5 8 25 25 25 42.5 25 8 42 25 42 
1 RRT 1.56794 0.44314 0.79314 373.31 236.26 42.5 7.5 8 7.5 25 7.5 8 25 25 25 42.5 25 8 42 25 42 42.5 42 
1 RRT 2.30039 0.44508 1.535 287.13 186.59 25 25 8 7.5 25 7.5 42.5 7.5 8 25 42.5 25 8 42 25 42 42.5 42 
0 RRT 10.7835 0.45157 10.001 0 -1 42.5 25 8 7.5 25 7.5 42.5 7.5 8 25 25 25 8 42 25 42 42.5 42 
1 RRT 5.79911 0.43775 5.0377 651.5 408 25 42 8 7.5 25 7.5 42.5 7.5 8 25 25 25 42.5 25 8 42 42.5 42 
1 RRT 3.05215 0.36021 2.4315 396.04 244.54 25 42 8 7.5 25 7.5 42.5 7.5 8 25 25 25 42.5 25 8 42 42.5 42 
1 RRT 3.99423 0.36384 3.3662 257.98 179.85 42.5 7.5 8 7.5 25 7.5 8 25 25 25 42.5 25 8 42 25 42 42.5 42 
0 RRT 10.6267 0.36016 10.001 0 -1 25 25 8 7.5 25 7.5 42.5 7.5 8 25 42.5 25 8 42 25 42 42.5 42 
1 RRT 2.14883 0.35374 1.5259 287.04 187.46 8 7.5 25 7.5 42.5 7.5 8 25 25 25 42.5 25 8 42 25 42 42.5 42 
1 RRT 1.5894 0.34811 0.98285 225.49 152.62 8 42 8 7.5 25 7.5 42.5 7.5 8 25 25 25 42.5 25 25 42 42.5 42 
1 RRT 6.01947 0.36789 5.3858 405.08 255.73 42.5 7.5 8 7.5 25 7.5 8 25 25 25 42.5 25 8 42 25 42 42.5 42 
0 RRT 10.63 0.35871 10 0 -1 8 25 8 7.5 25 7.5 42.5 7.5 25 25 42.5 25 8 42 25 42 42.5 42 
0 RRT 10.6484 0.33734 10.055 0 -1 25 7.5 8 7.5 42.5 7.5 8 25 25 25 42.5 25 8 42 25 42 42.5 42 
1 RRT 1.76052 0.33522 1.1694 364.52 212.89 42.5 25 8 7.5 25 7.5 42.5 7.5 8 25 25 25 8 42 25 42 42.5 42 
1 RRT 2.98465 0.36857 2.3283 421.97 270.04 25 25 8 7.5 25 7.5 42.5 7.5 8 25 42.5 25 8 42 25 42 42.5 42 
1 RRT 1.79507 0.33707 1.1984 222.02 126.13 8 42 8 7.5 25 7.5 42.5 7.5 8 25 25 25 42.5 25 25 42 42.5 42 
1 RRT 1.92884 0.43739 1.1721 414.3 297.6 25 42 8 7.5 25 7.5 42.5 7.5 8 25 25 25 42.5 25 8 42 42.5 42 
1 RRT 4.81181 0.35735 4.184 361.34 222.74 25 42 8 7.5 25 7.5 42.5 7.5 8 25 25 25 42.5 25 8 42 42.5 42 
1 RRT 3.07012 0.32818 2.4927 280.67 179.36 8 42 8 7.5 25 7.5 42.5 7.5 8 25 25 25 42.5 25 25 42 42.5 42 
1 RRT 3.73581 0.41703 3.0113 455.03 275.26 42.5 42 8 7.5 25 7.5 42.5 7.5 8 25 25 25 42.5 25 8 42 25 42 
1 RRT 4.58503 0.33619 3.9969 292.61 196.54 25 42 8 7.5 25 7.5 42.5 7.5 8 25 25 25 42.5 25 8 42 42.5 42 
1 RRT 7.61481 0.34274 7.0146 335.84 232.03 25 25 8 7.5 25 7.5 42.5 7.5 8 25 42.5 25 8 42 25 42 42.5 42 
1 RRT 1.04165 0.33077 0.45982 255.91 152.66 25 25 8 7.5 25 7.5 42.5 7.5 8 25 42.5 25 8 42 25 42 42.5 42 
1 RRT 3.26122 0.33687 2.6677 294.05 184.79 8 7.5 25 7.5 42.5 7.5 8 25 25 25 42.5 25 8 42 25 42 42.5 42 
1 RRT 2.93093 0.34369 2.3263 383.19 234.51 25 25 8 7.5 25 7.5 42.5 7.5 8 25 42.5 25 8 42 25 42 42.5 42 
1 RRT 1.16164 0.34777 0.55146 342.39 233.51 8 42 8 7.5 25 7.5 42.5 7.5 8 25 25 25 42.5 25 25 42 42.5 42 
0 RRT 10.6185 0.35174 10.003 0 -1 42.5 42 8 7.5 25 7.5 42.5 7.5 8 25 25 25 42.5 25 8 42 25 42 
1 RRT 1.98992 0.34599 1.3828 327.74 206.92 25 7.5 8 7.5 42.5 7.5 8 25 25 25 42.5 25 8 42 25 42 42.5 42 
1 RRT 4.5078 0.34428 3.9027 326.68 227.68 25 42 8 7.5 25 7.5 42.5 7.5 8 25 25 25 42.5 25 8 42 42.5 42 
1 RRT 1.54153 0.37921 0.89768 311.85 189.81 42.5 7.5 8 7.5 25 7.5 8 25 25 25 42.5 25 8 42 25 42 42.5 42 
1 RRT 2.33121 0.43038 1.5836 587.95 367.92 25 25 8 7.5 25 7.5 42.5 7.5 8 25 42.5 25 8 42 25 42 42.5 42 
1 RRT 2.46814 0.36406 1.8388 367.64 231.69 8 7.5 25 7.5 42.5 7.5 8 25 25 25 42.5 25 8 42 25 42 42.5 42 
1 RRT 2.20405 0.43203 1.4566 325.3 187.11 25 25 8 7.5 25 7.5 42.5 7.5 8 25 42.5 25 8 42 25 42 42.5 42 
1 RRT 3.65146 0.43611 2.8894 332.19 204.91 8 7.5 25 7.5 42.5 7.5 8 25 25 25 42.5 25 8 42 25 42 42.5 42 
1 RRT 2.23645 0.34979 1.6227 405.48 260.37 8 7.5 25 7.5 42.5 7.5 8 25 25 25 42.5 25 8 42 25 42 42.5 42 
1 RRT 5.82893 0.36928 5.1883 411.16 257.07 25 25 8 7.5 25 7.5 42.5 7.5 8 25 42.5 25 8 42 25 42 42.5 42 
1 RRT 4.15317 0.39495 3.4682 587.13 376.53 25 7.5 8 7.5 42.5 7.5 8 25 25 25 42.5 25 8 42 25 42 42.5 42 
1 RRT 4.17373 0.43553 3.4186 270.23 186.16 8 25 8 7.5 25 7.5 42.5 7.5 25 25 42.5 25 8 42 25 42 42.5 42 
1 RRT 3.01897 0.33563 2.4263 292.3 184.89 42.5 7.5 8 7.5 25 7.5 8 25 25 25 42.5 25 8 42 25 42 42.5 42 
1 RRT 3.39014 0.38313 2.7151 299.98 191.53 25 25 8 7.5 25 7.5 42.5 7.5 8 25 42.5 25 8 42 25 42 42.5 42 
1 RRT 1.56142 0.36 0.93386 320.13 218.32 25 25 8 7.5 25 7.5 42.5 7.5 8 25 42.5 25 8 42 25 42 42.5 42 
1 RRT 1.89628 0.37763 1.2388 348.96 244.02 42.5 42 8 7.5 25 7.5 42.5 7.5 8 25 25 25 42.5 25 8 42 25 42 
1 RRT 1.81831 0.3979 1.1237 382.79 257.82 42.5 42 8 7.5 25 7.5 42.5 7.5 8 25 25 25 42.5 25 8 42 25 42 
1 RRT 2.63881 0.44082 1.8722 275.13 182.85 42.5 42 8 7.5 25 7.5 42.5 7.5 8 25 25 25 42.5 25 8 42 25 42 
0 RRT 10.788 0.45411 10.001 0 -1 42.5 7.5 8 7.5 25 7.5 8 25 25 25 42.5 25 8 42 25 42 42.5 42 
1 RRT 2.69192 0.38518 2.0072 485.05 314.55 8 25 8 7.5 25 7.5 42.5 7.5 25 25 42.5 25 8 42 25 42 42.5 42 
1 RRT 4.45076 0.33202 3.8645 535.05 344.4 42.5 25 8 7.5 25 7.5 42.5 7.5 8 25 25 25 8 42 25 42 42.5 42 
1 RRT 2.54964 0.34102 1.9489 345.72 231.57 42.5 25 8 7.5 25 7.5 42.5 7.5 8 25 25 25 8 42 25 42 42.5 42 
1 RRT 3.60397 0.34326 2.9974 371.39 221.42 8 25 8 7.5 25 7.5 42.5 7.5 25 25 42.5 25 8 42 25 42 42.5 42 
1 RRT 3.56102 0.32865 2.9805 287.18 176.44 42.5 25 8 7.5 25 7.5 42.5 7.5 8 25 25 25 8 42 25 42 42.5 42 
1 RRT 2.78201 0.3674 2.1279 338.3 235.09 25 7.5 8 7.5 42.5 7.5 8 25 25 25 42.5 25 8 42 25 42 42.5 42 
1 RRT 3.49992 0.33091 2.9159 593.98 373.04 42.5 7.5 8 7.5 25 7.5 8 25 25 25 42.5 25 8 42 25 42 42.5 42 
1 RRT 2.3272 0.34259 1.7238 424.92 297.68 25 7.5 8 7.5 42.5 7.5 8 25 25 25 42.5 25 8 42 25 42 42.5 42 
1 RRT 1.77679 0.35044 1.159 420.73 276.95 8 42 8 7.5 25 7.5 42.5 7.5 8 25 25 25 42.5 25 25 42 42.5 42 
1 RRT 2.29115 0.33247 1.7035 430.06 279.12 8 25 8 7.5 25 7.5 42.5 7.5 25 25 42.5 25 8 42 25 42 42.5 42 
1 RRT 1.96437 0.32904 1.3834 422.21 273.16 25 42 8 7.5 25 7.5 42.5 7.5 8 25 25 25 42.5 25 8 42 42.5 42 
1 RRT 1.70973 0.32455 1.1359 374.47 216.07 42.5 25 8 7.5 25 7.5 42.5 7.5 8 25 25 25 8 42 25 42 42.5 42 
0 RRT 10.6012 0.34092 10.001 0 -1 8 42 8 7.5 25 7.5 42.5 7.5 8 25 25 25 42.5 25 25 42 42.5 42 
1 RRT 2.54762 0.34107 1.9478 370.1 244.74 25 42 8 7.5 25 7.5 42.5 7.5 8 25 25 25 42.5 25 8 42 42.5 42 
1 RRT 2.08397 0.33018 1.5038 363.25 241.77 8 25 8 7.5 25 7.5 42.5 7.5 25 25 42.5 25 8 42 25 42 42.5 42 
1 RRT 2.58008 0.33443 1.9915 263.9 154.9 42.5 25 8 7.5 25 7.5 42.5 7.5 8 25 25 25 8 42 25 42 42.5 42 
1 RRT 5.02939 0.33754 4.4346 371.43 243.01 25 7.5 8 7.5 42.5 7.5 8 25 25 25 42.5 25 8 42 25 42 42.5 42 
1 RRT 1.81383 0.33873 1.2147 361.3 235.34 8 7.5 25 7.5 42.5 7.5 8 25 25 25 42.5 25 8 42 25 42 42.5 42 
1 RRT 1.38177 0.33985 0.78324 225.78 135.15 42.5 25 8 7.5 25 7.5 42.5 7.5 8 25 25 25 8 42 25 42 42.5 42 
1 RRT 6.04632 0.42737 5.3036 486.37 293.8 8 25 8 7.5 25 7.5 42.5 7.5 25 25 42.5 25 8 42 25 42 42.5 42 
1 RRT 2.75362 0.33534 2.1643 438.93 283.96 42.5 42 8 7.5 25 7.5 42.5 7.5 8 25 25 25 42.5 25 8 42 25 42 
1 RRT 3.38439 0.33508 2.7951 316.19 216.54 42.5 42 8 7.5 25 7.5 42.5 7.5 8 25 25 25 42.5 25 8 42 25 42 
1 RRT 2.54433 0.3929 1.841 435.7 260.18 8 25 8 7.5 25 7.5 42.5 7.5 25 25 42.5 25 8 42 25 42 42.5 42 
1 RRT 1.46189 0.33783 0.86829 238.88 152.15 25 7.5 8 7.5 42.5 7.5 8 25 25 25 42.5 25 8 42 25 42 42.5 42 
1 RRT 1.56201 0.33563 0.9703 254.43 164.53 25 25 8 7.5 25 7.5 42.5 7.5 8 25 42.5 25 8 42 25 42 42.5 42 
1 RRT 1.68613 0.3263 1.1095 254.69 176.03 25 25 8 7.5 25 7.5 42.5 7.5 8 25 42.5 25 8 42 25 42 42.5 42 
1 RRT 2.09065 0.33783 1.4952 282.95 176.01 25 25 8 7.5 25 7.5 42.5 7.5 8 25 42.5 25 8 42 25 42 42.5 42 
1 RRT 3.02878 0.34052 2.4298 411.9 288.35 25 25 8 7.5 25 7.5 42.5 7.5 8 25 42.5 25 8 42 25 42 42.5 42 
1 RRT 3.08349 0.34244 2.4793 303.5 193.46 8 42 8 7.5 25 7.5 42.5 7.5 8 25 25 25 42.5 25 25 42 42.5 42 
1 RRT 2.34431 0.3391 1.749 363.39 240.61 42.5 7.5 8 7.5 25 7.5 8 25 25 25 42.5 25 8 42 25 42 42.5 42 
1 RRT 3.51659 0.34367 2.9118 367.17 266.42 25 42 8 7.5 25 7.5 42.5 7.5 8 25 25 25 42.5 25 8 42 42.5 42 
1 RRT 3.26029 0.37463 2.6029 266.33 176.11 25 7.5 8 7.5 42.5 7.5 8 25 25 25 42.5 25 8 42 25 42 42.5 42 
1 RRT 6.15987 0.39459 5.4911 449.33 301.67 25 42 8 7.5 25 7.5 42.5 7.5 8 25 25 25 42.5 25 8 42 42.5 42 
1 RRT 8.89752 0.37997 8.2324 410.58 286.13 8 7.5 25 7.5 42.5 7.5 8 25 25 25 42.5 25 8 42 25 42 42.5 42 
1 RRT 2.43711 0.39048 1.7605 318.88 201.41 25 42 8 7.5 25 7.5 42.5 7.5 8 25 25 25 42.5 25 8 42 42.5 42 
1 RRT 3.34083 0.37109 2.704 262.65 180.94 42.5 42 8 7.5 25 7.5 42.5 7.5 8 25 25 25 42.5 25 8 42 25 42 
1 RRT 1.8926 0.43212 1.143 245.27 177.39 8 25 8 7.5 25 7.5 42.5 7.5 25 25 42.5 25 8 42 25 42 42.5 42 
1 RRT 3.10362 0.4261 2.3609 398.13 229.31 25 42 8 7.5 25 7.5 42.5 7.5 8 25 25 25 42.5 25 8 42 42.5 42 
1 RRT 3.68389 0.34048 3.0832 427.55 264.21 25 42 8 7.5 25 7.5 42.5 7.5 8 25 25 25 42.5 25 8 42 42.5 42 
1 RRT 2.94672 0.33064 2.3614 354.64 239.88 42.5 7.5 8 7.5 25 7.5 8 25 25 25 42.5 25 8 42 25 42 42.5 42 
1 RRT 4.59468 0.37685 3.9236 369.46 256.61 8 7.5 25 7.5 42.5 7.5 8 25 25 25 42.5 25 8 42 25 42 42.5 42 
1 RRT 5.57086 0.35673 4.9425 339.89 230.97 25 7.5 8 7.5 42.5 7.5 8 25 25 25 42.5 25 8 42 25 42 42.5 42 
1 RRT 2.36504 0.34396 1.7597 456.28 291.13 25 7.5 8 7.5 42.5 7.5 8 25 25 25 42.5 25 8 42 25 42 42.5 42 
1 RRT 4.11243 0.34062 3.514 495.65 336.48 8 7.5 25 7.5 42.5 7.5 8 25 25 25 42.5 25 8 42 25 42 42.5 42 
1 RRT 3.838 0.3816 3.1596 300.41 192.75 42.5 42 8 7.5 25 7.5 42.5 7.5 8 25 25 25 42.5 25 8 42 25 42 
1 RRT 3.85981 0.34163 3.2595 395.81 251.08 8 42 8 7.5 25 7.5 42.5 7.5 8 25 25 25 42.5 25 25 42 42.5 42 
1 RRT 1.70155 0.33781 1.1049 227.39 138.73 42.5 7.5 8 7.5 25 7.5 8 25 25 25 42.5 25 8 42 25 42 42.5 42 
1 RRT 2.52625 0.34259 1.9227 331.14 217.49 25 42 8 7.5 25 7.5 42.5 7.5 8 25 25 25 42.5 25 8 42 42.5 42 
1 RRT 4.5854 0.33678 3.9932 371.18 276.86 8 7.5 25 7.5 42.5 7.5 8 25 25 25 42.5 25 8 42 25 42 42.5 42 
1 RRT 2.95687 0.33601 2.3653 403.82 245.62 42.5 25 8 7.5 25 7.5 42.5 7.5 8 25 25 25 8 42 25 42 42.5 42 
1 RRT 2.13745 0.33645 1.5448 436.24 295.18 25 42 8 7.5 25 7.5 42.5 7.5 8 25 25 25 42.5 25 8 42 42.5 42 
1 RRT 1.5142 0.33415 0.92462 322.55 196.67 25 25 8 7.5 25 7.5 42.5 7.5 8 25 42.5 25 8 42 25 42 42.5 42 
1 RRT 3.79275 0.32447 3.2201 357.52 251.77 8 42 8 7.5 25 7.5 42.5 7.5 8 25 25 25 42.5 25 25 42 42.5 42 
1 RRT 2.78151 0.34183 2.1805 270.42 189.94 8 42 8 7.5 25 7.5 42.5 7.5 8 25 25 25 42.5 25 25 42 42.5 42 
1 RRT 1.96157 0.33793 1.368 227.43 152 8 42 8 7.5 25 7.5 42.5 7.5 8 25 25 25 42.5 25 25 42 42.5 42 
1 RRT 5.0178 0.33486 4.429 408.84 271.89 8 42 8 7.5 25 7.5 42.5 7.5 8 25 25 25 42.5 25 25 42 42.5 42 
1 RRT 3.93359 0.35088 3.3165 317.91 204.27 25 42 8 7.5 25 7.5 42.5 7.5 8 25 25 25 42.5 25 8 42 42.5 42 
1 RRT 1.9817 0.34096 1.3802 294.83 187.42 25 42 8 7.5 25 7.5 42.5 7.5 8 25 25 25 42.5 25 8 42 42.5 42 
1 RRT 5.31675 0.35065 4.7013 382.84 262.78 25 7.5 8 7.5 42.5 7.5 8 25 25 25 42.5 25 8 42 25 42 42.5 42 
1 RRT 3.99662 0.34034 3.3995 308.86 199.28 8 7.5 25 7.5 42.5 7.5 8 25 25 25 42.5 25 8 42 25 42 42.5 42 
1 RRT 2.07048 0.33298 1.483 280.95 169.84 8 7.5 25 7.5 42.5 7.5 8 25 25 25 42.5 25 8 42 25 42 42.5 42 
1 RRT 1.65947 0.34 1.0603 288.2 214.55 42.5 42 8 7.5 25 7.5 42.5 7.5 8 25 25 25 42.5 25 8 42 25 42 
1 RRT 3.01604 0.33742 2.4218 288.97 189.15 8 7.5 25 7.5 42.5 7.5 8 25 25 25 42.5 25 8 42 25 42 42.5 42 
1 RRT 1.3255 0.33427 0.73776 291.72 213.85 25 7.5 8 7.5 42.5 7.5 8 25 25 25 42.5 25 8 42 25 42 42.5 42 
1 RRT 3.5835 0.43966 2.8178 379.17 263.66 25 42 8 7.5 25 7.5 42.5 7.5 8 25 25 25 42.5 25 8 42 42.5 42 
0 RRT 10.5906 0.33367 10.002 0 -1 8 25 8 7.5 25 7.5 42.5 7.5 25 25 42.5 25 8 42 25 42 42.5 42 
1 RRT 3.55498 0.35073 2.9393 342.86 224.57 25 7.5 8 7.5 42.5 7.5 8 25 25 25 42.5 25 8 42 25 42 42.5 42 
1 RRT 4.03862 0.33242 3.4533 411.99 262.65 42.5 25 8 7.5 25 7.5 42.5 7.5 8 25 25 25 8 42 25 42 42.5 42 
1 RRT 3.1056 0.34049 2.5037 395.68 249.91 25 42 8 7.5 25 7.5 42.5 7.5 8 25 25 25 42.5 25 8 42 42.5 42 
1 RRT 3.19977 0.36917 2.5523 393.2 246.47 8 7.5 25 7.5 42.5 7.5 8 25 25 25 42.5 25 8 42 25 42 42.5 42 
1 RRT 2.47088 0.44335 1.7002 226 153.25 8 42 8 7.5 25 7.5 42.5 7.5 8 25 25 25 42.5 25 25 42 42.5 42 
1 RRT 3.66653 0.43457 2.9093 393.81 267.74 25 7.5 8 7.5 42.5 7.5 8 25 25 25 42.5 25 8 42 25 42 42.5 42 
1 RRT 4.49169 0.4523 3.7032 415.45 265.55 42.5 7.5 8 7.5 25 7.5 8 25 25 25 42.5 25 8 42 25 42 42.5 42 
1 RRT 2.54908 0.34203 1.9497 331.6 204.23 25 7.5 8 7.5 42.5 7.5 8 25 25 25 42.5 25 8 42 25 42 42.5 42 
1 RRT 2.62159 0.44648 1.848 326.05 240.31 25 25 8 7.5 25 7.5 42.5 7.5 8 25 42.5 25 8 42 25 42 42.5 42 
1 RRT 4.21049 0.36716 3.5824 424.48 268.9 42.5 25 8 7.5 25 7.5 42.5 7.5 8 25 25 25 8 42 25 42 42.5 42 
1 RRT 2.03443 0.36815 1.3954 279.21 170.79 8 42 8 7.5 25 7.5 42.5 7.5 8 25 25 25 42.5 25 25 42 42.5 42 
1 RRT 1.54585 0.43678 0.78374 293.91 216.12 8 42 8 7.5 25 7.5 42.5 7.5 8 25 25 25 42.5 25 25 42 42.5 42 
1 RRT 2.69675 0.43755 1.9335 396.8 259.13 42.5 42 8 7.5 25 7.5 42.5 7.5 8 25 25 25 42.5 25 8 42 25 42 
1 RRT 2.21709 0.43516 1.4628 418.36 244.55 8 42 8 7.5 25 7.5 42.5 7.5 8 25 25 25 42.5 25 25 42 42.5 42 
1 RRT 3.48455 0.43386 2.7278 328.3 231.19 25 42 8 7.5 25 7.5 42.5 7.5 8 25 25 25 42.5 25 8 42 42.5 42 
1 RRT 2.19035 0.33972 1.591 271.03 180.14 42.5 7.5 8 7.5 25 7.5 8 25 25 25 42.5 25 8 42 25 42 42.5 42 
1 RRT 5.0018 0.337 4.4064 532.81 337.21 8 7.5 25 7.5 42.5 7.5 8 25 25 25 42.5 25 8 42 25 42 42.5 42 
1 RRT 1.57708 0.32992 0.99341 288.1 183.92 8 42 8 7.5 25 7.5 42.5 7.5 8 25 25 25 42.5 25 25 42 42.5 42 
1 RRT 2.03962 0.34108 1.4377 331 216.7 8 42 8 7.5 25 7.5 42.5 7.5 8 25 25 25 42.5 25 25 42 42.5 42 
1 RRT 4.95386 0.33772 4.3604 283.11 168.13 25 7.5 8 7.5 42.5 7.5 8 25 25 25 42.5 25 8 42 25 42 42.5 42 
0 RRT 10.5961 0.33677 10.003 0 -1 25 42 8 7.5 25 7.5 42.5 7.5 8 25 25 25 42.5 25 8 42 42.5 42 
1 RRT 3.60367 0.33154 3.0195 364.51 234.31 42.5 42 8 7.5 25 7.5 42.5 7.5 8 25 25 25 42.5 25 8 42 25 42 
1 RRT 4.02745 0.35023 3.4135 457.08 322.33 8 25 8 7.5 25 7.5 42.5 7.5 25 25 42.5 25 8 42 25 42 42.5 42 
1 RRT 1.77675 0.33149 1.1906 360.08 239.75 42.5 42 8 7.5 25 7.5 42.5 7.5 8 25 25 25 42.5 25 8 42 25 42 
1 RRT 2.02527 0.33398 1.4351 296.27 185.17 25 42 8 7.5 25 7.5 42.5 7.5 8 25 25 25 42.5 25 8 42 42.5 42 
1 RRT 2.9331 0.43714 2.1757 282.76 184.1 25 7.5 8 7.5 42.5 7.5 8 25 25 25 42.5 25 8 42 25 42 42.5 42 
1 RRT 1.03258 0.33758 0.43711 257.87 164.15 42.5 25 8 7.5 25 7.5 42.5 7.5 8 25 25 25 8 42 25 42 42.5 42 
1 RRT 2.38952 0.39091 1.6925 523.94 358.16 25 7.5 8 7.5 42.5 7.5 8 25 25 25 42.5 25 8 42 25 42 42.5 42 
1 RRT 2.9284 0.33481 2.3381 384.69 249.36 8 25 8 7.5 25 7.5 42.5 7.5 25 25 42.5 25 8 42 25 42 42.5 42 
1 RRT 1.69952 0.34128 1.0995 302.51 203.32 8 42 8 7.5 25 7.5 42.5 7.5 8 25 25 25 42.5 25 25 42 42.5 42 
1 RRT 2.44257 0.34185 1.8414 381.35 258.61 25 25 8 7.5 25 7.5 42.5 7.5 8 25 42.5 25 8 42 25 42 42.5 42 
1 RRT 2.31801 0.34495 1.7106 318.2 243.05 42.5 25 8 7.5 25 7.5 42.5 7.5 8 25 25 25 8 42 25 42 42.5 42 
1 RRT 2.03438 0.43848 1.2718 457.87 338.74 8 25 8 7.5 25 7.5 42.5 7.5 25 25 42.5 25 8 42 25 42 42.5 42 
1 RRT 3.05494 0.32478 2.4809 263.96 169.58 8 7.5 25 7.5 42.5 7.5 8 25 25 25 42.5 25 8 42 25 42 42.5 42 
1 RRT 2.40431 0.3375 1.812 344.58 258.03 25 7.5 8 7.5 42.5 7.5 8 25 25 25 42.5 25 8 42 25 42 42.5 42 
1 RRT 2.52762 0.3272 1.9514 385.47 257.7 25 25 8 7.5 25 7.5 42.5 7.5 8 25 42.5 25 8 42 25 42 42.5 42 
1 RRT 3.55423 0.3295 2.9737 391.24 246.34 25 7.5 8 7.5 42.5 7.5 8 25 25 25 42.5 25 8 42 25 42 42.5 42 
1 RRT 1.16085 0.34326 0.55756 306.9 175.69 8 25 8 7.5 25 7.5 42.5 7.5 25 25 42.5 25 8 42 25 42 42.5 42 
1 RRT 4.72405 0.32723 4.1462 324.49 224.15 42.5 42 8 7.5 25 7.5 42.5 7.5 8 25 25 25 42.5 25 8 42 25 42 
1 RRT 3.9733 0.3301 3.3919 426.8 308.93 25 42 8 7.5 25 7.5 42.5 7.5 8 25 25 25 42.5 25 8 42 42.5 42 
1 RRT 1.84194 0.34459 1.2344 321.05 212.82 42.5 42 8 7.5 25 7.5 42.5 7.5 8 25 25 25 42.5 25 8 42 25 42 
1 RRT 3.17464 0.34067 2.5752 490.78 325.41 42.5 25 8 7.5 25 7.5 42.5 7.5 8 25 25 25 8 42 25 42 42.5 42 
1 RRT 2.79603 0.37909 2.1186 279.21 170.02 25 25 8 7.5 25 7.5 42.5 7.5 8 25 42.5 25 8 42 25 42 42.5 42 
1 RRT 3.64342 0.33805 3.0506 362.61 260.4 8 42 8 7.5 25 7.5 42.5 7.5 8 25 25 25 42.5 25 25 42 42.5 42 
1 RRT 1.80299 0.37466 1.1363 259.31 161.66 42.5 7.5 8 7.5 25 7.5 8 25 25 25 42.5 25 8 42 25 42 42.5 42 
0 RRT 10.5723 0.32507 10.001 0 -1 8 7.5 25 7.5 42.5 7.5 8 25 25 25 42.5 25 8 42 25 42 42.5 42 
1 RRT 1.47769 0.32838 0.89789 311.46 196.03 25 42 8 7.5 25 7.5 42.5 7.5 8 25 25 25 42.5 25 8 42 42.5 42 
1 RRT 3.23043 0.35221 2.6055 218.15 148.38 8 42 8 7.5 25 7.5 42.5 7.5 8 25 25 25 42.5 25 25 42 42.5 42 
1 RRT 3.0124 0.33395 2.4244 413.15 262.79 25 7.5 8 7.5 42.5 7.5 8 25 25 25 42.5 25 8 42 25 42 42.5 42 
1 RRT 2.08834 0.38497 1.4129 381.73 232.39 25 42 8 7.5 25 7.5 42.5 7.5 8 25 25 25 42.5 25 8 42 42.5 42 
1 RRT 2.9324 0.33874 2.3361 400.63 265.81 42.5 25 8 7.5 25 7.5 42.5 7.5 8 25 25 25 8 42 25 42 42.5 42 
1 RRT 1.5006 0.38074 0.83363 250.39 149.89 42.5 25 8 7.5 25 7.5 42.5 7.5 8 25 25 25 8 42 25 42 42.5 42 
1 RRT 3.97527 0.38408 3.3156 374.84 238.94 8 25 8 7.5 25 7.5 42.5 7.5 25 25 42.5 25 8 42 25 42 42.5 42 
1 RRT 7.95875 0.38178 7.2964 369.81 257.7 8 25 8 7.5 25 7.5 42.5 7.5 25 25 42.5 25 8 42 25 42 42.5 42 
1 RRT 2.05653 0.3668 1.4167 261.93 188.7 25 25 8 7.5 25 7.5 42.5 7.5 8 25 42.5 25 8 42 25 42 42.5 42 
1 RRT 4.92904 0.41264 4.2113 364.55 223.66 8 25 8 7.5 25 7.5 42.5 7.5 25 25 42.5 25 8 42 25 42 42.5 42 
1 RRT 3.38283 0.33093 2.7991 323.45 240.96 25 42 8 7.5 25 7.5 42.5 7.5 8 25 25 25 42.5 25 8 42 42.5 42 
1 RRT 3.90537 0.38467 3.2372 324.11 222.55 8 7.5 25 7.5 42.5 7.5 8 25 25 25 42.5 25 8 42 25 42 42.5 42 
1 RRT 3.61061 0.41193 2.8746 447.39 299.61 25 7.5 8 7.5 42.5 7.5 8 25 25 25 42.5 25 8 42 25 42 42.5 42 
1 RRT 5.46259 0.42609 4.7195 412.37 274.11 42.5 7.5 8 7.5 25 7.5 8 25 25 25 42.5 25 8 42 25 42 42.5 42 
1 RRT 10.7279 0.35838 10.113 418.45 284.38 8 42 8 7.5 25 7.5 42.5 7.5 8 25 25 25 42.5 25 25 42 42.5 42 
1 RRT 1.83279 0.43487 1.0769 244.75 156.79 8 25 8 7.5 25 7.5 42.5 7.5 25 25 42.5 25 8 42 25 42 42.5 42 
1 RRT 1.81875 0.33988 1.2183 312.96 209.99 8 7.5 25 7.5 42.5 7.5 8 25 25 25 42.5 25 8 42 25 42 42.5 42 
1 RRT 7.14266 0.39466 6.4381 356.8 240.93 8 42 8 7.5 25 7.5 42.5 7.5 8 25 25 25 42.5 25 25 42 42.5 42 
1 RRT 3.31197 0.34702 2.6982 393.99 265.16 42.5 25 8 7.5 25 7.5 42.5 7.5 8 25 25 25 8 42 25 42 42.5 42 
1 RRT 6.59984 0.37292 5.9538 403.04 265.37 8 25 8 7.5 25 7.5 42.5 7.5 25 25 42.5 25 8 42 25 42 42.5 42 
1 RRT 2.1374 0.33021 1.5551 345.09 229.48 25 25 8 7.5 25 7.5 42.5 7.5 8 25 42.5 25 8 42 25 42 42.5 42 
1 RRT 4.19617 0.33468 3.6082 287.47 204.31 8 42 8 7.5 25 7.5 42.5 7.5 8 25 25 25 42.5 25 25 42 42.5 42 
1 RRT 2.4496 0.33505 1.8575 311.05 187.3 42.5 7.5 8 7.5 25 7.5 8 25 25 25 42.5 25 8 42 25 42 42.5 42 
1 RRT 4.62387 0.43944 3.8635 299.37 205.15 8 7.5 25 7.5 42.5 7.5 8 25 25 25 42.5 25 8 42 25 42 42.5 42 
1 RRT 6.05931 0.33042 5.4771 301.9 178.71 42.5 7.5 8 7.5 25 7.5 8 25 25 25 42.5 25 8 42 25 42 42.5 42 
1 RRT 3.58089 0.33365 2.9954 440.68 264.71 25 7.5 8 7.5 42.5 7.5 8 25 25 25 42.5 25 8 42 25 42 42.5 42 
1 RRT 6.46726 0.33583 5.8761 436.67 289.98 25 42 8 7.5 25 7.5 42.5 7.5 8 25 25 25 42.5 25 8 42 42.5 42 
1 RRT 3.53669 0.33187 2.9502 370.36 255.97 8 7.5 25 7.5 42.5 7.5 8 25 25 25 42.5 25 8 42 25 42 42.5 42 
1 RRT 2.27628 0.34299 1.6759 330.58 211.93 25 42 8 7.5 25 7.5 42.5 7.5 8 25 25 25 42.5 25 8 42 42.5 42 
1 RRT 0.76309 0.25828 0.29944 244.34 122.42 25 42 8 7.5 25 7.5 42.5 7.5 8 25 25 25 42.5 25 8 42 42.5 42 
