1 RRT 1.31425 0.42974 0.55096 124.01 76.346 25 42 25 7.5 8 25 42.5 25 
1 RRT 1.24726 0.41692 0.50288 119.98 76.72 42.5 25 25 7.5 8 25 25 42 
1 RRT 2.61017 0.42271 1.8601 173.76 100.97 25 7.5 8 25 42.5 25 25 42 
1 RRT 1.47296 0.40755 0.74669 153.41 99.384 42.5 25 25 7.5 8 25 25 42 
1 RRT 1.23908 0.42397 0.48909 96.093 59.181 25 7.5 8 25 42.5 25 25 42 
1 RRT 1.33487 0.40456 0.61579 186.76 117.73 8 25 25 7.5 42.5 25 25 42 
0 RRT 10.7248 0.40798 10.001 0 -1 25 7.5 8 25 42.5 25 25 42 
1 RRT 2.46472 0.40979 1.7338 131.4 95.628 25 7.5 8 25 42.5 25 25 42 
1 RRT 1.22669 0.42609 0.46768 197.96 117.4 25 42 25 7.5 8 25 42.5 25 
1 RRT 2.65905 0.39945 1.947 144.2 86.294 25 42 25 7.5 8 25 42.5 25 
1 RRT 1.18943 0.4136 0.45194 102.03 55.329 25 42 25 7.5 8 25 42.5 25 
1 RRT 4.06117 0.40929 3.3332 245.52 150.57 42.5 25 25 7.5 8 25 25 42 
1 RRT 2.03527 0.38111 1.3579 116.68 69.843 42.5 25 25 7.5 8 25 25 42 
1 RRT 1.31004 0.36029 0.66031 150.5 89.39 25 42 25 7.5 8 25 42.5 25 
1 RRT 1.27972 0.4128 0.54481 143.45 95.2 8 25 25 7.5 42.5 25 25 42 
1 RRT 2.04315 0.43075 1.2781 153.55 100.67 42.5 25 25 7.5 8 25 25 42 
1 RRT 3.15089 0.41887 2.4035 255.41 155.79 25 7.5 8 25 42.5 25 25 42 
1 RRT 2.88711 0.40989 2.1599 116.56 79.031 42.5 25 25 7.5 8 25 25 42 
1 RRT 1.21161 0.36528 0.56091 131.21 111.8 25 42 25 7.5 8 25 42.5 25 
1 RRT 1.30193 0.36759 0.64087 206.45 132.72 42.5 25 25 7.5 8 25 25 42 
1 RRT 1.35572 0.34631 0.72888 239.69 147.93 8 25 25 7.5 42.5 25 25 42 
1 RRT 1.08618 0.36091 0.44119 124.66 78.2 25 42 25 7.5 8 25 42.5 25 
1 RRT 1.32139 0.35101 0.70199 125.89 93.883 25 7.5 8 25 42.5 25 25 42 
1 RRT 1.0645 0.37258 0.40877 107.55 78.943 8 25 25 7.5 42.5 25 25 42 
1 RRT 1.87849 0.37044 1.2214 181.89 111.36 25 7.5 8 25 42.5 25 25 42 
1 RRT 1.65778 0.43347 0.88649 97.448 61.747 25 7.5 8 25 42.5 25 25 42 
1 RRT 1.87802 0.42761 1.1214 158.47 102.33 8 25 25 7.5 42.5 25 25 42 
1 RRT 1.99251 0.41682 1.2523 169.41 122.56 25 7.5 8 25 42.5 25 25 42 
1 RRT 2.36395 0.41847 1.6186 170.59 107.19 25 42 25 7.5 8 25 42.5 25 
1 RRT 1.37977 0.40824 0.6528 220.43 134.2 8 25 25 7.5 42.5 25 25 42 
1 RRT 1.37886 0.39328 0.67882 128.19 77.922 42.5 25 25 7.5 8 25 25 42 
1 RRT 1.46883 0.42488 0.7131 110.85 70.018 42.5 25 25 7.5 8 25 25 42 
1 RRT 2.87869 0.36183 2.2293 197.15 137.61 42.5 25 25 7.5 8 25 25 42 
1 RRT 1.53421 0.35962 0.89183 205.52 125.03 8 25 25 7.5 42.5 25 25 42 
1 RRT 1.1558 0.40319 0.44025 167.91 103.99 42.5 25 25 7.5 8 25 25 42 
1 RRT 1.92808 0.41249 1.1941 163.26 115.31 8 25 25 7.5 42.5 25 25 42 
1 RRT 1.22404 0.36456 0.56953 195.13 127.93 8 25 25 7.5 42.5 25 25 42 
1 RRT 1.37809 0.41453 0.63952 221.52 146.37 25 7.5 8 25 42.5 25 25 42 
1 RRT 1.46482 0.36675 0.80908 126.71 86.564 42.5 25 25 7.5 8 25 25 42 
1 RRT 1.11778 0.35607 0.47594 114.44 88.104 25 42 25 7.5 8 25 42.5 25 
1 RRT 1.20888 0.4087 0.48153 151.58 103.2 8 25 25 7.5 42.5 25 25 42 
1 RRT 2.13912 0.44312 1.3528 196.29 118.54 8 25 25 7.5 42.5 25 25 42 
1 RRT 1.32895 0.41297 0.59593 196.42 122.53 25 42 25 7.5 8 25 42.5 25 
1 RRT 1.34881 0.42334 0.59404 136.73 89.388 42.5 25 25 7.5 8 25 25 42 
1 RRT 2.98703 0.42412 2.2318 150.89 109.42 25 42 25 7.5 8 25 42.5 25 
1 RRT 1.39919 0.38559 0.71609 111.26 73.082 42.5 25 25 7.5 8 25 25 42 
1 RRT 2.57 0.39242 1.8731 194.57 156 25 42 25 7.5 8 25 42.5 25 
1 RRT 1.09693 0.34557 0.4849 168.14 97.74 25 7.5 8 25 42.5 25 25 42 
1 RRT 1.62404 0.38431 0.9401 237.8 154.66 25 7.5 8 25 42.5 25 25 42 
1 RRT 1.29244 0.39096 0.58972 143.14 89.188 42.5 25 25 7.5 8 25 25 42 
1 RRT 1.21386 0.40655 0.48987 186.37 108.1 25 7.5 8 25 42.5 25 25 42 
1 RRT 1.25419 0.40528 0.5315 131.54 79.637 42.5 25 25 7.5 8 25 25 42 
1 RRT 1.29425 0.34596 0.67019 101.37 60.373 25 7.5 8 25 42.5 25 25 42 
1 RRT 1.12181 0.33836 0.52108 136.71 82.8 25 42 25 7.5 8 25 42.5 25 
1 RRT 1.4636 0.36486 0.8135 144.52 86.07 25 7.5 8 25 42.5 25 25 42 
1 RRT 1.28923 0.41528 0.55012 180.36 123.27 8 25 25 7.5 42.5 25 25 42 
1 RRT 1.35838 0.42925 0.59368 92.597 56.093 8 25 25 7.5 42.5 25 25 42 
1 RRT 1.11637 0.35236 0.48406 136.08 89.774 25 7.5 8 25 42.5 25 25 42 
1 RRT 2.13645 0.36526 1.4774 123.05 84.102 25 42 25 7.5 8 25 42.5 25 
1 RRT 1.73604 0.37342 1.0744 175.37 114.8 25 7.5 8 25 42.5 25 25 42 
1 RRT 1.52797 0.36572 0.88291 220.78 148.24 42.5 25 25 7.5 8 25 25 42 
1 RRT 1.09704 0.34525 0.47181 108.62 63.883 25 42 25 7.5 8 25 42.5 25 
1 RRT 2.41259 0.36076 1.7788 271.91 176.4 8 25 25 7.5 42.5 25 25 42 
1 RRT 1.70026 0.40947 0.97229 188.33 125.34 8 25 25 7.5 42.5 25 25 42 
1 RRT 1.42906 0.42595 0.67013 203.75 124.01 25 7.5 8 25 42.5 25 25 42 
1 RRT 1.42266 0.42161 0.67291 144.33 81.334 25 7.5 8 25 42.5 25 25 42 
1 RRT 1.2278 0.38369 0.54749 183.85 92.991 8 25 25 7.5 42.5 25 25 42 
1 RRT 1.06303 0.37265 0.40299 131.6 87.649 42.5 25 25 7.5 8 25 25 42 
1 RRT 2.30335 0.34427 1.6939 173.91 136.04 8 25 25 7.5 42.5 25 25 42 
1 RRT 1.81149 0.44042 1.0259 227.17 135.96 25 42 25 7.5 8 25 42.5 25 
1 RRT 1.43845 0.42062 0.69316 113.58 70.988 25 42 25 7.5 8 25 42.5 25 
1 RRT 1.1777 0.40958 0.44896 111.76 65.396 8 25 25 7.5 42.5 25 25 42 
1 RRT 1.16333 0.40488 0.44051 125.06 70.411 42.5 25 25 7.5 8 25 25 42 
1 RRT 1.41703 0.42222 0.66708 164.15 101.07 25 7.5 8 25 42.5 25 25 42 
1 RRT 1.06689 0.35629 0.43206 201.03 125.6 42.5 25 25 7.5 8 25 25 42 
1 RRT 1.33548 0.35902 0.68991 230.89 166 25 7.5 8 25 42.5 25 25 42 
1 RRT 1.14026 0.32196 0.55784 169.42 115.03 25 42 25 7.5 8 25 42.5 25 
1 RRT 1.46371 0.37397 0.79459 154.86 87.412 8 25 25 7.5 42.5 25 25 42 
1 RRT 2.15467 0.31732 1.5807 142.16 101.03 25 7.5 8 25 42.5 25 25 42 
1 RRT 1.84928 0.38846 1.1542 153.25 90.59 42.5 25 25 7.5 8 25 25 42 
1 RRT 1.53073 0.38499 0.84957 107.16 71.397 42.5 25 25 7.5 8 25 25 42 
1 RRT 1.61379 0.37685 0.94624 130.32 78.242 25 7.5 8 25 42.5 25 25 42 
1 RRT 1.05347 0.36584 0.39773 97.321 54.474 42.5 25 25 7.5 8 25 25 42 
1 RRT 2.47629 0.34273 1.8577 170.71 111.4 42.5 25 25 7.5 8 25 25 42 
1 RRT 1.18771 0.3619 0.53231 239.73 176.03 42.5 25 25 7.5 8 25 25 42 
1 RRT 1.09808 0.36761 0.44323 136.39 93.589 25 42 25 7.5 8 25 42.5 25 
1 RRT 1.29122 0.34869 0.6785 109.67 85.027 8 25 25 7.5 42.5 25 25 42 
1 RRT 1.51548 0.391 0.82154 186.92 127.6 42.5 25 25 7.5 8 25 25 42 
1 RRT 1.21321 0.38636 0.52339 122.96 72.088 25 42 25 7.5 8 25 42.5 25 
1 RRT 1.07845 0.32903 0.49217 104.41 66.718 25 7.5 8 25 42.5 25 25 42 
1 RRT 1.20748 0.37447 0.54157 104.15 76.048 25 42 25 7.5 8 25 42.5 25 
1 RRT 1.15843 0.36747 0.5063 157.76 93.615 25 7.5 8 25 42.5 25 25 42 
1 RRT 2.12832 0.36768 1.4691 102.57 64.475 42.5 25 25 7.5 8 25 25 42 
1 RRT 1.63202 0.38012 0.95316 196.06 136.43 42.5 25 25 7.5 8 25 25 42 
1 RRT 3.79574 0.42002 3.0504 178.51 113.19 25 42 25 7.5 8 25 42.5 25 
1 RRT 1.81179 0.41107 1.0842 207.86 128.42 25 42 25 7.5 8 25 42.5 25 
0 RRT 10.7288 0.40883 10.001 0 -1 8 25 25 7.5 42.5 25 25 42 
1 RRT 1.92015 0.44457 1.1284 130.15 82.282 42.5 25 25 7.5 8 25 25 42 
1 RRT 1.27605 0.41003 0.544 106.65 65.706 25 7.5 8 25 42.5 25 25 42 
1 RRT 2.65409 0.40506 1.9313 89.542 57.8 42.5 25 25 7.5 8 25 25 42 
1 RRT 1.3264 0.42089 0.57894 136.29 93.359 42.5 25 25 7.5 8 25 25 42 
1 RRT 3.35529 0.41182 2.6243 298.36 149.46 8 25 25 7.5 42.5 25 25 42 
1 RRT 1.24196 0.42092 0.49271 180.27 115.13 42.5 25 25 7.5 8 25 25 42 
1 RRT 1.32605 0.41682 0.58455 149.04 89.4 8 25 25 7.5 42.5 25 25 42 
1 RRT 1.57559 0.3304 0.98417 197.81 126.6 25 7.5 8 25 42.5 25 25 42 
1 RRT 1.0984 0.32598 0.50943 180.04 120.2 25 7.5 8 25 42.5 25 25 42 
1 RRT 1.10162 0.33972 0.48269 117.41 66.922 42.5 25 25 7.5 8 25 25 42 
1 RRT 1.51137 0.38471 0.83172 292.86 178.11 25 7.5 8 25 42.5 25 25 42 
1 RRT 1.67981 0.34697 1.0602 105.36 72.21 42.5 25 25 7.5 8 25 25 42 
1 RRT 1.28241 0.36438 0.62879 128.12 61.945 8 25 25 7.5 42.5 25 25 42 
1 RRT 1.78693 0.41312 1.0528 200.13 134.81 25 42 25 7.5 8 25 42.5 25 
1 RRT 1.5948 0.36267 0.95038 113.11 67.4 42.5 25 25 7.5 8 25 25 42 
0 RRT 10.7515 0.42146 10.002 0 -1 25 42 25 7.5 8 25 42.5 25 
1 RRT 2.24353 0.36944 1.5815 246.44 154.5 25 42 25 7.5 8 25 42.5 25 
1 RRT 1.68415 0.41131 0.95069 119.12 73.797 25 42 25 7.5 8 25 42.5 25 
1 RRT 1.58976 0.42741 0.82976 129.65 78.928 42.5 25 25 7.5 8 25 25 42 
1 RRT 1.25995 0.39943 0.54976 117.18 72.369 8 25 25 7.5 42.5 25 25 42 
1 RRT 2.94098 0.37102 2.2811 309.02 188.46 25 42 25 7.5 8 25 42.5 25 
1 RRT 1.22487 0.3855 0.54105 123.58 81.921 25 7.5 8 25 42.5 25 25 42 
1 RRT 2.09104 0.35623 1.4573 208.88 129.89 25 42 25 7.5 8 25 42.5 25 
1 RRT 1.04407 0.3647 0.3927 95.326 67.527 8 25 25 7.5 42.5 25 25 42 
1 RRT 1.25274 0.41623 0.51583 111.05 85.144 25 42 25 7.5 8 25 42.5 25 
1 RRT 3.74993 0.41285 3.0136 141.73 86.747 25 7.5 8 25 42.5 25 25 42 
1 RRT 1.23158 0.4062 0.5098 127.7 74.212 42.5 25 25 7.5 8 25 25 42 
1 RRT 2.5169 0.41159 1.784 214.53 152.24 8 25 25 7.5 42.5 25 25 42 
1 RRT 2.92599 0.41801 2.1829 128.45 93.449 25 7.5 8 25 42.5 25 25 42 
1 RRT 1.70654 0.38838 1.0193 119.82 87.774 25 42 25 7.5 8 25 42.5 25 
1 RRT 1.16184 0.37138 0.50291 125.56 88.561 25 42 25 7.5 8 25 42.5 25 
1 RRT 1.14399 0.36905 0.48944 136.76 76.773 8 25 25 7.5 42.5 25 25 42 
1 RRT 1.62579 0.38546 0.94164 132.72 89.539 25 7.5 8 25 42.5 25 25 42 
1 RRT 2.31416 0.36492 1.6651 178.48 122.71 25 7.5 8 25 42.5 25 25 42 
1 RRT 1.8099 0.3724 1.1487 202.34 119.24 8 25 25 7.5 42.5 25 25 42 
1 RRT 1.2177 0.38803 0.53083 100.13 64.981 8 25 25 7.5 42.5 25 25 42 
1 RRT 1.34098 0.37705 0.67473 110.1 71.17 42.5 25 25 7.5 8 25 25 42 
0 RRT 10.6854 0.3827 10.002 0 -1 42.5 25 25 7.5 8 25 25 42 
1 RRT 1.77628 0.36381 1.1349 111.71 73.586 25 7.5 8 25 42.5 25 25 42 
1 RRT 2.26707 0.38086 1.5935 170.26 119.22 25 42 25 7.5 8 25 42.5 25 
1 RRT 1.07786 0.36938 0.41954 92.012 55.4 42.5 25 25 7.5 8 25 25 42 
1 RRT 1.31656 0.41468 0.5787 130.89 83.953 25 42 25 7.5 8 25 42.5 25 
1 RRT 1.32546 0.38605 0.63825 207.1 122.74 42.5 25 25 7.5 8 25 25 42 
1 RRT 2.27809 0.40289 1.5653 191.81 107.76 25 42 25 7.5 8 25 42.5 25 
1 RRT 1.02037 0.33763 0.41026 160.74 111.55 42.5 25 25 7.5 8 25 25 42 
1 RRT 1.82272 0.36169 1.1787 192.21 133.88 42.5 25 25 7.5 8 25 25 42 
1 RRT 1.42921 0.35175 0.80927 190.61 142.68 42.5 25 25 7.5 8 25 25 42 
1 RRT 1.75345 0.3251 1.1688 133.57 111.31 42.5 25 25 7.5 8 25 25 42 
1 RRT 3.31141 0.37809 2.6456 214.76 142.4 25 42 25 7.5 8 25 42.5 25 
1 RRT 1.78023 0.391 1.0885 188.08 121.67 8 25 25 7.5 42.5 25 25 42 
1 RRT 1.1034 0.37567 0.41972 101.33 56.8 25 7.5 8 25 42.5 25 25 42 
1 RRT 1.35528 0.37998 0.68939 119.93 67.775 25 42 25 7.5 8 25 42.5 25 
1 RRT 1.5127 0.34982 0.87854 171.73 118.5 42.5 25 25 7.5 8 25 25 42 
1 RRT 1.64391 0.38901 0.95711 129.59 93.991 42.5 25 25 7.5 8 25 25 42 
1 RRT 2.34498 0.36044 1.7081 118.12 77.744 25 42 25 7.5 8 25 42.5 25 
1 RRT 1.40147 0.36609 0.75558 165.99 119.42 25 42 25 7.5 8 25 42.5 25 
1 RRT 1.435 0.33205 0.83412 151.42 88.373 42.5 25 25 7.5 8 25 25 42 
1 RRT 1.86401 0.35342 1.2311 115 62.68 25 7.5 8 25 42.5 25 25 42 
1 RRT 1.23486 0.41554 0.49538 101.35 64.082 8 25 25 7.5 42.5 25 25 42 
1 RRT 1.5354 0.41512 0.79826 109.62 80.068 42.5 25 25 7.5 8 25 25 42 
1 RRT 1.59656 0.42364 0.84473 176.09 100 25 7.5 8 25 42.5 25 25 42 
1 RRT 2.52008 0.41397 1.7812 127.62 83.831 25 7.5 8 25 42.5 25 25 42 
0 RRT 10.8155 0.39156 10.115 0 -1 8 25 25 7.5 42.5 25 25 42 
1 RRT 2.31962 0.35178 1.6857 125.96 81.452 8 25 25 7.5 42.5 25 25 42 
1 RRT 1.05326 0.35115 0.43363 122.33 81.359 25 42 25 7.5 8 25 42.5 25 
1 RRT 2.70448 0.37204 2.0558 103.13 67.974 42.5 25 25 7.5 8 25 25 42 
1 RRT 2.52858 0.40704 1.8037 166.81 106.6 25 42 25 7.5 8 25 42.5 25 
1 RRT 2.09396 0.42682 1.337 267.38 172.18 42.5 25 25 7.5 8 25 25 42 
1 RRT 1.71165 0.40258 0.99385 130.64 86.719 25 42 25 7.5 8 25 42.5 25 
1 RRT 1.43392 0.41458 0.69361 218.72 126.41 25 42 25 7.5 8 25 42.5 25 
1 RRT 1.38658 0.4226 0.63703 151.38 104.06 25 7.5 8 25 42.5 25 25 42 
1 RRT 1.54722 0.42939 0.78418 113.27 74.806 25 7.5 8 25 42.5 25 25 42 
1 RRT 2.23775 0.41215 1.5034 140.61 71.906 25 42 25 7.5 8 25 42.5 25 
1 RRT 1.30135 0.42968 0.5383 89.61 48.8 25 42 25 7.5 8 25 42.5 25 
1 RRT 1.65777 0.41057 0.9241 140.98 107.06 25 7.5 8 25 42.5 25 25 42 
1 RRT 1.85694 0.42432 1.101 103.78 78.2 25 7.5 8 25 42.5 25 25 42 
1 RRT 1.21442 0.41413 0.47274 126.89 76.036 8 25 25 7.5 42.5 25 25 42 
1 RRT 1.13972 0.38208 0.45168 112.64 58.645 42.5 25 25 7.5 8 25 25 42 
1 RRT 1.52024 0.42672 0.76007 97.94 68.7 42.5 25 25 7.5 8 25 25 42 
1 RRT 1.2459 0.40467 0.52561 106.78 62.095 25 7.5 8 25 42.5 25 25 42 
1 RRT 2.70427 0.41283 1.9713 138.73 94.376 25 42 25 7.5 8 25 42.5 25 
1 RRT 1.57917 0.41119 0.85079 135.09 97.942 25 42 25 7.5 8 25 42.5 25 
1 RRT 1.85598 0.42923 1.0922 195.21 137.87 25 42 25 7.5 8 25 42.5 25 
1 RRT 2.82971 0.41377 2.0968 136.44 79.427 8 25 25 7.5 42.5 25 25 42 
0 RRT 10.6907 0.38765 10.002 0 -1 25 42 25 7.5 8 25 42.5 25 
1 RRT 1.91715 0.38607 1.231 189.67 109.94 25 7.5 8 25 42.5 25 25 42 
1 RRT 1.80285 0.33307 1.2028 115.12 77.376 25 7.5 8 25 42.5 25 25 42 
1 RRT 2.33199 0.41943 1.5871 137.69 96.282 8 25 25 7.5 42.5 25 25 42 
1 RRT 1.17443 0.40222 0.45854 108.76 62.321 25 7.5 8 25 42.5 25 25 42 
1 RRT 1.29118 0.41162 0.56053 144.73 76.846 25 42 25 7.5 8 25 42.5 25 
1 RRT 1.2278 0.41532 0.48894 118.47 72.2 25 42 25 7.5 8 25 42.5 25 
1 RRT 1.32521 0.40619 0.60153 164.43 88.868 25 7.5 8 25 42.5 25 25 42 
1 RRT 1.36264 0.41123 0.62963 185.73 115.95 25 42 25 7.5 8 25 42.5 25 
1 RRT 2.55737 0.40403 1.8378 151.27 101.46 42.5 25 25 7.5 8 25 25 42 
1 RRT 1.23311 0.41201 0.5003 108.99 63.028 8 25 25 7.5 42.5 25 25 42 
1 RRT 1.64 0.40823 0.91399 147.36 97.848 25 7.5 8 25 42.5 25 25 42 
1 RRT 5.75211 0.42719 4.9891 166.94 117 25 7.5 8 25 42.5 25 25 42 
1 RRT 2.08765 0.39477 1.3861 182.5 126.89 8 25 25 7.5 42.5 25 25 42 
1 RRT 1.87763 0.41034 1.1472 193.21 131.56 42.5 25 25 7.5 8 25 25 42 
1 RRT 1.69242 0.3535 1.055 205.68 133.19 25 7.5 8 25 42.5 25 25 42 
1 RRT 1.83641 0.39524 1.1338 175.47 116.21 42.5 25 25 7.5 8 25 25 42 
1 RRT 1.51188 0.42258 0.7604 98.885 67.258 25 42 25 7.5 8 25 42.5 25 
1 RRT 2.05393 0.4108 1.3255 121.56 81.97 8 25 25 7.5 42.5 25 25 42 
1 RRT 1.26331 0.37065 0.60296 166.38 126.17 8 25 25 7.5 42.5 25 25 42 
1 RRT 1.46345 0.37258 0.79128 196.2 125.08 8 25 25 7.5 42.5 25 25 42 
1 RRT 2.25395 0.37897 1.5704 119.89 72.192 8 25 25 7.5 42.5 25 25 42 
1 RRT 1.6861 0.38967 0.99699 98.34 56.573 25 42 25 7.5 8 25 42.5 25 
1 RRT 1.2514 0.37174 0.58839 131.07 83.18 25 42 25 7.5 8 25 42.5 25 
1 RRT 1.74307 0.38199 1.0646 171.79 109 42.5 25 25 7.5 8 25 25 42 
1 RRT 4.17586 0.34061 3.5593 235.05 159.57 25 42 25 7.5 8 25 42.5 25 
1 RRT 1.81874 0.40305 1.1053 114.13 94.8 42.5 25 25 7.5 8 25 25 42 
1 RRT 1.31489 0.35924 0.68664 179 117.29 42.5 25 25 7.5 8 25 25 42 
1 RRT 1.66849 0.38428 0.98449 173.74 103.94 25 7.5 8 25 42.5 25 25 42 
1 RRT 2.26398 0.34565 1.6379 173.31 123.02 8 25 25 7.5 42.5 25 25 42 
1 RRT 1.04152 0.32352 0.45635 140.91 90.591 8 25 25 7.5 42.5 25 25 42 
1 RRT 3.68048 0.40739 2.9547 188.13 117.17 25 42 25 7.5 8 25 42.5 25 
1 RRT 1.44737 0.33615 0.83973 145.92 111.34 25 7.5 8 25 42.5 25 25 42 
1 RRT 1.87156 0.327 1.2809 250.4 154.75 8 25 25 7.5 42.5 25 25 42 
1 RRT 3.15915 0.38936 2.4654 172.19 106.38 42.5 25 25 7.5 8 25 25 42 
1 RRT 1.0358 0.35817 0.40272 127.89 86.684 25 42 25 7.5 8 25 42.5 25 
1 RRT 1.25497 0.37927 0.58591 193.18 121 8 25 25 7.5 42.5 25 25 42 
1 RRT 1.56302 0.36119 0.91685 140.41 100.8 25 42 25 7.5 8 25 42.5 25 
1 RRT 1.31722 0.43441 0.54912 128.68 77.552 25 42 25 7.5 8 25 42.5 25 
1 RRT 3.10951 0.40949 2.3811 139.48 85.119 42.5 25 25 7.5 8 25 25 42 
1 RRT 1.20937 0.42316 0.45559 110.69 78.2 42.5 25 25 7.5 8 25 25 42 
1 RRT 1.75072 0.41631 1.0081 200 143.91 8 25 25 7.5 42.5 25 25 42 
1 RRT 1.40645 0.41563 0.66952 178.33 100.86 25 42 25 7.5 8 25 42.5 25 
1 RRT 1.38251 0.39761 0.67294 129.65 84.345 42.5 25 25 7.5 8 25 25 42 
1 RRT 1.6153 0.42549 0.85965 225.76 139.83 25 42 25 7.5 8 25 42.5 25 
1 RRT 1.6929 0.41334 0.95911 139.49 85.117 25 7.5 8 25 42.5 25 25 42 
1 RRT 1.19706 0.41125 0.46591 136.13 85.844 25 42 25 7.5 8 25 42.5 25 
1 RRT 1.44127 0.41916 0.6966 142.06 105.85 42.5 25 25 7.5 8 25 25 42 
1 RRT 1.54018 0.41003 0.80778 221.9 132.4 42.5 25 25 7.5 8 25 25 42 
1 RRT 1.34524 0.41034 0.61531 161.51 108.6 25 42 25 7.5 8 25 42.5 25 
1 RRT 1.86776 0.41669 1.1278 143.52 80.381 8 25 25 7.5 42.5 25 25 42 
1 RRT 2.67271 0.34564 2.0559 103.35 73.344 25 42 25 7.5 8 25 42.5 25 
1 RRT 2.7197 0.42054 1.9739 184.14 104.28 25 7.5 8 25 42.5 25 25 42 
1 RRT 1.95511 0.33477 1.3503 187.55 117.51 25 7.5 8 25 42.5 25 25 42 
1 RRT 1.75701 0.41422 1.0203 134.07 76.351 42.5 25 25 7.5 8 25 25 42 
1 RRT 1.3606 0.39591 0.65881 148.66 115 25 7.5 8 25 42.5 25 25 42 
0 RRT 10.7027 0.39653 10.001 0 -1 42.5 25 25 7.5 8 25 25 42 
1 RRT 1.06856 0.32796 0.48121 165.64 103.18 42.5 25 25 7.5 8 25 25 42 
1 RRT 2.10409 0.34391 1.4875 259.9 165.63 42.5 25 25 7.5 8 25 25 42 
1 RRT 1.3109 0.34572 0.69626 153.58 109.48 25 7.5 8 25 42.5 25 25 42 
1 RRT 1.4251 0.41414 0.68923 161.62 104.59 25 42 25 7.5 8 25 42.5 25 
1 RRT 1.34694 0.41893 0.60378 146.56 93 42.5 25 25 7.5 8 25 25 42 
1 RRT 1.39556 0.41596 0.65767 140.49 81.8 42.5 25 25 7.5 8 25 25 42 
1 RRT 1.26084 0.41902 0.51659 127.58 76.358 25 7.5 8 25 42.5 25 25 42 
1 RRT 1.20538 0.4139 0.47141 156.14 91.6 25 42 25 7.5 8 25 42.5 25 
1 RRT 1.54557 0.42821 0.78387 174.55 126.77 25 42 25 7.5 8 25 42.5 25 
1 RRT 1.53425 0.42373 0.77975 155.92 101.5 42.5 25 25 7.5 8 25 25 42 
1 RRT 3.00111 0.42683 2.2425 170.11 114.48 25 42 25 7.5 8 25 42.5 25 
1 RRT 1.69752 0.43513 0.92327 137.84 97.252 42.5 25 25 7.5 8 25 25 42 
1 RRT 1.56206 0.42079 0.81414 154.83 122.97 42.5 25 25 7.5 8 25 25 42 
1 RRT 3.89324 0.41193 3.1606 167.23 106.35 8 25 25 7.5 42.5 25 25 42 
1 RRT 1.19901 0.421 0.44833 94.3 57.683 25 42 25 7.5 8 25 42.5 25 
1 RRT 3.43781 0.4238 2.6833 167.99 102.58 25 42 25 7.5 8 25 42.5 25 
1 RRT 5.73095 0.42477 4.976 288.41 211.67 25 42 25 7.5 8 25 42.5 25 
1 RRT 1.31114 0.40226 0.59586 166.6 140.45 42.5 25 25 7.5 8 25 25 42 
1 RRT 1.61753 0.42355 0.8635 98.257 52.365 25 42 25 7.5 8 25 42.5 25 
1 RRT 3.8559 0.42739 3.0971 186.95 117.94 25 7.5 8 25 42.5 25 25 42 
1 RRT 1.96978 0.41541 1.2251 217.88 158.54 42.5 25 25 7.5 8 25 25 42 
1 RRT 1.60757 0.42093 0.86045 235.08 140.61 25 42 25 7.5 8 25 42.5 25 
1 RRT 1.44506 0.4209 0.69709 171.04 113.32 25 7.5 8 25 42.5 25 25 42 
1 RRT 1.09907 0.3213 0.52238 135.82 88.908 8 25 25 7.5 42.5 25 25 42 
1 RRT 1.40457 0.37891 0.73881 122.73 78.538 42.5 25 25 7.5 8 25 25 42 
1 RRT 1.11625 0.34453 0.50267 157.65 102.11 8 25 25 7.5 42.5 25 25 42 
1 RRT 3.24187 0.33724 2.638 244.81 159.49 8 25 25 7.5 42.5 25 25 42 
1 RRT 1.20384 0.33786 0.59106 107.94 64.305 25 7.5 8 25 42.5 25 25 42 
1 RRT 1.05022 0.36206 0.40473 119.9 77.487 25 7.5 8 25 42.5 25 25 42 
1 RRT 4.50539 0.34469 3.896 171.27 121.27 25 7.5 8 25 42.5 25 25 42 
1 RRT 1.9434 0.42324 1.1931 153.88 96.551 25 7.5 8 25 42.5 25 25 42 
1 RRT 1.60606 0.36135 0.97485 218.97 122.8 25 42 25 7.5 8 25 42.5 25 
1 RRT 1.96616 0.38627 1.2749 228.85 169.07 8 25 25 7.5 42.5 25 25 42 
1 RRT 1.10953 0.35802 0.47394 230.31 142.6 42.5 25 25 7.5 8 25 25 42 
1 RRT 2.12175 0.38913 1.4217 174.02 94.026 42.5 25 25 7.5 8 25 25 42 
1 RRT 2.85786 0.35058 2.2346 232.87 169.56 8 25 25 7.5 42.5 25 25 42 
1 RRT 2.03536 0.34262 1.423 128.82 75.465 25 7.5 8 25 42.5 25 25 42 
1 RRT 2.13493 0.41196 1.4032 183.29 124.32 25 7.5 8 25 42.5 25 25 42 
1 RRT 1.55147 0.41689 0.81098 138.03 93.255 25 42 25 7.5 8 25 42.5 25 
1 RRT 1.24151 0.42202 0.48834 124.08 93.993 25 7.5 8 25 42.5 25 25 42 
1 RRT 1.3038 0.40424 0.58717 166.94 89.183 25 7.5 8 25 42.5 25 25 42 
1 RRT 1.29942 0.37015 0.65272 125.7 80.243 25 42 25 7.5 8 25 42.5 25 
1 RRT 2.09208 0.41054 1.3612 149.41 110.78 25 7.5 8 25 42.5 25 25 42 
1 RRT 1.99234 0.4242 1.2389 141.34 86.191 25 42 25 7.5 8 25 42.5 25 
1 RRT 2.52005 0.40619 1.7982 253.39 195.11 25 7.5 8 25 42.5 25 25 42 
1 RRT 2.25009 0.34335 1.6326 107.63 70.208 42.5 25 25 7.5 8 25 25 42 
1 RRT 1.40552 0.42052 0.65958 115.97 67.101 25 42 25 7.5 8 25 42.5 25 
1 RRT 1.30325 0.42863 0.54291 120.33 79.452 42.5 25 25 7.5 8 25 25 42 
1 RRT 1.31673 0.43225 0.54922 157.94 105.61 25 7.5 8 25 42.5 25 25 42 
1 RRT 1.25079 0.34315 0.64136 142.56 111.74 25 42 25 7.5 8 25 42.5 25 
1 RRT 1.41986 0.41168 0.68938 93.379 52.323 8 25 25 7.5 42.5 25 25 42 
1 RRT 1.26965 0.41902 0.52529 125.81 90.766 42.5 25 25 7.5 8 25 25 42 
1 RRT 1.3094 0.41177 0.57447 125.04 92.232 25 7.5 8 25 42.5 25 25 42 
1 RRT 1.24069 0.40783 0.5148 172.21 104.54 8 25 25 7.5 42.5 25 25 42 
1 RRT 1.5968 0.41039 0.86555 185.01 110.3 25 42 25 7.5 8 25 42.5 25 
1 RRT 1.60284 0.4236 0.85081 223.9 130.47 25 42 25 7.5 8 25 42.5 25 
1 RRT 1.60844 0.36331 0.96913 173.68 111.27 25 42 25 7.5 8 25 42.5 25 
1 RRT 2.48844 0.42299 1.737 100.84 62.019 8 25 25 7.5 42.5 25 25 42 
1 RRT 2.08394 0.40666 1.359 106.83 59.446 8 25 25 7.5 42.5 25 25 42 
1 RRT 1.2806 0.42497 0.52979 122.14 70.4 8 25 25 7.5 42.5 25 25 42 
1 RRT 1.33895 0.42073 0.59125 160.37 116.54 8 25 25 7.5 42.5 25 25 42 
1 RRT 1.86279 0.41192 1.1281 218.53 137.43 42.5 25 25 7.5 8 25 25 42 
1 RRT 1.47064 0.41328 0.73643 259.03 163.3 42.5 25 25 7.5 8 25 25 42 
1 RRT 1.24812 0.42306 0.49732 177.94 99.507 25 7.5 8 25 42.5 25 25 42 
1 RRT 1.48425 0.41343 0.74708 107.02 73.2 8 25 25 7.5 42.5 25 25 42 
1 RRT 1.221 0.43 0.45911 123.13 69.8 42.5 25 25 7.5 8 25 25 42 
1 RRT 1.4112 0.42796 0.65148 185.98 116.09 25 42 25 7.5 8 25 42.5 25 
1 RRT 1.59018 0.42309 0.83883 176.67 100.58 25 42 25 7.5 8 25 42.5 25 
1 RRT 2.13125 0.41127 1.4008 149.32 94.726 25 42 25 7.5 8 25 42.5 25 
1 RRT 1.46259 0.43058 0.70277 140.12 102.87 25 7.5 8 25 42.5 25 25 42 
1 RRT 1.24467 0.41332 0.50907 98.607 55.65 25 7.5 8 25 42.5 25 25 42 
1 RRT 1.27616 0.43784 0.49958 138.25 90.083 8 25 25 7.5 42.5 25 25 42 
1 RRT 1.23588 0.41425 0.49645 173.08 124.36 42.5 25 25 7.5 8 25 25 42 
1 RRT 3.77795 0.40761 3.0484 249.14 163.72 25 7.5 8 25 42.5 25 25 42 
1 RRT 1.81555 0.35755 1.1844 148.92 82.149 42.5 25 25 7.5 8 25 25 42 
1 RRT 1.38207 0.31579 0.81284 135.57 80.972 42.5 25 25 7.5 8 25 25 42 
1 RRT 1.27264 0.37098 0.61614 120.38 74.6 25 42 25 7.5 8 25 42.5 25 
1 RRT 1.01128 0.34465 0.38819 125.95 68.18 25 7.5 8 25 42.5 25 25 42 
1 RRT 1.78666 0.35307 1.1599 216.15 123.92 25 42 25 7.5 8 25 42.5 25 
1 RRT 1.04413 0.34036 0.43765 132.96 79.352 8 25 25 7.5 42.5 25 25 42 
1 RRT 5.48094 0.3341 4.8839 137.43 88.258 8 25 25 7.5 42.5 25 25 42 
1 RRT 0.94679 0.32025 0.3657 164.83 88.155 25 7.5 8 25 42.5 25 25 42 
1 RRT 1.21924 0.34832 0.60377 119.5 79.187 25 42 25 7.5 8 25 42.5 25 
1 RRT 2.09813 0.34989 1.476 208.78 137.38 42.5 25 25 7.5 8 25 25 42 
1 RRT 1.55152 0.34175 0.94081 135.47 92.665 8 25 25 7.5 42.5 25 25 42 
1 RRT 1.24729 0.31169 0.68381 205.87 139.75 8 25 25 7.5 42.5 25 25 42 
1 RRT 2.57905 0.35455 1.9497 190.63 114.44 8 25 25 7.5 42.5 25 25 42 
1 RRT 1.19831 0.35427 0.56055 262.4 147.17 8 25 25 7.5 42.5 25 25 42 
1 RRT 2.15327 0.3629 1.5083 163.45 111.23 42.5 25 25 7.5 8 25 25 42 
1 RRT 1.09541 0.35482 0.46951 164.44 96.128 8 25 25 7.5 42.5 25 25 42 
1 RRT 1.44243 0.36002 0.79573 225.36 175.96 25 7.5 8 25 42.5 25 25 42 
1 RRT 1.05756 0.32241 0.4726 122.74 74.052 25 7.5 8 25 42.5 25 25 42 
1 RRT 1.17598 0.33939 0.56914 159.69 102.63 8 25 25 7.5 42.5 25 25 42 
1 RRT 1.08606 0.35073 0.45886 137.66 77 25 42 25 7.5 8 25 42.5 25 
1 RRT 1.58874 0.3556 0.94961 136.7 94.563 25 7.5 8 25 42.5 25 25 42 
1 RRT 1.52283 0.38154 0.84356 104.49 59.2 25 7.5 8 25 42.5 25 25 42 
1 RRT 1.82372 0.42236 1.0761 265.49 177.05 8 25 25 7.5 42.5 25 25 42 
1 RRT 1.74663 0.35276 1.1158 205.1 125.74 8 25 25 7.5 42.5 25 25 42 
1 RRT 1.09488 0.34393 0.48338 114.27 62.812 42.5 25 25 7.5 8 25 25 42 
1 RRT 1.12715 0.35587 0.49234 163.27 119.59 25 42 25 7.5 8 25 42.5 25 
1 RRT 1.53512 0.39666 0.82669 160.07 113.44 25 7.5 8 25 42.5 25 25 42 
1 RRT 1.54332 0.4127 0.81579 221.53 153.37 25 42 25 7.5 8 25 42.5 25 
1 RRT 1.05019 0.32957 0.45622 159.14 101.53 25 42 25 7.5 8 25 42.5 25 
1 RRT 3.62913 0.32344 3.0473 262.05 174.43 8 25 25 7.5 42.5 25 25 42 
1 RRT 2.07829 0.39923 1.3701 231.35 138.47 25 7.5 8 25 42.5 25 25 42 
1 RRT 3.10415 0.41655 2.3636 226.93 141.85 25 7.5 8 25 42.5 25 25 42 
1 RRT 1.07785 0.35692 0.44724 116.1 77.593 25 42 25 7.5 8 25 42.5 25 
1 RRT 1.33978 0.34638 0.7306 189.36 119.24 25 7.5 8 25 42.5 25 25 42 
0 RRT 10.7502 0.41999 10.002 0 -1 42.5 25 25 7.5 8 25 25 42 
1 RRT 1.54087 0.35301 0.91779 162.78 111.97 42.5 25 25 7.5 8 25 25 42 
1 RRT 1.0467 0.32479 0.46184 155.03 89.489 25 42 25 7.5 8 25 42.5 25 
1 RRT 1.86201 0.33938 1.2597 127.07 91.309 8 25 25 7.5 42.5 25 25 42 
1 RRT 1.33135 0.35825 0.69293 119.31 72.274 25 7.5 8 25 42.5 25 25 42 
1 RRT 1.63096 0.40005 0.91927 122.71 77.137 25 7.5 8 25 42.5 25 25 42 
1 RRT 1.07947 0.36148 0.43446 193.11 111.99 25 42 25 7.5 8 25 42.5 25 
1 RRT 1.40503 0.41904 0.65925 131.64 105.38 42.5 25 25 7.5 8 25 25 42 
1 RRT 1.32128 0.41507 0.58135 92.937 64.783 25 7.5 8 25 42.5 25 25 42 
1 RRT 1.81506 0.43339 1.0486 123.24 75.791 8 25 25 7.5 42.5 25 25 42 
1 RRT 1.50448 0.41449 0.77127 158.29 108.15 25 42 25 7.5 8 25 42.5 25 
1 RRT 1.35666 0.40428 0.63569 217.88 123.44 25 42 25 7.5 8 25 42.5 25 
1 RRT 1.28831 0.41301 0.55525 198.75 145.98 42.5 25 25 7.5 8 25 25 42 
1 RRT 1.79901 0.424 1.0488 129.4 77.508 25 42 25 7.5 8 25 42.5 25 
1 RRT 1.94561 0.41212 1.2172 136.68 101.68 8 25 25 7.5 42.5 25 25 42 
1 RRT 1.54006 0.41456 0.8023 131.69 91.95 8 25 25 7.5 42.5 25 25 42 
1 RRT 0.985145 0.3255 0.40076 93.809 62.2 25 7.5 8 25 42.5 25 25 42 
1 RRT 1.53199 0.43625 0.75339 184.44 121.06 25 7.5 8 25 42.5 25 25 42 
1 RRT 4.03697 0.41436 3.2986 209.79 134.51 42.5 25 25 7.5 8 25 25 42 
1 RRT 1.96964 0.40181 1.254 181.54 127.24 25 7.5 8 25 42.5 25 25 42 
1 RRT 2.47858 0.42408 1.7229 216.41 132.71 42.5 25 25 7.5 8 25 25 42 
1 RRT 4.05805 0.36282 3.4278 261.14 179.38 25 42 25 7.5 8 25 42.5 25 
1 RRT 1.34778 0.42401 0.59073 274.62 159.8 8 25 25 7.5 42.5 25 25 42 
1 RRT 2.7272 0.40848 2.0013 156.41 92.2 25 7.5 8 25 42.5 25 25 42 
1 RRT 1.28843 0.4093 0.55915 151.6 92.39 25 7.5 8 25 42.5 25 25 42 
1 RRT 5.06072 0.41472 4.3242 161.67 104 25 7.5 8 25 42.5 25 25 42 
1 RRT 1.30552 0.43548 0.53418 114.67 66.625 42.5 25 25 7.5 8 25 25 42 
1 RRT 2.04571 0.42992 1.2869 232.91 143.35 42.5 25 25 7.5 8 25 25 42 
1 RRT 1.22755 0.4082 0.50363 142.48 93.2 8 25 25 7.5 42.5 25 25 42 
1 RRT 1.89566 0.41679 1.1527 141.52 78.149 42.5 25 25 7.5 8 25 25 42 
1 RRT 1.21468 0.40353 0.49581 201.76 132.75 8 25 25 7.5 42.5 25 25 42 
1 RRT 0.980477 0.33147 0.3922 174.92 111 25 7.5 8 25 42.5 25 25 42 
1 RRT 1.59153 0.37748 0.92545 168.16 116.7 8 25 25 7.5 42.5 25 25 42 
1 RRT 1.61207 0.42522 0.85819 195.92 116.98 42.5 25 25 7.5 8 25 25 42 
0 RRT 10.7186 0.40434 10 0 -1 25 7.5 8 25 42.5 25 25 42 
1 RRT 1.25907 0.41991 0.51338 150.2 95.275 42.5 25 25 7.5 8 25 25 42 
1 RRT 1.49151 0.43653 0.71483 178.59 111.8 42.5 25 25 7.5 8 25 25 42 
1 RRT 1.31652 0.41762 0.57187 175.33 96.167 8 25 25 7.5 42.5 25 25 42 
1 RRT 1.62724 0.4083 0.90125 114.59 76.6 25 42 25 7.5 8 25 42.5 25 
1 RRT 1.21662 0.41152 0.48601 150.87 98.7 8 25 25 7.5 42.5 25 25 42 
1 RRT 1.30989 0.40594 0.5902 211.09 130.54 8 25 25 7.5 42.5 25 25 42 
1 RRT 1.36209 0.42998 0.59903 158.71 102.82 25 7.5 8 25 42.5 25 25 42 
1 RRT 2.8164 0.40498 2.0952 112.27 70.731 25 7.5 8 25 42.5 25 25 42 
1 RRT 1.78107 0.42006 1.037 197.28 143.2 25 7.5 8 25 42.5 25 25 42 
1 RRT 1.48534 0.41895 0.74158 146.52 111.2 25 42 25 7.5 8 25 42.5 25 
1 RRT 1.28506 0.41513 0.55088 176.71 116.55 25 42 25 7.5 8 25 42.5 25 
1 RRT 1.45544 0.41802 0.71114 135.39 94.8 25 7.5 8 25 42.5 25 25 42 
1 RRT 2.35823 0.42364 1.6087 138.37 95.923 42.5 25 25 7.5 8 25 25 42 
1 RRT 1.45108 0.42433 0.69882 197.21 106.64 25 7.5 8 25 42.5 25 25 42 
1 RRT 1.08456 0.32693 0.49391 273.97 154.92 8 25 25 7.5 42.5 25 25 42 
1 RRT 1.67854 0.426 0.92577 227.05 118.51 42.5 25 25 7.5 8 25 25 42 
1 RRT 1.28366 0.43225 0.51631 111.78 68.038 8 25 25 7.5 42.5 25 25 42 
1 RRT 1.58411 0.41494 0.84442 152.96 105.19 25 42 25 7.5 8 25 42.5 25 
1 RRT 0.964507 0.33174 0.36806 145.89 66.463 8 25 25 7.5 42.5 25 25 42 
