1 RRT 2.03489 0.3356 1.4312 157.15 90.343 37.5 12.5 12.5 12.5 12.5 37.5 37.5 37.5 
1 RRT 2.49958 0.33318 1.9014 256.64 157.63 12.5 12.5 37.5 12.5 12.5 37.5 37.5 37.5 
1 RRT 4.56865 0.3302 3.9741 240.52 152.38 37.5 37.5 12.5 12.5 37.5 12.5 12.5 37.5 
1 RRT 1.13155 0.32794 0.5413 145.94 100.4 12.5 37.5 12.5 12.5 37.5 12.5 37.5 37.5 
1 RRT 2.24278 0.32158 1.664 164.01 118.21 12.5 37.5 12.5 12.5 37.5 12.5 37.5 37.5 
1 RRT 2.36302 0.32939 1.7695 133.19 87.351 37.5 12.5 12.5 12.5 12.5 37.5 37.5 37.5 
1 RRT 2.16802 0.33889 1.5614 134.1 82.4 12.5 12.5 37.5 12.5 12.5 37.5 37.5 37.5 
1 RRT 1.62318 0.33619 1.0222 120.87 80.2 37.5 12.5 12.5 12.5 12.5 37.5 37.5 37.5 
1 RRT 3.86735 0.33483 3.2647 167.11 120.16 37.5 12.5 12.5 12.5 12.5 37.5 37.5 37.5 
1 RRT 1.49385 0.33197 0.90139 159.24 113.67 12.5 37.5 12.5 12.5 37.5 12.5 37.5 37.5 
1 RRT 1.8515 0.32975 1.2604 155.58 93.6 12.5 12.5 37.5 12.5 12.5 37.5 37.5 37.5 
1 RRT 3.69322 0.33616 3.0868 183.74 125.39 12.5 12.5 37.5 12.5 12.5 37.5 37.5 37.5 
1 RRT 2.56786 0.38135 1.8722 199.02 124.64 37.5 37.5 12.5 12.5 37.5 12.5 12.5 37.5 
1 RRT 3.06297 0.32332 2.4819 155.35 120.16 37.5 37.5 12.5 12.5 37.5 12.5 12.5 37.5 
1 RRT 3.18174 0.34123 2.5697 147.08 91.819 12.5 37.5 12.5 12.5 37.5 12.5 37.5 37.5 
1 RRT 1.12732 0.33272 0.52921 157.87 91.277 12.5 12.5 37.5 12.5 12.5 37.5 37.5 37.5 
1 RRT 1.17399 0.32953 0.58479 131.1 100.9 12.5 37.5 12.5 12.5 37.5 12.5 37.5 37.5 
1 RRT 2.61442 0.32055 2.0364 288.52 179.68 37.5 12.5 12.5 12.5 12.5 37.5 37.5 37.5 
1 RRT 2.01817 0.33407 1.4191 175.12 125.55 12.5 37.5 12.5 12.5 37.5 12.5 37.5 37.5 
1 RRT 1.51242 0.32223 0.93103 189.58 129.35 12.5 37.5 12.5 12.5 37.5 12.5 37.5 37.5 
1 RRT 1.22938 0.3229 0.64754 247 165.38 12.5 12.5 37.5 12.5 12.5 37.5 37.5 37.5 
1 RRT 5.32916 0.337 4.7222 140.33 90.745 12.5 12.5 37.5 12.5 12.5 37.5 37.5 37.5 
1 RRT 2.69226 0.33111 2.0974 125.92 81.944 12.5 37.5 12.5 12.5 37.5 12.5 37.5 37.5 
1 RRT 2.97881 0.36344 2.3148 121.66 87.124 37.5 12.5 12.5 12.5 12.5 37.5 37.5 37.5 
1 RRT 2.08361 0.45042 1.2903 150.59 99.56 12.5 12.5 37.5 12.5 12.5 37.5 37.5 37.5 
1 RRT 4.60579 0.36348 3.9488 141.73 85.024 37.5 12.5 12.5 12.5 12.5 37.5 37.5 37.5 
1 RRT 3.87687 0.39666 3.1533 150.81 107.16 12.5 37.5 12.5 12.5 37.5 12.5 37.5 37.5 
1 RRT 2.67129 0.33904 2.0595 218.45 140 37.5 37.5 12.5 12.5 37.5 12.5 12.5 37.5 
1 RRT 4.79184 0.32565 4.2048 273.53 163.82 37.5 12.5 12.5 12.5 12.5 37.5 37.5 37.5 
1 RRT 4.83 0.33745 4.2248 182.94 114.26 37.5 12.5 12.5 12.5 12.5 37.5 37.5 37.5 
1 RRT 1.14318 0.31725 0.57266 135.19 89.415 37.5 37.5 12.5 12.5 37.5 12.5 12.5 37.5 
1 RRT 3.43927 0.33405 2.8374 170.41 104.98 12.5 12.5 37.5 12.5 12.5 37.5 37.5 37.5 
1 RRT 6.66348 0.32971 6.0749 213.83 108.57 37.5 12.5 12.5 12.5 12.5 37.5 37.5 37.5 
1 RRT 1.16863 0.32787 0.57934 115.44 80.838 37.5 12.5 12.5 12.5 12.5 37.5 37.5 37.5 
1 RRT 2.36751 0.32524 1.7836 128.03 81.6 37.5 12.5 12.5 12.5 12.5 37.5 37.5 37.5 
1 RRT 3.32321 0.33597 2.7214 144.24 108.59 12.5 37.5 12.5 12.5 37.5 12.5 37.5 37.5 
1 RRT 2.8995 0.36545 2.2357 181.48 130.89 37.5 37.5 12.5 12.5 37.5 12.5 12.5 37.5 
1 RRT 8.49207 0.44096 7.7109 148.26 113.07 12.5 37.5 12.5 12.5 37.5 12.5 37.5 37.5 
1 RRT 5.76776 0.33131 5.1759 136.65 101.46 12.5 12.5 37.5 12.5 12.5 37.5 37.5 37.5 
1 RRT 5.48443 0.33775 4.8803 257.64 167.32 12.5 12.5 37.5 12.5 12.5 37.5 37.5 37.5 
1 RRT 1.68267 0.43456 0.91497 131.78 75.375 37.5 12.5 12.5 12.5 12.5 37.5 37.5 37.5 
1 RRT 1.39742 0.31962 0.82107 130.19 84.842 12.5 37.5 12.5 12.5 37.5 12.5 37.5 37.5 
1 RRT 2.87906 0.36985 2.2088 206.63 126.91 12.5 37.5 12.5 12.5 37.5 12.5 37.5 37.5 
1 RRT 5.83053 0.33014 5.238 164.01 101.07 12.5 12.5 37.5 12.5 12.5 37.5 37.5 37.5 
1 RRT 1.30269 0.32473 0.71752 124.21 91.106 37.5 12.5 12.5 12.5 12.5 37.5 37.5 37.5 
1 RRT 4.56925 0.32161 3.9925 170.76 106.17 37.5 12.5 12.5 12.5 12.5 37.5 37.5 37.5 
1 RRT 1.82523 0.32191 1.2475 158.8 95.419 37.5 37.5 12.5 12.5 37.5 12.5 12.5 37.5 
1 RRT 1.81792 0.32402 1.2342 249.49 161.61 37.5 37.5 12.5 12.5 37.5 12.5 12.5 37.5 
1 RRT 1.71539 0.38881 1.0054 155.09 89.187 12.5 37.5 12.5 12.5 37.5 12.5 37.5 37.5 
1 RRT 3.15196 0.32545 2.5677 284.77 220.17 12.5 37.5 12.5 12.5 37.5 12.5 37.5 37.5 
1 RRT 1.07821 0.32603 0.49133 118.07 71.315 12.5 12.5 37.5 12.5 12.5 37.5 37.5 37.5 
1 RRT 2.86996 0.43312 2.1039 147.56 109.2 12.5 37.5 12.5 12.5 37.5 12.5 37.5 37.5 
1 RRT 1.1568 0.32093 0.57906 141.98 88.79 37.5 12.5 12.5 12.5 12.5 37.5 37.5 37.5 
1 RRT 1.38004 0.36299 0.72069 122.92 85.823 37.5 12.5 12.5 12.5 12.5 37.5 37.5 37.5 
1 RRT 2.89404 0.3285 2.3066 211.81 137.11 12.5 37.5 12.5 12.5 37.5 12.5 37.5 37.5 
1 RRT 1.46126 0.33273 0.86323 136.94 90.4 12.5 12.5 37.5 12.5 12.5 37.5 37.5 37.5 
1 RRT 1.01333 0.33695 0.41646 121.55 74.606 12.5 37.5 12.5 12.5 37.5 12.5 37.5 37.5 
1 RRT 1.6334 0.33443 1.0357 128.07 79.4 37.5 37.5 12.5 12.5 37.5 12.5 12.5 37.5 
1 RRT 2.59336 0.33983 1.9868 159.97 101.38 12.5 12.5 37.5 12.5 12.5 37.5 37.5 37.5 
1 RRT 4.01555 0.35611 3.3711 172.35 128.78 37.5 12.5 12.5 12.5 12.5 37.5 37.5 37.5 
1 RRT 2.39752 0.36503 1.7379 159.39 119.22 37.5 12.5 12.5 12.5 12.5 37.5 37.5 37.5 
1 RRT 3.20565 0.33512 2.6048 152.61 103.6 12.5 37.5 12.5 12.5 37.5 12.5 37.5 37.5 
1 RRT 4.92305 0.34205 4.3135 206.23 134.65 12.5 12.5 37.5 12.5 12.5 37.5 37.5 37.5 
1 RRT 1.11636 0.32625 0.52969 184.36 113.53 12.5 37.5 12.5 12.5 37.5 12.5 37.5 37.5 
1 RRT 4.49447 0.32998 3.9035 193.03 116.37 37.5 12.5 12.5 12.5 12.5 37.5 37.5 37.5 
1 RRT 5.16211 0.35381 4.5301 178.34 122.3 37.5 37.5 12.5 12.5 37.5 12.5 12.5 37.5 
1 RRT 1.18508 0.32332 0.60889 157.21 101.38 37.5 37.5 12.5 12.5 37.5 12.5 12.5 37.5 
1 RRT 1.06597 0.32202 0.48654 168.38 100.09 37.5 37.5 12.5 12.5 37.5 12.5 12.5 37.5 
1 RRT 1.81906 0.37184 1.1433 136.24 86.309 37.5 12.5 12.5 12.5 12.5 37.5 37.5 37.5 
1 RRT 6.29253 0.3267 5.7059 210.72 144.5 12.5 37.5 12.5 12.5 37.5 12.5 37.5 37.5 
1 RRT 2.14053 0.32493 1.5564 151.06 106.3 37.5 37.5 12.5 12.5 37.5 12.5 12.5 37.5 
1 RRT 3.63736 0.3243 3.0531 126.8 82.007 37.5 37.5 12.5 12.5 37.5 12.5 12.5 37.5 
1 RRT 4.39009 0.43232 3.6244 162.36 104.02 12.5 12.5 37.5 12.5 12.5 37.5 37.5 37.5 
1 RRT 5.81739 0.34178 5.2013 115.86 72.088 37.5 12.5 12.5 12.5 12.5 37.5 37.5 37.5 
1 RRT 2.1286 0.33372 1.5327 130.71 81.812 37.5 37.5 12.5 12.5 37.5 12.5 12.5 37.5 
1 RRT 1.40902 0.32016 0.83181 137.34 83.636 37.5 37.5 12.5 12.5 37.5 12.5 12.5 37.5 
1 RRT 2.34638 0.32089 1.7659 220.24 131.88 37.5 12.5 12.5 12.5 12.5 37.5 37.5 37.5 
1 RRT 1.79676 0.32138 1.2181 203.78 135.92 12.5 12.5 37.5 12.5 12.5 37.5 37.5 37.5 
1 RRT 2.9085 0.33536 2.308 194.06 144.77 12.5 37.5 12.5 12.5 37.5 12.5 37.5 37.5 
1 RRT 6.42796 0.33412 5.8284 141.01 78.464 12.5 37.5 12.5 12.5 37.5 12.5 37.5 37.5 
1 RRT 1.26304 0.4188 0.52117 130.51 77.492 12.5 12.5 37.5 12.5 12.5 37.5 37.5 37.5 
1 RRT 1.36483 0.33538 0.76221 129.84 81.749 37.5 37.5 12.5 12.5 37.5 12.5 12.5 37.5 
1 RRT 3.17599 0.42623 2.4238 170.31 124.84 37.5 12.5 12.5 12.5 12.5 37.5 37.5 37.5 
1 RRT 2.36806 0.33277 1.7755 149.77 113.6 37.5 12.5 12.5 12.5 12.5 37.5 37.5 37.5 
1 RRT 4.09548 0.35531 3.4539 136.83 96.189 12.5 12.5 37.5 12.5 12.5 37.5 37.5 37.5 
1 RRT 2.73507 0.34111 2.1199 239.76 142.43 12.5 12.5 37.5 12.5 12.5 37.5 37.5 37.5 
1 RRT 0.938702 0.32569 0.35351 115.67 60.372 37.5 37.5 12.5 12.5 37.5 12.5 12.5 37.5 
1 RRT 3.12201 0.35099 2.4865 207.93 142 12.5 12.5 37.5 12.5 12.5 37.5 37.5 37.5 
1 RRT 3.84179 0.34608 3.2197 150.26 100.45 37.5 12.5 12.5 12.5 12.5 37.5 37.5 37.5 
1 RRT 1.37866 0.32827 0.7897 158.98 92.168 37.5 12.5 12.5 12.5 12.5 37.5 37.5 37.5 
1 RRT 3.15785 0.43855 2.3791 188.21 117.91 12.5 37.5 12.5 12.5 37.5 12.5 37.5 37.5 
1 RRT 3.93798 0.43171 3.1756 131.18 90.101 37.5 12.5 12.5 12.5 12.5 37.5 37.5 37.5 
1 RRT 5.84142 0.32856 5.2502 185.03 128.75 37.5 12.5 12.5 12.5 12.5 37.5 37.5 37.5 
1 RRT 5.46284 0.32898 4.8712 251.24 159.63 12.5 37.5 12.5 12.5 37.5 12.5 37.5 37.5 
1 RRT 1.50614 0.34234 0.89266 157.44 107.82 12.5 37.5 12.5 12.5 37.5 12.5 37.5 37.5 
1 RRT 2.01119 0.33295 1.4146 147.65 104.16 12.5 12.5 37.5 12.5 12.5 37.5 37.5 37.5 
1 RRT 5.1948 0.34038 4.5858 155.89 104.87 12.5 37.5 12.5 12.5 37.5 12.5 37.5 37.5 
1 RRT 5.00214 0.32761 4.4155 159.38 109.35 37.5 37.5 12.5 12.5 37.5 12.5 12.5 37.5 
1 RRT 1.20488 0.32919 0.61783 139.95 86.63 37.5 37.5 12.5 12.5 37.5 12.5 12.5 37.5 
1 RRT 3.20854 0.3282 2.621 177.32 118.13 37.5 37.5 12.5 12.5 37.5 12.5 12.5 37.5 
1 RRT 2.53599 0.3213 1.9581 208.14 138.32 12.5 37.5 12.5 12.5 37.5 12.5 37.5 37.5 
1 RRT 1.02562 0.31385 0.45931 113.59 73.949 12.5 37.5 12.5 12.5 37.5 12.5 37.5 37.5 
1 RRT 1.12559 0.33295 0.53339 164.73 116.47 37.5 37.5 12.5 12.5 37.5 12.5 12.5 37.5 
1 RRT 5.9967 0.32309 5.4191 179.22 113.52 37.5 37.5 12.5 12.5 37.5 12.5 12.5 37.5 
1 RRT 1.22515 0.31789 0.65086 120.86 83.979 37.5 37.5 12.5 12.5 37.5 12.5 12.5 37.5 
1 RRT 1.02614 0.32187 0.44481 185.84 123.9 12.5 12.5 37.5 12.5 12.5 37.5 37.5 37.5 
1 RRT 1.02573 0.33011 0.43314 103.34 60.268 12.5 12.5 37.5 12.5 12.5 37.5 37.5 37.5 
1 RRT 9.63395 0.33554 9.0305 243.44 162.93 37.5 37.5 12.5 12.5 37.5 12.5 12.5 37.5 
1 RRT 3.15876 0.33548 2.5581 133.55 85.428 37.5 37.5 12.5 12.5 37.5 12.5 12.5 37.5 
1 RRT 2.17894 0.3191 1.6046 98.464 77.388 37.5 37.5 12.5 12.5 37.5 12.5 12.5 37.5 
1 RRT 2.40818 0.32549 1.8227 157.53 110.63 12.5 12.5 37.5 12.5 12.5 37.5 37.5 37.5 
1 RRT 3.68992 0.3314 3.0935 232.31 146.96 12.5 37.5 12.5 12.5 37.5 12.5 37.5 37.5 
1 RRT 2.23446 0.32869 1.6427 127.07 91.793 12.5 12.5 37.5 12.5 12.5 37.5 37.5 37.5 
1 RRT 1.51654 0.33012 0.92282 128.85 87.413 12.5 12.5 37.5 12.5 12.5 37.5 37.5 37.5 
1 RRT 1.8232 0.33296 1.2289 174.15 108.3 37.5 37.5 12.5 12.5 37.5 12.5 12.5 37.5 
1 RRT 1.27271 0.3238 0.69127 153.53 89.371 12.5 12.5 37.5 12.5 12.5 37.5 37.5 37.5 
1 RRT 2.17522 0.32274 1.5952 185.15 111.31 12.5 12.5 37.5 12.5 12.5 37.5 37.5 37.5 
1 RRT 2.51115 0.32575 1.9249 154.5 99.491 37.5 12.5 12.5 12.5 12.5 37.5 37.5 37.5 
1 RRT 2.95942 0.32908 2.3683 130.54 90.2 37.5 37.5 12.5 12.5 37.5 12.5 12.5 37.5 
1 RRT 7.16194 0.32422 6.5783 141.59 110.85 12.5 12.5 37.5 12.5 12.5 37.5 37.5 37.5 
1 RRT 1.84384 0.32754 1.2546 157.52 108.6 37.5 37.5 12.5 12.5 37.5 12.5 12.5 37.5 
1 RRT 1.30486 0.319 0.73155 147.82 100.16 12.5 37.5 12.5 12.5 37.5 12.5 37.5 37.5 
1 RRT 4.12059 0.34258 3.5046 212.54 132.78 37.5 37.5 12.5 12.5 37.5 12.5 12.5 37.5 
1 RRT 1.87306 0.32335 1.2914 150.74 105.5 37.5 12.5 12.5 12.5 12.5 37.5 37.5 37.5 
1 RRT 2.83961 0.33771 2.2346 236.28 158.27 37.5 37.5 12.5 12.5 37.5 12.5 12.5 37.5 
1 RRT 1.45171 0.34052 0.84189 120.97 71.55 37.5 37.5 12.5 12.5 37.5 12.5 12.5 37.5 
1 RRT 2.54191 0.33055 1.9475 198.5 120.35 12.5 37.5 12.5 12.5 37.5 12.5 37.5 37.5 
1 RRT 5.72496 0.33004 5.131 225.2 163.81 12.5 12.5 37.5 12.5 12.5 37.5 37.5 37.5 
0 RRT 10.734 0.32087 10.157 0 -1 12.5 12.5 37.5 12.5 12.5 37.5 37.5 37.5 
1 RRT 2.15859 0.31767 1.5869 127.44 84.726 12.5 12.5 37.5 12.5 12.5 37.5 37.5 37.5 
1 RRT 0.989928 0.33071 0.39701 139.33 83.559 37.5 12.5 12.5 12.5 12.5 37.5 37.5 37.5 
1 RRT 3.42913 0.33921 2.8186 123.47 84.05 37.5 12.5 12.5 12.5 12.5 37.5 37.5 37.5 
1 RRT 1.72272 0.3243 1.1373 153.47 95.38 12.5 12.5 37.5 12.5 12.5 37.5 37.5 37.5 
1 RRT 3.19407 0.33565 2.5911 143.86 93.858 12.5 12.5 37.5 12.5 12.5 37.5 37.5 37.5 
1 RRT 5.1869 0.32507 4.6029 151.45 98.276 12.5 12.5 37.5 12.5 12.5 37.5 37.5 37.5 
1 RRT 5.29314 0.3253 4.7086 125.47 85.05 37.5 37.5 12.5 12.5 37.5 12.5 12.5 37.5 
1 RRT 2.84136 0.33367 2.2436 175.02 105.95 37.5 12.5 12.5 12.5 12.5 37.5 37.5 37.5 
1 RRT 2.91413 0.32678 2.3292 228.92 149.83 12.5 12.5 37.5 12.5 12.5 37.5 37.5 37.5 
1 RRT 2.58074 0.31729 2.0085 194.89 138.28 37.5 12.5 12.5 12.5 12.5 37.5 37.5 37.5 
1 RRT 1.13537 0.32838 0.54458 148.41 102.03 37.5 12.5 12.5 12.5 12.5 37.5 37.5 37.5 
1 RRT 5.57927 0.32931 4.9906 223.36 135.78 37.5 12.5 12.5 12.5 12.5 37.5 37.5 37.5 
1 RRT 1.13593 0.33911 0.52788 128.78 79.444 12.5 12.5 37.5 12.5 12.5 37.5 37.5 37.5 
1 RRT 4.45927 0.32903 3.8674 166.26 128.33 12.5 37.5 12.5 12.5 37.5 12.5 37.5 37.5 
1 RRT 3.92705 0.33302 3.3305 173.39 99.86 12.5 12.5 37.5 12.5 12.5 37.5 37.5 37.5 
1 RRT 2.8351 0.44186 2.0505 170.37 112.45 37.5 37.5 12.5 12.5 37.5 12.5 12.5 37.5 
1 RRT 0.921653 0.31703 0.34998 103.25 66.158 37.5 12.5 12.5 12.5 12.5 37.5 37.5 37.5 
1 RRT 2.64589 0.3363 2.043 146.04 91 37.5 12.5 12.5 12.5 12.5 37.5 37.5 37.5 
1 RRT 3.36094 0.31768 2.7911 171.37 103.32 37.5 12.5 12.5 12.5 12.5 37.5 37.5 37.5 
0 RRT 10.6921 0.33066 10.103 0 -1 37.5 37.5 12.5 12.5 37.5 12.5 12.5 37.5 
1 RRT 1.1232 0.32807 0.53659 119 78.699 37.5 12.5 12.5 12.5 12.5 37.5 37.5 37.5 
1 RRT 3.38052 0.3247 2.7963 206.37 137 37.5 12.5 12.5 12.5 12.5 37.5 37.5 37.5 
1 RRT 2.19391 0.43254 1.4239 196.16 129.51 37.5 37.5 12.5 12.5 37.5 12.5 12.5 37.5 
1 RRT 1.29623 0.41638 0.5585 121.8 71.856 12.5 37.5 12.5 12.5 37.5 12.5 37.5 37.5 
1 RRT 1.03186 0.32991 0.4395 144.92 82.053 37.5 12.5 12.5 12.5 12.5 37.5 37.5 37.5 
1 RRT 5.15162 0.32654 4.5657 115.56 76 37.5 12.5 12.5 12.5 12.5 37.5 37.5 37.5 
1 RRT 2.72273 0.33095 2.1298 163.43 106.06 37.5 37.5 12.5 12.5 37.5 12.5 12.5 37.5 
1 RRT 10.5943 0.33258 10.002 335.81 213.87 37.5 37.5 12.5 12.5 37.5 12.5 12.5 37.5 
1 RRT 3.14615 0.43088 2.3842 148.9 106.47 37.5 37.5 12.5 12.5 37.5 12.5 12.5 37.5 
1 RRT 1.31831 0.32744 0.72992 135.46 93.849 37.5 37.5 12.5 12.5 37.5 12.5 12.5 37.5 
1 RRT 1.35581 0.33159 0.76112 121.22 101.49 37.5 37.5 12.5 12.5 37.5 12.5 12.5 37.5 
1 RRT 2.76001 0.32436 2.1767 163.29 120.46 37.5 12.5 12.5 12.5 12.5 37.5 37.5 37.5 
1 RRT 1.05512 0.32154 0.47514 151.53 87.714 37.5 12.5 12.5 12.5 12.5 37.5 37.5 37.5 
1 RRT 2.00875 0.32434 1.4272 171.11 112.12 37.5 12.5 12.5 12.5 12.5 37.5 37.5 37.5 
1 RRT 1.95839 0.32836 1.365 156.3 113.61 12.5 12.5 37.5 12.5 12.5 37.5 37.5 37.5 
1 RRT 3.49037 0.33854 2.8851 125.47 86.002 37.5 12.5 12.5 12.5 12.5 37.5 37.5 37.5 
1 RRT 1.30364 0.3346 0.70286 124.24 90.8 37.5 12.5 12.5 12.5 12.5 37.5 37.5 37.5 
1 RRT 2.15113 0.33194 1.5576 146.04 98.435 12.5 37.5 12.5 12.5 37.5 12.5 37.5 37.5 
1 RRT 0.990897 0.34183 0.38243 115.17 66.551 12.5 37.5 12.5 12.5 37.5 12.5 37.5 37.5 
1 RRT 1.43775 0.32574 0.85356 185.61 122.46 37.5 12.5 12.5 12.5 12.5 37.5 37.5 37.5 
1 RRT 2.7213 0.32797 2.1291 183.75 125.92 12.5 37.5 12.5 12.5 37.5 12.5 37.5 37.5 
1 RRT 1.7176 0.32795 1.1278 151.86 99.223 37.5 12.5 12.5 12.5 12.5 37.5 37.5 37.5 
1 RRT 3.32529 0.37738 2.6437 164.57 129.68 37.5 37.5 12.5 12.5 37.5 12.5 12.5 37.5 
0 RRT 10.747 0.32695 10.16 0 -1 37.5 37.5 12.5 12.5 37.5 12.5 12.5 37.5 
1 RRT 0.991477 0.32387 0.4065 161.72 100.23 37.5 37.5 12.5 12.5 37.5 12.5 12.5 37.5 
1 RRT 1.08552 0.32639 0.49824 98.355 61.734 12.5 12.5 37.5 12.5 12.5 37.5 37.5 37.5 
1 RRT 1.99138 0.32209 1.4117 155.29 86.779 37.5 37.5 12.5 12.5 37.5 12.5 12.5 37.5 
1 RRT 1.14325 0.34184 0.5247 142.79 94 37.5 12.5 12.5 12.5 12.5 37.5 37.5 37.5 
1 RRT 2.66782 0.41273 1.9272 168.81 115.92 37.5 37.5 12.5 12.5 37.5 12.5 12.5 37.5 
1 RRT 1.34828 0.32348 0.76693 151.44 87.41 12.5 37.5 12.5 12.5 37.5 12.5 37.5 37.5 
1 RRT 1.5015 0.42458 0.74921 184.42 107.54 12.5 37.5 12.5 12.5 37.5 12.5 37.5 37.5 
1 RRT 3.61452 0.44639 2.8225 139.78 95 12.5 12.5 37.5 12.5 12.5 37.5 37.5 37.5 
1 RRT 2.3078 0.32939 1.7155 124.74 86.642 37.5 12.5 12.5 12.5 12.5 37.5 37.5 37.5 
1 RRT 1.0727 0.32656 0.48483 156.4 97.419 12.5 37.5 12.5 12.5 37.5 12.5 37.5 37.5 
1 RRT 2.41718 0.3325 1.8197 157.69 103.86 12.5 37.5 12.5 12.5 37.5 12.5 37.5 37.5 
1 RRT 1.81118 0.32077 1.2327 138.74 82.994 37.5 37.5 12.5 12.5 37.5 12.5 12.5 37.5 
0 RRT 10.7979 0.42478 10.044 0 -1 12.5 37.5 12.5 12.5 37.5 12.5 37.5 37.5 
1 RRT 4.77441 0.33134 4.1826 180.99 121.7 37.5 37.5 12.5 12.5 37.5 12.5 12.5 37.5 
1 RRT 1.92831 0.36189 1.2822 232.56 156.47 37.5 12.5 12.5 12.5 12.5 37.5 37.5 37.5 
1 RRT 1.57024 0.32553 0.98512 202.14 129.15 12.5 37.5 12.5 12.5 37.5 12.5 37.5 37.5 
1 RRT 2.37902 0.32801 1.7879 145.37 93.07 12.5 12.5 37.5 12.5 12.5 37.5 37.5 37.5 
1 RRT 1.05809 0.3316 0.46772 159.68 92.278 37.5 12.5 12.5 12.5 12.5 37.5 37.5 37.5 
1 RRT 3.18394 0.37337 2.5135 112.64 81.878 12.5 37.5 12.5 12.5 37.5 12.5 37.5 37.5 
1 RRT 4.05891 0.31772 3.4876 122.17 89.776 12.5 37.5 12.5 12.5 37.5 12.5 37.5 37.5 
1 RRT 3.36281 0.33759 2.7551 113.35 74.8 12.5 37.5 12.5 12.5 37.5 12.5 37.5 37.5 
1 RRT 1.60597 0.33103 1.0103 200.92 128.98 12.5 37.5 12.5 12.5 37.5 12.5 37.5 37.5 
1 RRT 1.01897 0.32434 0.43814 149.2 88.813 37.5 37.5 12.5 12.5 37.5 12.5 12.5 37.5 
1 RRT 1.40386 0.32569 0.81694 125.29 79.8 37.5 12.5 12.5 12.5 12.5 37.5 37.5 37.5 
1 RRT 1.19102 0.32701 0.60216 110.25 67.4 37.5 37.5 12.5 12.5 37.5 12.5 12.5 37.5 
1 RRT 3.10381 0.33135 2.5076 220.31 158.11 12.5 12.5 37.5 12.5 12.5 37.5 37.5 37.5 
1 RRT 1.20056 0.33103 0.60627 114.38 75.326 37.5 37.5 12.5 12.5 37.5 12.5 12.5 37.5 
1 RRT 6.81112 0.32446 6.2289 145.89 113.18 37.5 37.5 12.5 12.5 37.5 12.5 12.5 37.5 
1 RRT 1.61509 0.33463 1.0147 125.25 72.016 37.5 12.5 12.5 12.5 12.5 37.5 37.5 37.5 
1 RRT 6.89487 0.32312 6.3166 173.37 122.13 37.5 37.5 12.5 12.5 37.5 12.5 12.5 37.5 
1 RRT 1.62877 0.3249 1.0457 191.17 132.21 37.5 12.5 12.5 12.5 12.5 37.5 37.5 37.5 
1 RRT 4.90152 0.43756 4.1248 209.02 126.71 37.5 37.5 12.5 12.5 37.5 12.5 12.5 37.5 
1 RRT 2.00555 0.3247 1.4216 173.89 102.38 37.5 12.5 12.5 12.5 12.5 37.5 37.5 37.5 
1 RRT 1.51127 0.3296 0.92 160.84 105.83 12.5 37.5 12.5 12.5 37.5 12.5 37.5 37.5 
1 RRT 3.29471 0.33999 2.6883 220.25 128.62 12.5 12.5 37.5 12.5 12.5 37.5 37.5 37.5 
1 RRT 2.0333 0.42582 1.2836 190.52 126.13 37.5 12.5 12.5 12.5 12.5 37.5 37.5 37.5 
1 RRT 1.58354 0.32046 1.0063 152.16 87.714 12.5 12.5 37.5 12.5 12.5 37.5 37.5 37.5 
1 RRT 1.43977 0.31535 0.87076 175.55 127.7 37.5 12.5 12.5 12.5 12.5 37.5 37.5 37.5 
1 RRT 3.60697 0.32911 3.0149 112.39 67.882 37.5 37.5 12.5 12.5 37.5 12.5 12.5 37.5 
1 RRT 4.16677 0.32927 3.5743 115.24 75.332 37.5 37.5 12.5 12.5 37.5 12.5 12.5 37.5 
1 RRT 3.77712 0.32948 3.1853 181.24 123.96 37.5 37.5 12.5 12.5 37.5 12.5 12.5 37.5 
1 RRT 3.28894 0.33048 2.6951 198.15 138.9 12.5 12.5 37.5 12.5 12.5 37.5 37.5 37.5 
1 RRT 1.53498 0.3155 0.96806 118.77 73 37.5 37.5 12.5 12.5 37.5 12.5 12.5 37.5 
1 RRT 1.29949 0.33018 0.70563 119.35 66.294 12.5 37.5 12.5 12.5 37.5 12.5 37.5 37.5 
1 RRT 5.26317 0.32877 4.6733 157.15 116.96 12.5 37.5 12.5 12.5 37.5 12.5 37.5 37.5 
1 RRT 1.36357 0.32521 0.78012 109.07 73.019 12.5 12.5 37.5 12.5 12.5 37.5 37.5 37.5 
1 RRT 1.06181 0.31842 0.4892 99.792 60.2 37.5 12.5 12.5 12.5 12.5 37.5 37.5 37.5 
1 RRT 2.32483 0.33673 1.7213 181.53 132.06 12.5 37.5 12.5 12.5 37.5 12.5 37.5 37.5 
1 RRT 6.37972 0.42905 5.6209 147.63 105.19 12.5 37.5 12.5 12.5 37.5 12.5 37.5 37.5 
1 RRT 2.44473 0.43541 1.6756 110.36 73.914 12.5 12.5 37.5 12.5 12.5 37.5 37.5 37.5 
1 RRT 1.42311 0.32218 0.84329 142.48 95.918 12.5 37.5 12.5 12.5 37.5 12.5 37.5 37.5 
1 RRT 4.80877 0.32875 4.2178 134.93 89.294 37.5 12.5 12.5 12.5 12.5 37.5 37.5 37.5 
1 RRT 2.33719 0.43481 1.5735 118.13 81.157 12.5 12.5 37.5 12.5 12.5 37.5 37.5 37.5 
1 RRT 3.70147 0.41492 2.9494 119.46 73.576 12.5 37.5 12.5 12.5 37.5 12.5 37.5 37.5 
1 RRT 4.43902 0.33192 3.8455 169.62 120.63 12.5 12.5 37.5 12.5 12.5 37.5 37.5 37.5 
1 RRT 1.5502 0.33021 0.95997 134.01 89.772 37.5 37.5 12.5 12.5 37.5 12.5 12.5 37.5 
1 RRT 1.12793 0.3345 0.52751 171.74 111.89 37.5 12.5 12.5 12.5 12.5 37.5 37.5 37.5 
1 RRT 2.6861 0.42284 1.935 194.18 106.96 12.5 12.5 37.5 12.5 12.5 37.5 37.5 37.5 
1 RRT 1.34231 0.31417 0.77494 178.06 126.57 37.5 12.5 12.5 12.5 12.5 37.5 37.5 37.5 
1 RRT 1.08245 0.31445 0.5151 148.91 110.22 37.5 12.5 12.5 12.5 12.5 37.5 37.5 37.5 
1 RRT 2.32976 0.31882 1.7557 185.78 125.51 12.5 37.5 12.5 12.5 37.5 12.5 37.5 37.5 
1 RRT 1.49402 0.3364 0.8913 146.3 93.836 37.5 37.5 12.5 12.5 37.5 12.5 12.5 37.5 
1 RRT 4.68069 0.32952 4.0867 201.78 134.04 12.5 37.5 12.5 12.5 37.5 12.5 37.5 37.5 
1 RRT 3.57281 0.42753 2.815 178.74 105 12.5 12.5 37.5 12.5 12.5 37.5 37.5 37.5 
1 RRT 1.16845 0.32022 0.58983 110.01 67.795 12.5 12.5 37.5 12.5 12.5 37.5 37.5 37.5 
1 RRT 1.40866 0.32867 0.81585 115.23 85.798 12.5 37.5 12.5 12.5 37.5 12.5 37.5 37.5 
1 RRT 1.35333 0.43147 0.59157 224.64 127.02 12.5 37.5 12.5 12.5 37.5 12.5 37.5 37.5 
1 RRT 4.11655 0.43606 3.3445 153.84 107.95 37.5 12.5 12.5 12.5 12.5 37.5 37.5 37.5 
1 RRT 4.54389 0.31784 3.9694 128.29 83.92 37.5 37.5 12.5 12.5 37.5 12.5 12.5 37.5 
1 RRT 7.79682 0.32098 7.2163 210.29 129.31 12.5 37.5 12.5 12.5 37.5 12.5 37.5 37.5 
1 RRT 3.97385 0.43864 3.2003 168.73 109.24 37.5 37.5 12.5 12.5 37.5 12.5 12.5 37.5 
1 RRT 4.41604 0.32068 3.8377 222.56 148.43 37.5 12.5 12.5 12.5 12.5 37.5 37.5 37.5 
1 RRT 2.07557 0.33827 1.4709 130.52 86.666 12.5 12.5 37.5 12.5 12.5 37.5 37.5 37.5 
1 RRT 2.02181 0.34235 1.3996 130.54 79.064 37.5 12.5 12.5 12.5 12.5 37.5 37.5 37.5 
1 RRT 6.4398 0.433 5.6758 210.18 141.68 12.5 37.5 12.5 12.5 37.5 12.5 37.5 37.5 
1 RRT 2.5696 0.33948 1.963 134.96 91.953 12.5 37.5 12.5 12.5 37.5 12.5 37.5 37.5 
1 RRT 2.41738 0.44258 1.6305 152.65 120.86 37.5 37.5 12.5 12.5 37.5 12.5 12.5 37.5 
1 RRT 1.21644 0.31836 0.64384 139.08 84.695 37.5 12.5 12.5 12.5 12.5 37.5 37.5 37.5 
1 RRT 1.28064 0.33562 0.6774 135.81 107.76 12.5 12.5 37.5 12.5 12.5 37.5 37.5 37.5 
1 RRT 7.55189 0.32372 6.9714 203.04 135.75 12.5 37.5 12.5 12.5 37.5 12.5 37.5 37.5 
1 RRT 1.95509 0.32764 1.3663 155.22 96.933 12.5 37.5 12.5 12.5 37.5 12.5 37.5 37.5 
1 RRT 1.38926 0.4252 0.63538 177.35 122.33 37.5 37.5 12.5 12.5 37.5 12.5 12.5 37.5 
1 RRT 1.27373 0.32556 0.68711 212.45 117.66 37.5 12.5 12.5 12.5 12.5 37.5 37.5 37.5 
1 RRT 3.07277 0.3302 2.4807 220.12 124.07 37.5 12.5 12.5 12.5 12.5 37.5 37.5 37.5 
1 RRT 2.73167 0.32436 2.1485 196.36 125.75 37.5 37.5 12.5 12.5 37.5 12.5 12.5 37.5 
1 RRT 5.47825 0.31498 4.9099 188.93 129.24 12.5 37.5 12.5 12.5 37.5 12.5 37.5 37.5 
1 RRT 3.99534 0.32454 3.4144 211.95 117.54 12.5 12.5 37.5 12.5 12.5 37.5 37.5 37.5 
1 RRT 1.27924 0.32009 0.70204 205.61 152.32 37.5 12.5 12.5 12.5 12.5 37.5 37.5 37.5 
1 RRT 2.31672 0.33199 1.7218 183.09 133.62 12.5 12.5 37.5 12.5 12.5 37.5 37.5 37.5 
1 RRT 2.19669 0.3484 1.5742 147.92 94.653 12.5 12.5 37.5 12.5 12.5 37.5 37.5 37.5 
1 RRT 6.5886 0.33932 5.9821 187.49 120.83 37.5 37.5 12.5 12.5 37.5 12.5 12.5 37.5 
1 RRT 3.46466 0.32891 2.8717 172.83 106.76 37.5 12.5 12.5 12.5 12.5 37.5 37.5 37.5 
1 RRT 1.21828 0.32546 0.63395 126.87 93.885 37.5 12.5 12.5 12.5 12.5 37.5 37.5 37.5 
1 RRT 3.66766 0.33058 3.0735 188.22 140.55 12.5 37.5 12.5 12.5 37.5 12.5 37.5 37.5 
1 RRT 3.08569 0.33423 2.4861 179.9 120.58 12.5 37.5 12.5 12.5 37.5 12.5 37.5 37.5 
1 RRT 1.31222 0.32666 0.72463 143.06 98.105 12.5 12.5 37.5 12.5 12.5 37.5 37.5 37.5 
1 RRT 4.50789 0.32915 3.9155 255.15 165.38 12.5 37.5 12.5 12.5 37.5 12.5 37.5 37.5 
1 RRT 1.44786 0.31883 0.87294 148.95 87.85 12.5 37.5 12.5 12.5 37.5 12.5 37.5 37.5 
1 RRT 1.28932 0.32814 0.70033 136.67 88.999 12.5 37.5 12.5 12.5 37.5 12.5 37.5 37.5 
1 RRT 4.60981 0.3308 4.0157 173.22 119.65 12.5 37.5 12.5 12.5 37.5 12.5 37.5 37.5 
1 RRT 2.55645 0.40109 1.8375 171.78 95.845 37.5 37.5 12.5 12.5 37.5 12.5 12.5 37.5 
1 RRT 3.53939 0.33685 2.9366 195.45 123.81 37.5 37.5 12.5 12.5 37.5 12.5 12.5 37.5 
1 RRT 7.9125 0.32442 7.3329 176.82 110.79 37.5 37.5 12.5 12.5 37.5 12.5 12.5 37.5 
1 RRT 5.4608 0.3277 4.8708 148.73 107.79 12.5 37.5 12.5 12.5 37.5 12.5 37.5 37.5 
1 RRT 1.08941 0.33692 0.48326 195.79 122.46 12.5 37.5 12.5 12.5 37.5 12.5 37.5 37.5 
1 RRT 1.00947 0.32474 0.42272 118.35 79.8 37.5 12.5 12.5 12.5 12.5 37.5 37.5 37.5 
1 RRT 2.86945 0.33342 2.2759 140.43 90.096 37.5 37.5 12.5 12.5 37.5 12.5 12.5 37.5 
1 RRT 5.74175 0.32509 5.1575 331.17 224.74 37.5 12.5 12.5 12.5 12.5 37.5 37.5 37.5 
1 RRT 2.70565 0.41106 1.9792 164.78 112.56 12.5 37.5 12.5 12.5 37.5 12.5 37.5 37.5 
1 RRT 1.08268 0.35627 0.43654 118.74 72.435 37.5 12.5 12.5 12.5 12.5 37.5 37.5 37.5 
1 RRT 10.4361 0.4321 9.6721 179.54 120.83 37.5 12.5 12.5 12.5 12.5 37.5 37.5 37.5 
1 RRT 2.24387 0.4027 1.5324 142.61 95.68 12.5 37.5 12.5 12.5 37.5 12.5 37.5 37.5 
1 RRT 1.41349 0.43252 0.65038 178.52 107.7 12.5 12.5 37.5 12.5 12.5 37.5 37.5 37.5 
1 RRT 7.59645 0.43782 6.8186 208.08 162.78 37.5 12.5 12.5 12.5 12.5 37.5 37.5 37.5 
1 RRT 1.03033 0.31667 0.45807 126.63 82.2 37.5 12.5 12.5 12.5 12.5 37.5 37.5 37.5 
1 RRT 2.22486 0.33075 1.6288 126.38 80.34 37.5 37.5 12.5 12.5 37.5 12.5 12.5 37.5 
1 RRT 1.2065 0.32248 0.62586 159.94 106.46 12.5 37.5 12.5 12.5 37.5 12.5 37.5 37.5 
1 RRT 1.13729 0.33648 0.53662 104.44 65.511 12.5 37.5 12.5 12.5 37.5 12.5 37.5 37.5 
1 RRT 8.88537 0.32094 8.3084 254.47 164.81 12.5 37.5 12.5 12.5 37.5 12.5 37.5 37.5 
1 RRT 2.01896 0.32214 1.4373 161.59 105.88 12.5 12.5 37.5 12.5 12.5 37.5 37.5 37.5 
1 RRT 1.27872 0.32199 0.69988 148.39 92.18 12.5 12.5 37.5 12.5 12.5 37.5 37.5 37.5 
1 RRT 3.95705 0.3213 3.3794 179.31 112.55 12.5 37.5 12.5 12.5 37.5 12.5 37.5 37.5 
1 RRT 0.96868 0.32023 0.38986 147.34 93.8 12.5 37.5 12.5 12.5 37.5 12.5 37.5 37.5 
1 RRT 2.42943 0.32503 1.8436 196.39 113.64 12.5 37.5 12.5 12.5 37.5 12.5 37.5 37.5 
1 RRT 1.23095 0.32932 0.64074 139.16 89.887 37.5 12.5 12.5 12.5 12.5 37.5 37.5 37.5 
1 RRT 6.20339 0.35063 5.5881 161.07 127.16 12.5 37.5 12.5 12.5 37.5 12.5 37.5 37.5 
1 RRT 6.17413 0.31799 5.6006 243.46 165.91 12.5 12.5 37.5 12.5 12.5 37.5 37.5 37.5 
1 RRT 1.69943 0.32346 1.1176 190.6 131.75 37.5 37.5 12.5 12.5 37.5 12.5 12.5 37.5 
1 RRT 3.64449 0.31791 3.0708 235.6 140.84 12.5 12.5 37.5 12.5 12.5 37.5 37.5 37.5 
1 RRT 2.09605 0.32852 1.5053 150.58 95.791 12.5 37.5 12.5 12.5 37.5 12.5 37.5 37.5 
1 RRT 1.75529 0.32164 1.1773 178.25 105.75 12.5 37.5 12.5 12.5 37.5 12.5 37.5 37.5 
1 RRT 0.988251 0.32456 0.40333 125.39 74.473 12.5 37.5 12.5 12.5 37.5 12.5 37.5 37.5 
1 RRT 1.84035 0.32542 1.2528 135.47 90.111 12.5 37.5 12.5 12.5 37.5 12.5 37.5 37.5 
1 RRT 3.60592 0.34163 2.9948 175.65 133.08 12.5 12.5 37.5 12.5 12.5 37.5 37.5 37.5 
1 RRT 0.992094 0.33415 0.38976 100.34 60.77 12.5 12.5 37.5 12.5 12.5 37.5 37.5 37.5 
1 RRT 1.90385 0.32523 1.3186 136.11 78.761 12.5 12.5 37.5 12.5 12.5 37.5 37.5 37.5 
1 RRT 4.99684 0.41254 4.2699 125.47 78.284 37.5 12.5 12.5 12.5 12.5 37.5 37.5 37.5 
1 RRT 2.04275 0.32706 1.457 165.91 110.49 12.5 12.5 37.5 12.5 12.5 37.5 37.5 37.5 
1 RRT 3.41225 0.33432 2.8114 145.24 101.85 37.5 12.5 12.5 12.5 12.5 37.5 37.5 37.5 
1 RRT 4.83736 0.31935 4.2645 235.27 168.11 37.5 12.5 12.5 12.5 12.5 37.5 37.5 37.5 
1 RRT 1.67061 0.32565 1.0867 202.24 111.54 12.5 37.5 12.5 12.5 37.5 12.5 37.5 37.5 
1 RRT 2.19741 0.32378 1.615 197.37 156.26 37.5 37.5 12.5 12.5 37.5 12.5 12.5 37.5 
1 RRT 3.9231 0.32726 3.338 213.82 138.4 37.5 12.5 12.5 12.5 12.5 37.5 37.5 37.5 
1 RRT 5.6685 0.33957 5.0601 211.99 140.12 37.5 12.5 12.5 12.5 12.5 37.5 37.5 37.5 
1 RRT 2.12465 0.31987 1.5513 153.81 112.77 37.5 37.5 12.5 12.5 37.5 12.5 12.5 37.5 
1 RRT 2.59428 0.33456 1.9922 124.32 80.771 37.5 37.5 12.5 12.5 37.5 12.5 12.5 37.5 
1 RRT 1.23943 0.41832 0.49619 104.68 66.139 37.5 12.5 12.5 12.5 12.5 37.5 37.5 37.5 
1 RRT 2.01647 0.33375 1.4171 154.67 105.89 12.5 12.5 37.5 12.5 12.5 37.5 37.5 37.5 
1 RRT 3.92931 0.33307 3.3296 265.1 178.81 12.5 12.5 37.5 12.5 12.5 37.5 37.5 37.5 
1 RRT 1.80214 0.33635 1.1983 126.97 73.288 12.5 37.5 12.5 12.5 37.5 12.5 37.5 37.5 
1 RRT 3.57526 0.33516 2.9756 175.02 133.51 12.5 37.5 12.5 12.5 37.5 12.5 37.5 37.5 
1 RRT 1.44761 0.33209 0.8498 119.04 83.795 37.5 37.5 12.5 12.5 37.5 12.5 12.5 37.5 
1 RRT 1.32688 0.32481 0.74071 104.76 63.968 37.5 37.5 12.5 12.5 37.5 12.5 12.5 37.5 
1 RRT 2.90018 0.43846 2.1316 143.45 102.17 37.5 12.5 12.5 12.5 12.5 37.5 37.5 37.5 
1 RRT 2.00794 0.31955 1.4313 134.84 100.39 12.5 37.5 12.5 12.5 37.5 12.5 37.5 37.5 
1 RRT 2.65564 0.33427 2.05 238.31 169.73 12.5 37.5 12.5 12.5 37.5 12.5 37.5 37.5 
1 RRT 2.64794 0.33341 2.0483 155.43 91.321 12.5 37.5 12.5 12.5 37.5 12.5 37.5 37.5 
1 RRT 1.77484 0.33142 1.1782 156.99 105.1 12.5 37.5 12.5 12.5 37.5 12.5 37.5 37.5 
1 RRT 3.52649 0.32667 2.94 120.7 88.97 37.5 37.5 12.5 12.5 37.5 12.5 12.5 37.5 
1 RRT 3.55577 0.33245 2.9604 109.03 66.502 37.5 12.5 12.5 12.5 12.5 37.5 37.5 37.5 
1 RRT 1.7944 0.40788 1.0604 161.84 107.04 12.5 12.5 37.5 12.5 12.5 37.5 37.5 37.5 
1 RRT 1.70267 0.34072 1.0855 174.15 119.31 37.5 37.5 12.5 12.5 37.5 12.5 12.5 37.5 
1 RRT 6.05388 0.32464 5.4687 165.88 107.91 37.5 12.5 12.5 12.5 12.5 37.5 37.5 37.5 
1 RRT 4.28998 0.40727 3.5672 236.36 184.13 37.5 12.5 12.5 12.5 12.5 37.5 37.5 37.5 
1 RRT 5.5077 0.33396 4.9079 203.33 156.82 37.5 37.5 12.5 12.5 37.5 12.5 12.5 37.5 
1 RRT 3.3114 0.32827 2.7201 145.76 90.318 37.5 12.5 12.5 12.5 12.5 37.5 37.5 37.5 
1 RRT 3.86099 0.34533 3.2448 150.06 91.642 37.5 37.5 12.5 12.5 37.5 12.5 12.5 37.5 
1 RRT 5.00268 0.33414 4.4029 116.3 81.962 37.5 12.5 12.5 12.5 12.5 37.5 37.5 37.5 
1 RRT 1.9209 0.32409 1.3407 141.2 95.696 37.5 37.5 12.5 12.5 37.5 12.5 12.5 37.5 
1 RRT 1.14041 0.33728 0.53341 122.2 75 12.5 12.5 37.5 12.5 12.5 37.5 37.5 37.5 
1 RRT 5.29836 0.32809 4.7102 252.92 170.03 37.5 12.5 12.5 12.5 12.5 37.5 37.5 37.5 
1 RRT 1.18124 0.33419 0.58526 110.37 68.8 37.5 37.5 12.5 12.5 37.5 12.5 12.5 37.5 
1 RRT 1.04158 0.31909 0.46773 171.62 109.74 12.5 12.5 37.5 12.5 12.5 37.5 37.5 37.5 
1 RRT 3.55463 0.32572 2.9702 220.58 158.86 12.5 12.5 37.5 12.5 12.5 37.5 37.5 37.5 
1 RRT 2.12702 0.32406 1.5433 141.99 87.029 12.5 37.5 12.5 12.5 37.5 12.5 37.5 37.5 
1 RRT 1.12987 0.34156 0.51962 162.51 94.995 12.5 37.5 12.5 12.5 37.5 12.5 37.5 37.5 
1 RRT 1.63218 0.3151 1.0658 116.25 76.348 12.5 37.5 12.5 12.5 37.5 12.5 37.5 37.5 
1 RRT 1.09567 0.3363 0.49114 124.22 72.788 37.5 37.5 12.5 12.5 37.5 12.5 12.5 37.5 
1 RRT 7.58846 0.32642 7.0008 197.94 133.97 12.5 37.5 12.5 12.5 37.5 12.5 37.5 37.5 
0 RRT 10.8333 0.44699 10.05 0 -1 12.5 12.5 37.5 12.5 12.5 37.5 37.5 37.5 
1 RRT 2.02398 0.35616 1.3796 291.08 198.72 37.5 37.5 12.5 12.5 37.5 12.5 12.5 37.5 
1 RRT 3.12437 0.3366 2.5197 145.43 103.16 37.5 37.5 12.5 12.5 37.5 12.5 12.5 37.5 
1 RRT 1.32018 0.33488 0.7212 141.89 80.521 12.5 12.5 37.5 12.5 12.5 37.5 37.5 37.5 
1 RRT 3.31652 0.32404 2.7321 189.09 132.82 12.5 37.5 12.5 12.5 37.5 12.5 37.5 37.5 
1 RRT 2.43151 0.32744 1.8408 126.54 73.933 12.5 37.5 12.5 12.5 37.5 12.5 37.5 37.5 
1 RRT 9.81385 0.35011 9.1842 153.12 104.8 12.5 37.5 12.5 12.5 37.5 12.5 37.5 37.5 
1 RRT 1.06656 0.32101 0.49071 130.63 98 12.5 37.5 12.5 12.5 37.5 12.5 37.5 37.5 
1 RRT 1.20171 0.32291 0.61831 147.42 86.709 12.5 37.5 12.5 12.5 37.5 12.5 37.5 37.5 
1 RRT 2.66693 0.34228 2.0563 187.2 139.37 37.5 12.5 12.5 12.5 12.5 37.5 37.5 37.5 
1 RRT 1.6047 0.32853 1.0176 149.56 94.306 37.5 37.5 12.5 12.5 37.5 12.5 12.5 37.5 
1 RRT 8.5189 0.33732 7.915 206.04 154.32 12.5 12.5 37.5 12.5 12.5 37.5 37.5 37.5 
1 RRT 7.23041 0.34131 6.6152 198.63 135.65 12.5 12.5 37.5 12.5 12.5 37.5 37.5 37.5 
1 RRT 2.76068 0.42951 2.0007 279.07 190.45 37.5 37.5 12.5 12.5 37.5 12.5 12.5 37.5 
1 RRT 7.37196 0.32956 6.7781 165.29 115.27 37.5 37.5 12.5 12.5 37.5 12.5 12.5 37.5 
1 RRT 5.67346 0.32884 5.083 175.49 121.2 12.5 12.5 37.5 12.5 12.5 37.5 37.5 37.5 
1 RRT 2.78508 0.33661 2.1796 163.99 109.8 37.5 37.5 12.5 12.5 37.5 12.5 12.5 37.5 
1 RRT 2.19855 0.32842 1.6088 159.67 110.64 37.5 12.5 12.5 12.5 12.5 37.5 37.5 37.5 
1 RRT 1.38068 0.41737 0.64134 167.69 106.44 12.5 37.5 12.5 12.5 37.5 12.5 37.5 37.5 
1 RRT 3.35743 0.36931 2.6851 160.03 97.586 12.5 12.5 37.5 12.5 12.5 37.5 37.5 37.5 
1 RRT 2.30212 0.3185 1.7298 135.78 89.887 12.5 12.5 37.5 12.5 12.5 37.5 37.5 37.5 
1 RRT 1.79251 0.31559 1.2246 102.67 53.615 12.5 37.5 12.5 12.5 37.5 12.5 37.5 37.5 
1 RRT 4.19271 0.40925 3.4683 171.29 114.77 12.5 12.5 37.5 12.5 12.5 37.5 37.5 37.5 
1 RRT 2.13912 0.42927 1.3717 155.94 95.313 12.5 37.5 12.5 12.5 37.5 12.5 37.5 37.5 
1 RRT 1.52225 0.43813 0.74748 134.06 86.546 37.5 37.5 12.5 12.5 37.5 12.5 12.5 37.5 
1 RRT 6.98405 0.42749 6.2285 237.23 171.66 12.5 12.5 37.5 12.5 12.5 37.5 37.5 37.5 
1 RRT 0.928284 0.32372 0.34464 115.24 59.6 12.5 37.5 12.5 12.5 37.5 12.5 37.5 37.5 
