1 RRT 4.39665 0.33811 3.801 403.12 265.06 12.5 25 12.5 12.5 25 12.5 37.5 12.5 25 25 37.5 25 12.5 37.5 25 37.5 37.5 37.5 
1 RRT 2.04469 0.33049 1.4619 259.77 156.1 37.5 12.5 12.5 12.5 25 12.5 12.5 25 25 25 37.5 25 12.5 37.5 25 37.5 37.5 37.5 
1 RRT 3.18082 0.33241 2.5952 331.88 207.2 25 25 12.5 12.5 25 12.5 37.5 12.5 12.5 25 37.5 25 12.5 37.5 25 37.5 37.5 37.5 
1 RRT 3.80198 0.33958 3.203 239.3 168.54 25 37.5 12.5 12.5 25 12.5 37.5 12.5 12.5 25 25 25 37.5 25 12.5 37.5 37.5 37.5 
1 RRT 1.1108 0.34185 0.51004 306.19 198.15 37.5 37.5 12.5 12.5 25 12.5 37.5 12.5 12.5 25 25 25 37.5 25 12.5 37.5 25 37.5 
1 RRT 2.05697 0.34583 1.4469 306.04 194.8 25 25 12.5 12.5 25 12.5 37.5 12.5 12.5 25 37.5 25 12.5 37.5 25 37.5 37.5 37.5 
1 RRT 2.96312 0.34349 2.3575 255.45 162.65 25 25 12.5 12.5 25 12.5 37.5 12.5 12.5 25 37.5 25 12.5 37.5 25 37.5 37.5 37.5 
1 RRT 1.16716 0.35639 0.5423 177.29 115.17 12.5 37.5 12.5 12.5 25 12.5 37.5 12.5 12.5 25 25 25 37.5 25 25 37.5 37.5 37.5 
1 RRT 3.65703 0.34962 3.0469 359.4 235.86 25 37.5 12.5 12.5 25 12.5 37.5 12.5 12.5 25 25 25 37.5 25 12.5 37.5 37.5 37.5 
1 RRT 2.07295 0.33762 1.4762 271.56 181.63 37.5 12.5 12.5 12.5 25 12.5 12.5 25 25 25 37.5 25 12.5 37.5 25 37.5 37.5 37.5 
1 RRT 1.59213 0.34552 0.98343 194.96 123.67 25 37.5 12.5 12.5 25 12.5 37.5 12.5 12.5 25 25 25 37.5 25 12.5 37.5 37.5 37.5 
1 RRT 2.81698 0.3461 2.2076 202.75 124.81 25 37.5 12.5 12.5 25 12.5 37.5 12.5 12.5 25 25 25 37.5 25 12.5 37.5 37.5 37.5 
1 RRT 2.09767 0.34461 1.4883 257.95 187.36 12.5 37.5 12.5 12.5 25 12.5 37.5 12.5 12.5 25 25 25 37.5 25 25 37.5 37.5 37.5 
1 RRT 2.45348 0.35067 1.8376 226.96 157.57 37.5 37.5 12.5 12.5 25 12.5 37.5 12.5 12.5 25 25 25 37.5 25 12.5 37.5 25 37.5 
1 RRT 2.56773 0.33677 1.9739 303.1 182.27 37.5 25 12.5 12.5 25 12.5 37.5 12.5 12.5 25 25 25 12.5 37.5 25 37.5 37.5 37.5 
1 RRT 2.17004 0.35139 1.5511 269.91 165.34 37.5 37.5 12.5 12.5 25 12.5 37.5 12.5 12.5 25 25 25 37.5 25 12.5 37.5 25 37.5 
1 RRT 2.98018 0.34568 2.3731 295.29 185.25 12.5 25 12.5 12.5 25 12.5 37.5 12.5 25 25 37.5 25 12.5 37.5 25 37.5 37.5 37.5 
1 RRT 2.97577 0.34553 2.37 269.78 176.81 37.5 25 12.5 12.5 25 12.5 37.5 12.5 12.5 25 25 25 12.5 37.5 25 37.5 37.5 37.5 
1 RRT 2.14332 0.3409 1.5445 260.65 163.25 12.5 12.5 25 12.5 37.5 12.5 12.5 25 25 25 37.5 25 12.5 37.5 25 37.5 37.5 37.5 
1 RRT 1.77568 0.3439 1.1689 270.71 175.52 25 25 12.5 12.5 25 12.5 37.5 12.5 12.5 25 37.5 25 12.5 37.5 25 37.5 37.5 37.5 
1 RRT 2.95215 0.33842 2.354 326.43 224.88 37.5 37.5 12.5 12.5 25 12.5 37.5 12.5 12.5 25 25 25 37.5 25 12.5 37.5 25 37.5 
1 RRT 3.03463 0.33792 2.4381 263.46 172.76 12.5 12.5 25 12.5 37.5 12.5 12.5 25 25 25 37.5 25 12.5 37.5 25 37.5 37.5 37.5 
1 RRT 2.36206 0.3343 1.7719 178.16 114.12 37.5 12.5 12.5 12.5 25 12.5 12.5 25 25 25 37.5 25 12.5 37.5 25 37.5 37.5 37.5 
1 RRT 1.78664 0.40872 1.0535 165.49 107.92 25 37.5 12.5 12.5 25 12.5 37.5 12.5 12.5 25 25 25 37.5 25 12.5 37.5 37.5 37.5 
1 RRT 3.22206 0.34798 2.6088 319.44 212.69 25 37.5 12.5 12.5 25 12.5 37.5 12.5 12.5 25 25 25 37.5 25 12.5 37.5 37.5 37.5 
1 RRT 2.34417 0.3504 1.7331 211.62 154.11 12.5 12.5 25 12.5 37.5 12.5 12.5 25 25 25 37.5 25 12.5 37.5 25 37.5 37.5 37.5 
1 RRT 3.49048 0.33504 2.8997 199.68 142.84 12.5 25 12.5 12.5 25 12.5 37.5 12.5 25 25 37.5 25 12.5 37.5 25 37.5 37.5 37.5 
1 RRT 1.81587 0.34629 1.2067 253.33 159.79 25 37.5 12.5 12.5 25 12.5 37.5 12.5 12.5 25 25 25 37.5 25 12.5 37.5 37.5 37.5 
1 RRT 3.44218 0.3467 2.8316 249.6 144.65 25 37.5 12.5 12.5 25 12.5 37.5 12.5 12.5 25 25 25 37.5 25 12.5 37.5 37.5 37.5 
1 RRT 5.02074 0.35876 4.3929 269.13 174.31 12.5 12.5 25 12.5 37.5 12.5 12.5 25 25 25 37.5 25 12.5 37.5 25 37.5 37.5 37.5 
1 RRT 7.94797 0.33706 7.3527 380.58 260.05 12.5 25 12.5 12.5 25 12.5 37.5 12.5 25 25 37.5 25 12.5 37.5 25 37.5 37.5 37.5 
1 RRT 2.22542 0.33732 1.6319 254.28 160.53 12.5 37.5 12.5 12.5 25 12.5 37.5 12.5 12.5 25 25 25 37.5 25 25 37.5 37.5 37.5 
1 RRT 1.13137 0.3362 0.54072 191.29 145.48 37.5 25 12.5 12.5 25 12.5 37.5 12.5 12.5 25 25 25 12.5 37.5 25 37.5 37.5 37.5 
1 RRT 1.16841 0.34633 0.55887 195.91 156.18 37.5 12.5 12.5 12.5 25 12.5 12.5 25 25 25 37.5 25 12.5 37.5 25 37.5 37.5 37.5 
1 RRT 2.2066 0.34907 1.5927 378.83 232.08 25 37.5 12.5 12.5 25 12.5 37.5 12.5 12.5 25 25 25 37.5 25 12.5 37.5 37.5 37.5 
1 RRT 2.16109 0.34057 1.5647 270.63 191.01 12.5 12.5 25 12.5 37.5 12.5 12.5 25 25 25 37.5 25 12.5 37.5 25 37.5 37.5 37.5 
1 RRT 1.42573 0.35214 0.8049 273.38 180.2 25 37.5 12.5 12.5 25 12.5 37.5 12.5 12.5 25 25 25 37.5 25 12.5 37.5 37.5 37.5 
1 RRT 1.19029 0.33371 0.6017 170.01 106.36 37.5 25 12.5 12.5 25 12.5 37.5 12.5 12.5 25 25 25 12.5 37.5 25 37.5 37.5 37.5 
1 RRT 1.75165 0.4352 0.993 231.27 154.58 37.5 25 12.5 12.5 25 12.5 37.5 12.5 12.5 25 25 25 12.5 37.5 25 37.5 37.5 37.5 
1 RRT 1.72324 0.34062 1.1246 244 144.98 25 37.5 12.5 12.5 25 12.5 37.5 12.5 12.5 25 25 25 37.5 25 12.5 37.5 37.5 37.5 
1 RRT 1.58289 0.37521 0.91548 245.32 150.47 25 37.5 12.5 12.5 25 12.5 37.5 12.5 12.5 25 25 25 37.5 25 12.5 37.5 37.5 37.5 
1 RRT 2.16576 0.33864 1.5716 308.18 200.62 25 12.5 12.5 12.5 37.5 12.5 12.5 25 25 25 37.5 25 12.5 37.5 25 37.5 37.5 37.5 
1 RRT 1.73097 0.33891 1.1328 261.83 189.81 37.5 25 12.5 12.5 25 12.5 37.5 12.5 12.5 25 25 25 12.5 37.5 25 37.5 37.5 37.5 
1 RRT 2.12377 0.3358 1.5301 203.08 135.89 37.5 37.5 12.5 12.5 25 12.5 37.5 12.5 12.5 25 25 25 37.5 25 12.5 37.5 25 37.5 
1 RRT 1.38521 0.33074 0.79865 258.6 178.19 12.5 12.5 25 12.5 37.5 12.5 12.5 25 25 25 37.5 25 12.5 37.5 25 37.5 37.5 37.5 
1 RRT 1.9136 0.32762 1.3364 189.27 110.41 37.5 37.5 12.5 12.5 25 12.5 37.5 12.5 12.5 25 25 25 37.5 25 12.5 37.5 25 37.5 
1 RRT 3.43077 0.34126 2.8272 188.25 132.16 12.5 37.5 12.5 12.5 25 12.5 37.5 12.5 12.5 25 25 25 37.5 25 25 37.5 37.5 37.5 
1 RRT 3.4185 0.35823 2.7927 225.44 138.97 25 12.5 12.5 12.5 37.5 12.5 12.5 25 25 25 37.5 25 12.5 37.5 25 37.5 37.5 37.5 
1 RRT 1.01061 0.33668 0.41798 170.16 109.79 37.5 37.5 12.5 12.5 25 12.5 37.5 12.5 12.5 25 25 25 37.5 25 12.5 37.5 25 37.5 
1 RRT 0.99797 0.33849 0.4008 174.83 111.03 25 25 12.5 12.5 25 12.5 37.5 12.5 12.5 25 37.5 25 12.5 37.5 25 37.5 37.5 37.5 
1 RRT 3.49156 0.44174 2.7201 269.28 176.01 12.5 25 12.5 12.5 25 12.5 37.5 12.5 25 25 37.5 25 12.5 37.5 25 37.5 37.5 37.5 
1 RRT 3.31246 0.35233 2.6939 308.85 194.32 12.5 37.5 12.5 12.5 25 12.5 37.5 12.5 12.5 25 25 25 37.5 25 25 37.5 37.5 37.5 
1 RRT 1.97574 0.34741 1.3695 236.68 148.43 37.5 37.5 12.5 12.5 25 12.5 37.5 12.5 12.5 25 25 25 37.5 25 12.5 37.5 25 37.5 
1 RRT 1.19669 0.34152 0.59553 150.89 114.57 25 25 12.5 12.5 25 12.5 37.5 12.5 12.5 25 37.5 25 12.5 37.5 25 37.5 37.5 37.5 
1 RRT 2.39948 0.33518 1.8098 278.31 176.42 25 37.5 12.5 12.5 25 12.5 37.5 12.5 12.5 25 25 25 37.5 25 12.5 37.5 37.5 37.5 
1 RRT 1.3813 0.33684 0.78485 249.18 179.13 37.5 25 12.5 12.5 25 12.5 37.5 12.5 12.5 25 25 25 12.5 37.5 25 37.5 37.5 37.5 
1 RRT 2.78604 0.37238 2.1203 204.27 129.8 37.5 37.5 12.5 12.5 25 12.5 37.5 12.5 12.5 25 25 25 37.5 25 12.5 37.5 25 37.5 
1 RRT 1.98725 0.34277 1.3813 302.11 200.82 25 37.5 12.5 12.5 25 12.5 37.5 12.5 12.5 25 25 25 37.5 25 12.5 37.5 37.5 37.5 
1 RRT 2.98694 0.32945 2.4076 283 184.2 37.5 37.5 12.5 12.5 25 12.5 37.5 12.5 12.5 25 25 25 37.5 25 12.5 37.5 25 37.5 
1 RRT 7.24081 0.47272 6.4253 241.58 182 12.5 25 12.5 12.5 25 12.5 37.5 12.5 25 25 37.5 25 12.5 37.5 25 37.5 37.5 37.5 
1 RRT 1.65772 0.33191 1.074 229.92 142.54 25 25 12.5 12.5 25 12.5 37.5 12.5 12.5 25 37.5 25 12.5 37.5 25 37.5 37.5 37.5 
1 RRT 3.75517 0.34761 3.1464 273.76 185.46 37.5 25 12.5 12.5 25 12.5 37.5 12.5 12.5 25 25 25 12.5 37.5 25 37.5 37.5 37.5 
1 RRT 2.30446 0.34039 1.7086 234.19 170.19 25 37.5 12.5 12.5 25 12.5 37.5 12.5 12.5 25 25 25 37.5 25 12.5 37.5 37.5 37.5 
1 RRT 3.01022 0.34649 2.4019 223.53 137.09 25 25 12.5 12.5 25 12.5 37.5 12.5 12.5 25 37.5 25 12.5 37.5 25 37.5 37.5 37.5 
1 RRT 1.249 0.37098 0.59013 191.88 122.09 25 25 12.5 12.5 25 12.5 37.5 12.5 12.5 25 37.5 25 12.5 37.5 25 37.5 37.5 37.5 
1 RRT 1.15374 0.3478 0.54483 206.72 151.91 37.5 37.5 12.5 12.5 25 12.5 37.5 12.5 12.5 25 25 25 37.5 25 12.5 37.5 25 37.5 
1 RRT 1.67243 0.34853 1.0645 213.36 143.84 12.5 25 12.5 12.5 25 12.5 37.5 12.5 25 25 37.5 25 12.5 37.5 25 37.5 37.5 37.5 
1 RRT 3.13915 0.33174 2.5549 227.63 134.53 12.5 25 12.5 12.5 25 12.5 37.5 12.5 25 25 37.5 25 12.5 37.5 25 37.5 37.5 37.5 
1 RRT 3.85528 0.33804 3.2598 257.17 155.17 12.5 25 12.5 12.5 25 12.5 37.5 12.5 25 25 37.5 25 12.5 37.5 25 37.5 37.5 37.5 
1 RRT 1.52527 0.34808 0.91337 295.68 208.08 25 25 12.5 12.5 25 12.5 37.5 12.5 12.5 25 37.5 25 12.5 37.5 25 37.5 37.5 37.5 
1 RRT 2.19274 0.33122 1.6125 183.18 131.02 37.5 25 12.5 12.5 25 12.5 37.5 12.5 12.5 25 25 25 12.5 37.5 25 37.5 37.5 37.5 
1 RRT 1.24034 0.40033 0.524 173.12 116.86 37.5 25 12.5 12.5 25 12.5 37.5 12.5 12.5 25 25 25 12.5 37.5 25 37.5 37.5 37.5 
1 RRT 1.8183 0.35032 1.1935 332.16 208.12 37.5 37.5 12.5 12.5 25 12.5 37.5 12.5 12.5 25 25 25 37.5 25 12.5 37.5 25 37.5 
1 RRT 2.9472 0.34925 2.3353 169.42 102.18 37.5 25 12.5 12.5 25 12.5 37.5 12.5 12.5 25 25 25 12.5 37.5 25 37.5 37.5 37.5 
1 RRT 1.90521 0.33663 1.3107 259.34 192.73 37.5 25 12.5 12.5 25 12.5 37.5 12.5 12.5 25 25 25 12.5 37.5 25 37.5 37.5 37.5 
1 RRT 1.81254 0.34983 1.2014 210 143.87 25 12.5 12.5 12.5 37.5 12.5 12.5 25 25 25 37.5 25 12.5 37.5 25 37.5 37.5 37.5 
1 RRT 2.5207 0.34213 1.9188 178.5 123.4 37.5 12.5 12.5 12.5 25 12.5 12.5 25 25 25 37.5 25 12.5 37.5 25 37.5 37.5 37.5 
1 RRT 1.30087 0.44197 0.53022 247.22 162.47 12.5 37.5 12.5 12.5 25 12.5 37.5 12.5 12.5 25 25 25 37.5 25 25 37.5 37.5 37.5 
1 RRT 1.7308 0.42692 0.98495 198.1 124.44 37.5 25 12.5 12.5 25 12.5 37.5 12.5 12.5 25 25 25 12.5 37.5 25 37.5 37.5 37.5 
1 RRT 1.82268 0.37882 1.1568 258.8 152.93 12.5 37.5 12.5 12.5 25 12.5 37.5 12.5 12.5 25 25 25 37.5 25 25 37.5 37.5 37.5 
1 RRT 2.27363 0.34777 1.6625 285.44 171.85 12.5 37.5 12.5 12.5 25 12.5 37.5 12.5 12.5 25 25 25 37.5 25 25 37.5 37.5 37.5 
1 RRT 3.15419 0.35256 2.5325 262.93 197.18 37.5 25 12.5 12.5 25 12.5 37.5 12.5 12.5 25 25 25 12.5 37.5 25 37.5 37.5 37.5 
1 RRT 1.36723 0.33447 0.77596 231.15 166.21 12.5 12.5 25 12.5 37.5 12.5 12.5 25 25 25 37.5 25 12.5 37.5 25 37.5 37.5 37.5 
1 RRT 2.73143 0.3509 2.1156 210.29 147.71 12.5 37.5 12.5 12.5 25 12.5 37.5 12.5 12.5 25 25 25 37.5 25 25 37.5 37.5 37.5 
1 RRT 8.56908 0.34612 7.9627 299.44 201.24 12.5 37.5 12.5 12.5 25 12.5 37.5 12.5 12.5 25 25 25 37.5 25 25 37.5 37.5 37.5 
1 RRT 3.25124 0.33813 2.6552 261.71 173.84 37.5 12.5 12.5 12.5 25 12.5 12.5 25 25 25 37.5 25 12.5 37.5 25 37.5 37.5 37.5 
1 RRT 0.998746 0.33723 0.40169 183.82 115.43 37.5 25 12.5 12.5 25 12.5 37.5 12.5 12.5 25 25 25 12.5 37.5 25 37.5 37.5 37.5 
1 RRT 1.00095 0.33575 0.40921 228.57 137.43 37.5 37.5 12.5 12.5 25 12.5 37.5 12.5 12.5 25 25 25 37.5 25 12.5 37.5 25 37.5 
1 RRT 2.42278 0.33839 1.8258 234.87 156.18 25 37.5 12.5 12.5 25 12.5 37.5 12.5 12.5 25 25 25 37.5 25 12.5 37.5 37.5 37.5 
1 RRT 2.545 0.34888 1.9385 280.91 201.93 12.5 12.5 25 12.5 37.5 12.5 12.5 25 25 25 37.5 25 12.5 37.5 25 37.5 37.5 37.5 
1 RRT 2.06608 0.34458 1.4581 316.69 194.04 12.5 12.5 25 12.5 37.5 12.5 12.5 25 25 25 37.5 25 12.5 37.5 25 37.5 37.5 37.5 
1 RRT 4.42349 0.33826 3.8267 179.38 110.44 37.5 37.5 12.5 12.5 25 12.5 37.5 12.5 12.5 25 25 25 37.5 25 12.5 37.5 25 37.5 
1 RRT 3.00804 0.35775 2.3815 190.46 127.07 12.5 25 12.5 12.5 25 12.5 37.5 12.5 25 25 37.5 25 12.5 37.5 25 37.5 37.5 37.5 
1 RRT 1.83715 0.3358 1.2461 327.13 181.6 12.5 37.5 12.5 12.5 25 12.5 37.5 12.5 12.5 25 25 25 37.5 25 25 37.5 37.5 37.5 
1 RRT 2.89436 0.33715 2.3019 219.43 150.96 12.5 25 12.5 12.5 25 12.5 37.5 12.5 25 25 37.5 25 12.5 37.5 25 37.5 37.5 37.5 
1 RRT 1.04482 0.33713 0.45124 219.91 151.75 37.5 25 12.5 12.5 25 12.5 37.5 12.5 12.5 25 25 25 12.5 37.5 25 37.5 37.5 37.5 
1 RRT 3.08418 0.34514 2.476 299.89 216.6 12.5 37.5 12.5 12.5 25 12.5 37.5 12.5 12.5 25 25 25 37.5 25 25 37.5 37.5 37.5 
1 RRT 3.12191 0.34306 2.5194 215.88 149.92 37.5 37.5 12.5 12.5 25 12.5 37.5 12.5 12.5 25 25 25 37.5 25 12.5 37.5 25 37.5 
1 RRT 1.94286 0.34795 1.3292 223.13 139.85 12.5 37.5 12.5 12.5 25 12.5 37.5 12.5 12.5 25 25 25 37.5 25 25 37.5 37.5 37.5 
1 RRT 1.44441 0.33852 0.84518 205.17 118.67 12.5 12.5 25 12.5 37.5 12.5 12.5 25 25 25 37.5 25 12.5 37.5 25 37.5 37.5 37.5 
1 RRT 1.79588 0.34676 1.19 195.37 141.6 37.5 37.5 12.5 12.5 25 12.5 37.5 12.5 12.5 25 25 25 37.5 25 12.5 37.5 25 37.5 
1 RRT 1.15594 0.3576 0.53294 232.74 138.28 37.5 25 12.5 12.5 25 12.5 37.5 12.5 12.5 25 25 25 12.5 37.5 25 37.5 37.5 37.5 
1 RRT 1.62376 0.35373 1.0043 203.99 129.67 37.5 12.5 12.5 12.5 25 12.5 12.5 25 25 25 37.5 25 12.5 37.5 25 37.5 37.5 37.5 
1 RRT 2.07677 0.35305 1.4577 251.16 169.32 37.5 25 12.5 12.5 25 12.5 37.5 12.5 12.5 25 25 25 12.5 37.5 25 37.5 37.5 37.5 
1 RRT 10.4592 0.34437 9.8536 469.07 307.22 37.5 12.5 12.5 12.5 25 12.5 12.5 25 25 25 37.5 25 12.5 37.5 25 37.5 37.5 37.5 
1 RRT 3.42943 0.43271 2.6825 197.48 128.26 37.5 37.5 12.5 12.5 25 12.5 37.5 12.5 12.5 25 25 25 37.5 25 12.5 37.5 25 37.5 
1 RRT 5.15783 0.34043 4.559 302.6 210.36 12.5 12.5 25 12.5 37.5 12.5 12.5 25 25 25 37.5 25 12.5 37.5 25 37.5 37.5 37.5 
1 RRT 4.64759 0.36412 4.0151 250.41 158.16 12.5 25 12.5 12.5 25 12.5 37.5 12.5 25 25 37.5 25 12.5 37.5 25 37.5 37.5 37.5 
1 RRT 4.48022 0.4313 3.7354 245.12 166.2 37.5 12.5 12.5 12.5 25 12.5 12.5 25 25 25 37.5 25 12.5 37.5 25 37.5 37.5 37.5 
1 RRT 3.27635 0.34011 2.6767 222.75 140.36 12.5 37.5 12.5 12.5 25 12.5 37.5 12.5 12.5 25 25 25 37.5 25 25 37.5 37.5 37.5 
1 RRT 3.00269 0.35309 2.3839 292.84 189.7 12.5 25 12.5 12.5 25 12.5 37.5 12.5 25 25 37.5 25 12.5 37.5 25 37.5 37.5 37.5 
1 RRT 3.87301 0.33685 3.2798 212.62 122.23 12.5 12.5 25 12.5 37.5 12.5 12.5 25 25 25 37.5 25 12.5 37.5 25 37.5 37.5 37.5 
1 RRT 1.32624 0.33792 0.73316 215.66 161.22 12.5 25 12.5 12.5 25 12.5 37.5 12.5 25 25 37.5 25 12.5 37.5 25 37.5 37.5 37.5 
1 RRT 2.58145 0.33635 1.991 251.36 171.89 37.5 37.5 12.5 12.5 25 12.5 37.5 12.5 12.5 25 25 25 37.5 25 12.5 37.5 25 37.5 
1 RRT 1.47839 0.33729 0.88231 202.45 155.88 25 37.5 12.5 12.5 25 12.5 37.5 12.5 12.5 25 25 25 37.5 25 12.5 37.5 37.5 37.5 
1 RRT 4.43617 0.33695 3.843 291.89 188.25 25 37.5 12.5 12.5 25 12.5 37.5 12.5 12.5 25 25 25 37.5 25 12.5 37.5 37.5 37.5 
0 RRT 10.6085 0.34568 10.001 0 -1 37.5 25 12.5 12.5 25 12.5 37.5 12.5 12.5 25 25 25 12.5 37.5 25 37.5 37.5 37.5 
1 RRT 2.12895 0.35501 1.5025 165.11 134.08 12.5 25 12.5 12.5 25 12.5 37.5 12.5 25 25 37.5 25 12.5 37.5 25 37.5 37.5 37.5 
1 RRT 2.50425 0.33358 1.9163 239.07 162.8 25 25 12.5 12.5 25 12.5 37.5 12.5 12.5 25 37.5 25 12.5 37.5 25 37.5 37.5 37.5 
1 RRT 1.17829 0.349 0.56609 272.69 175.57 37.5 25 12.5 12.5 25 12.5 37.5 12.5 12.5 25 25 25 12.5 37.5 25 37.5 37.5 37.5 
1 RRT 6.89329 0.33705 6.2972 349.89 217.3 12.5 12.5 25 12.5 37.5 12.5 12.5 25 25 25 37.5 25 12.5 37.5 25 37.5 37.5 37.5 
1 RRT 1.90086 0.33372 1.311 340.12 247.31 25 12.5 12.5 12.5 37.5 12.5 12.5 25 25 25 37.5 25 12.5 37.5 25 37.5 37.5 37.5 
1 RRT 1.53063 0.34684 0.91926 274.67 176.13 25 25 12.5 12.5 25 12.5 37.5 12.5 12.5 25 37.5 25 12.5 37.5 25 37.5 37.5 37.5 
1 RRT 1.64718 0.33529 1.0567 211.25 132.56 25 37.5 12.5 12.5 25 12.5 37.5 12.5 12.5 25 25 25 37.5 25 12.5 37.5 37.5 37.5 
1 RRT 6.61277 0.35893 5.9853 330.83 245.21 25 25 12.5 12.5 25 12.5 37.5 12.5 12.5 25 37.5 25 12.5 37.5 25 37.5 37.5 37.5 
1 RRT 2.85622 0.34112 2.2567 152.84 99.6 12.5 12.5 25 12.5 37.5 12.5 12.5 25 25 25 37.5 25 12.5 37.5 25 37.5 37.5 37.5 
1 RRT 1.15132 0.3475 0.54148 196.43 135.08 12.5 25 12.5 12.5 25 12.5 37.5 12.5 25 25 37.5 25 12.5 37.5 25 37.5 37.5 37.5 
1 RRT 4.93841 0.35201 4.3192 231.57 153.29 12.5 12.5 25 12.5 37.5 12.5 12.5 25 25 25 37.5 25 12.5 37.5 25 37.5 37.5 37.5 
1 RRT 2.00013 0.35139 1.3828 254.03 164.98 37.5 25 12.5 12.5 25 12.5 37.5 12.5 12.5 25 25 25 12.5 37.5 25 37.5 37.5 37.5 
1 RRT 1.11379 0.34029 0.5132 221.27 131.08 12.5 25 12.5 12.5 25 12.5 37.5 12.5 25 25 37.5 25 12.5 37.5 25 37.5 37.5 37.5 
1 RRT 1.1649 0.3494 0.55311 184.07 116.7 25 37.5 12.5 12.5 25 12.5 37.5 12.5 12.5 25 25 25 37.5 25 12.5 37.5 37.5 37.5 
1 RRT 2.87064 0.39352 2.17 238.11 164.55 12.5 37.5 12.5 12.5 25 12.5 37.5 12.5 12.5 25 25 25 37.5 25 25 37.5 37.5 37.5 
1 RRT 2.46861 0.34053 1.873 172.67 99.517 37.5 12.5 12.5 12.5 25 12.5 12.5 25 25 25 37.5 25 12.5 37.5 25 37.5 37.5 37.5 
1 RRT 4.01614 0.44515 3.2437 282.94 148.83 12.5 25 12.5 12.5 25 12.5 37.5 12.5 25 25 37.5 25 12.5 37.5 25 37.5 37.5 37.5 
1 RRT 5.35575 0.33718 4.7608 269.71 197.53 25 12.5 12.5 12.5 37.5 12.5 12.5 25 25 25 37.5 25 12.5 37.5 25 37.5 37.5 37.5 
1 RRT 2.57471 0.34571 1.9699 213.49 149.12 25 25 12.5 12.5 25 12.5 37.5 12.5 12.5 25 37.5 25 12.5 37.5 25 37.5 37.5 37.5 
1 RRT 3.15831 0.33712 2.5651 270.33 177.75 25 25 12.5 12.5 25 12.5 37.5 12.5 12.5 25 37.5 25 12.5 37.5 25 37.5 37.5 37.5 
1 RRT 1.74438 0.34144 1.1429 267.08 169.93 37.5 12.5 12.5 12.5 25 12.5 12.5 25 25 25 37.5 25 12.5 37.5 25 37.5 37.5 37.5 
0 RRT 10.6191 0.34993 10.002 0 -1 37.5 12.5 12.5 12.5 25 12.5 12.5 25 25 25 37.5 25 12.5 37.5 25 37.5 37.5 37.5 
1 RRT 1.82273 0.35962 1.1982 232.89 139.77 12.5 25 12.5 12.5 25 12.5 37.5 12.5 25 25 37.5 25 12.5 37.5 25 37.5 37.5 37.5 
1 RRT 2.00829 0.35072 1.391 287.66 183.97 12.5 37.5 12.5 12.5 25 12.5 37.5 12.5 12.5 25 25 25 37.5 25 25 37.5 37.5 37.5 
1 RRT 1.68174 0.36885 1.032 176.84 112.8 12.5 37.5 12.5 12.5 25 12.5 37.5 12.5 12.5 25 25 25 37.5 25 25 37.5 37.5 37.5 
1 RRT 1.55133 0.33346 0.96259 217.74 131.15 12.5 12.5 25 12.5 37.5 12.5 12.5 25 25 25 37.5 25 12.5 37.5 25 37.5 37.5 37.5 
1 RRT 1.04438 0.34934 0.43058 203.4 130.75 37.5 37.5 12.5 12.5 25 12.5 37.5 12.5 12.5 25 25 25 37.5 25 12.5 37.5 25 37.5 
1 RRT 2.70907 0.34091 2.112 240.55 166.91 25 12.5 12.5 12.5 37.5 12.5 12.5 25 25 25 37.5 25 12.5 37.5 25 37.5 37.5 37.5 
1 RRT 1.25061 0.3362 0.6608 332.18 192.07 25 37.5 12.5 12.5 25 12.5 37.5 12.5 12.5 25 25 25 37.5 25 12.5 37.5 37.5 37.5 
1 RRT 2.67638 0.34063 2.0739 275.86 185.06 37.5 37.5 12.5 12.5 25 12.5 37.5 12.5 12.5 25 25 25 37.5 25 12.5 37.5 25 37.5 
1 RRT 1.50836 0.34379 0.9014 229.28 147.3 12.5 37.5 12.5 12.5 25 12.5 37.5 12.5 12.5 25 25 25 37.5 25 25 37.5 37.5 37.5 
1 RRT 1.44471 0.3358 0.85329 349.95 228.76 37.5 37.5 12.5 12.5 25 12.5 37.5 12.5 12.5 25 25 25 37.5 25 12.5 37.5 25 37.5 
1 RRT 4.16408 0.35747 3.5369 232 155.76 37.5 37.5 12.5 12.5 25 12.5 37.5 12.5 12.5 25 25 25 37.5 25 12.5 37.5 25 37.5 
1 RRT 3.43356 0.33375 2.8457 379.66 264.82 25 12.5 12.5 12.5 37.5 12.5 12.5 25 25 25 37.5 25 12.5 37.5 25 37.5 37.5 37.5 
1 RRT 4.29488 0.34531 3.6873 208.59 143.26 37.5 12.5 12.5 12.5 25 12.5 12.5 25 25 25 37.5 25 12.5 37.5 25 37.5 37.5 37.5 
1 RRT 1.34541 0.34885 0.73489 277.95 168.4 25 12.5 12.5 12.5 37.5 12.5 12.5 25 25 25 37.5 25 12.5 37.5 25 37.5 37.5 37.5 
1 RRT 1.1437 0.33574 0.55154 214.75 142.68 37.5 25 12.5 12.5 25 12.5 37.5 12.5 12.5 25 25 25 12.5 37.5 25 37.5 37.5 37.5 
1 RRT 1.48152 0.3412 0.87847 237.17 154.56 25 25 12.5 12.5 25 12.5 37.5 12.5 12.5 25 37.5 25 12.5 37.5 25 37.5 37.5 37.5 
1 RRT 2.05203 0.35545 1.4249 338.78 219.77 12.5 37.5 12.5 12.5 25 12.5 37.5 12.5 12.5 25 25 25 37.5 25 25 37.5 37.5 37.5 
1 RRT 1.38772 0.33085 0.80125 266.91 178.28 25 12.5 12.5 12.5 37.5 12.5 12.5 25 25 25 37.5 25 12.5 37.5 25 37.5 37.5 37.5 
1 RRT 1.3976 0.39704 0.6911 310.9 192.58 12.5 12.5 25 12.5 37.5 12.5 12.5 25 25 25 37.5 25 12.5 37.5 25 37.5 37.5 37.5 
1 RRT 6.21932 0.44761 5.4436 198.82 134.71 12.5 25 12.5 12.5 25 12.5 37.5 12.5 25 25 37.5 25 12.5 37.5 25 37.5 37.5 37.5 
1 RRT 3.48185 0.3441 2.8766 206.39 126.34 25 37.5 12.5 12.5 25 12.5 37.5 12.5 12.5 25 25 25 37.5 25 12.5 37.5 37.5 37.5 
1 RRT 1.84354 0.34578 1.2346 170.32 130.4 12.5 37.5 12.5 12.5 25 12.5 37.5 12.5 12.5 25 25 25 37.5 25 25 37.5 37.5 37.5 
1 RRT 4.03598 0.34212 3.432 214.81 142.66 25 25 12.5 12.5 25 12.5 37.5 12.5 12.5 25 37.5 25 12.5 37.5 25 37.5 37.5 37.5 
1 RRT 1.14036 0.34836 0.53025 191.85 128.86 37.5 37.5 12.5 12.5 25 12.5 37.5 12.5 12.5 25 25 25 37.5 25 12.5 37.5 25 37.5 
1 RRT 5.41988 0.33918 4.8225 301.03 221.65 25 37.5 12.5 12.5 25 12.5 37.5 12.5 12.5 25 25 25 37.5 25 12.5 37.5 37.5 37.5 
1 RRT 4.937 0.33827 4.3429 167.27 113.5 37.5 25 12.5 12.5 25 12.5 37.5 12.5 12.5 25 25 25 12.5 37.5 25 37.5 37.5 37.5 
1 RRT 2.92856 0.33591 2.3351 303.96 199.77 25 37.5 12.5 12.5 25 12.5 37.5 12.5 12.5 25 25 25 37.5 25 12.5 37.5 37.5 37.5 
1 RRT 1.47986 0.3456 0.87257 223.18 138.69 25 37.5 12.5 12.5 25 12.5 37.5 12.5 12.5 25 25 25 37.5 25 12.5 37.5 37.5 37.5 
1 RRT 1.29888 0.35036 0.68637 260.86 171.59 25 12.5 12.5 12.5 37.5 12.5 12.5 25 25 25 37.5 25 12.5 37.5 25 37.5 37.5 37.5 
1 RRT 1.09142 0.33299 0.5022 203.45 131.46 12.5 25 12.5 12.5 25 12.5 37.5 12.5 25 25 37.5 25 12.5 37.5 25 37.5 37.5 37.5 
1 RRT 1.23892 0.35498 0.61854 234.74 152 37.5 12.5 12.5 12.5 25 12.5 12.5 25 25 25 37.5 25 12.5 37.5 25 37.5 37.5 37.5 
1 RRT 2.64552 0.34319 2.0433 204.02 125.86 12.5 12.5 25 12.5 37.5 12.5 12.5 25 25 25 37.5 25 12.5 37.5 25 37.5 37.5 37.5 
1 RRT 3.30505 0.35992 2.6764 200.7 129.09 37.5 12.5 12.5 12.5 25 12.5 12.5 25 25 25 37.5 25 12.5 37.5 25 37.5 37.5 37.5 
1 RRT 1.01427 0.33806 0.42096 189.59 145.14 37.5 12.5 12.5 12.5 25 12.5 12.5 25 25 25 37.5 25 12.5 37.5 25 37.5 37.5 37.5 
1 RRT 1.72664 0.33497 1.1362 182.31 108.37 12.5 25 12.5 12.5 25 12.5 37.5 12.5 25 25 37.5 25 12.5 37.5 25 37.5 37.5 37.5 
1 RRT 1.28947 0.34321 0.68637 254.24 164.04 12.5 37.5 12.5 12.5 25 12.5 37.5 12.5 12.5 25 25 25 37.5 25 25 37.5 37.5 37.5 
1 RRT 2.78695 0.33598 2.1958 175.42 101.03 37.5 12.5 12.5 12.5 25 12.5 12.5 25 25 25 37.5 25 12.5 37.5 25 37.5 37.5 37.5 
1 RRT 1.42176 0.34625 0.81527 193.19 145.99 12.5 37.5 12.5 12.5 25 12.5 37.5 12.5 12.5 25 25 25 37.5 25 25 37.5 37.5 37.5 
1 RRT 2.82389 0.43701 2.0629 280.34 160.01 25 25 12.5 12.5 25 12.5 37.5 12.5 12.5 25 37.5 25 12.5 37.5 25 37.5 37.5 37.5 
1 RRT 4.76733 0.34198 4.168 220.39 153.42 25 25 12.5 12.5 25 12.5 37.5 12.5 12.5 25 37.5 25 12.5 37.5 25 37.5 37.5 37.5 
1 RRT 3.16743 0.33842 2.571 189.35 120.68 37.5 37.5 12.5 12.5 25 12.5 37.5 12.5 12.5 25 25 25 37.5 25 12.5 37.5 25 37.5 
1 RRT 2.56751 0.33386 1.9788 247.27 160.09 12.5 12.5 25 12.5 37.5 12.5 12.5 25 25 25 37.5 25 12.5 37.5 25 37.5 37.5 37.5 
1 RRT 1.22107 0.33089 0.63908 232.93 156.47 25 12.5 12.5 12.5 37.5 12.5 12.5 25 25 25 37.5 25 12.5 37.5 25 37.5 37.5 37.5 
1 RRT 3.13917 0.33753 2.5411 274.81 196.59 12.5 12.5 25 12.5 37.5 12.5 12.5 25 25 25 37.5 25 12.5 37.5 25 37.5 37.5 37.5 
1 RRT 3.32296 0.35384 2.6991 305.06 215.3 37.5 25 12.5 12.5 25 12.5 37.5 12.5 12.5 25 25 25 12.5 37.5 25 37.5 37.5 37.5 
1 RRT 1.96797 0.33915 1.3691 405.92 263.4 25 37.5 12.5 12.5 25 12.5 37.5 12.5 12.5 25 25 25 37.5 25 12.5 37.5 37.5 37.5 
1 RRT 4.54695 0.3477 3.9398 274.74 196.49 37.5 37.5 12.5 12.5 25 12.5 37.5 12.5 12.5 25 25 25 37.5 25 12.5 37.5 25 37.5 
1 RRT 0.985733 0.32187 0.41746 170.79 95.929 37.5 25 12.5 12.5 25 12.5 37.5 12.5 12.5 25 25 25 12.5 37.5 25 37.5 37.5 37.5 
1 RRT 7.2026 0.36014 6.5794 338.93 219.37 12.5 37.5 12.5 12.5 25 12.5 37.5 12.5 12.5 25 25 25 37.5 25 25 37.5 37.5 37.5 
0 RRT 10.7615 0.43639 10.001 0 -1 12.5 12.5 25 12.5 37.5 12.5 12.5 25 25 25 37.5 25 12.5 37.5 25 37.5 37.5 37.5 
1 RRT 1.79534 0.34034 1.1972 310.71 217.78 12.5 25 12.5 12.5 25 12.5 37.5 12.5 25 25 37.5 25 12.5 37.5 25 37.5 37.5 37.5 
1 RRT 1.80628 0.34689 1.1985 239.18 161.66 37.5 37.5 12.5 12.5 25 12.5 37.5 12.5 12.5 25 25 25 37.5 25 12.5 37.5 25 37.5 
1 RRT 1.6557 0.32836 1.0758 264.95 156.1 12.5 12.5 25 12.5 37.5 12.5 12.5 25 25 25 37.5 25 12.5 37.5 25 37.5 37.5 37.5 
1 RRT 2.19262 0.34106 1.5896 242.73 157.3 25 37.5 12.5 12.5 25 12.5 37.5 12.5 12.5 25 25 25 37.5 25 12.5 37.5 37.5 37.5 
1 RRT 3.19611 0.33502 2.6035 280.1 188.55 37.5 37.5 12.5 12.5 25 12.5 37.5 12.5 12.5 25 25 25 37.5 25 12.5 37.5 25 37.5 
1 RRT 5.45772 0.35682 4.8382 296.72 179.47 25 25 12.5 12.5 25 12.5 37.5 12.5 12.5 25 37.5 25 12.5 37.5 25 37.5 37.5 37.5 
1 RRT 1.80509 0.35031 1.1899 240.38 166 37.5 12.5 12.5 12.5 25 12.5 12.5 25 25 25 37.5 25 12.5 37.5 25 37.5 37.5 37.5 
1 RRT 2.08159 0.33561 1.4902 221.44 139.36 37.5 25 12.5 12.5 25 12.5 37.5 12.5 12.5 25 25 25 12.5 37.5 25 37.5 37.5 37.5 
1 RRT 5.97913 0.34101 5.3821 416.61 257.85 25 12.5 12.5 12.5 37.5 12.5 12.5 25 25 25 37.5 25 12.5 37.5 25 37.5 37.5 37.5 
1 RRT 3.97667 0.34183 3.3728 368.13 234.74 25 37.5 12.5 12.5 25 12.5 37.5 12.5 12.5 25 25 25 37.5 25 12.5 37.5 37.5 37.5 
1 RRT 2.46384 0.355 1.8405 195.35 121.34 12.5 25 12.5 12.5 25 12.5 37.5 12.5 25 25 37.5 25 12.5 37.5 25 37.5 37.5 37.5 
1 RRT 3.36001 0.34342 2.7515 238.96 167.77 25 25 12.5 12.5 25 12.5 37.5 12.5 12.5 25 37.5 25 12.5 37.5 25 37.5 37.5 37.5 
1 RRT 1.4549 0.33549 0.86466 267.55 187.37 37.5 25 12.5 12.5 25 12.5 37.5 12.5 12.5 25 25 25 12.5 37.5 25 37.5 37.5 37.5 
1 RRT 1.74568 0.34302 1.1412 233.41 155.27 25 25 12.5 12.5 25 12.5 37.5 12.5 12.5 25 37.5 25 12.5 37.5 25 37.5 37.5 37.5 
1 RRT 1.09006 0.3314 0.50994 159.51 94.17 25 37.5 12.5 12.5 25 12.5 37.5 12.5 12.5 25 25 25 37.5 25 12.5 37.5 37.5 37.5 
1 RRT 1.98163 0.33928 1.3863 265.94 179.69 25 25 12.5 12.5 25 12.5 37.5 12.5 12.5 25 37.5 25 12.5 37.5 25 37.5 37.5 37.5 
1 RRT 3.00272 0.35368 2.3812 244.01 153.37 37.5 37.5 12.5 12.5 25 12.5 37.5 12.5 12.5 25 25 25 37.5 25 12.5 37.5 25 37.5 
1 RRT 1.18672 0.34227 0.58291 278.26 189.46 37.5 37.5 12.5 12.5 25 12.5 37.5 12.5 12.5 25 25 25 37.5 25 12.5 37.5 25 37.5 
1 RRT 3.87113 0.35146 3.2547 226.62 164.91 37.5 37.5 12.5 12.5 25 12.5 37.5 12.5 12.5 25 25 25 37.5 25 12.5 37.5 25 37.5 
1 RRT 2.65476 0.34951 2.0362 236.3 162 12.5 12.5 25 12.5 37.5 12.5 12.5 25 25 25 37.5 25 12.5 37.5 25 37.5 37.5 37.5 
1 RRT 2.54558 0.36156 1.9143 197.71 121.15 37.5 12.5 12.5 12.5 25 12.5 12.5 25 25 25 37.5 25 12.5 37.5 25 37.5 37.5 37.5 
1 RRT 1.62804 0.34064 1.0298 352.57 238.26 37.5 37.5 12.5 12.5 25 12.5 37.5 12.5 12.5 25 25 25 37.5 25 12.5 37.5 25 37.5 
1 RRT 2.10242 0.33889 1.5066 282.11 170.8 37.5 25 12.5 12.5 25 12.5 37.5 12.5 12.5 25 25 25 12.5 37.5 25 37.5 37.5 37.5 
1 RRT 2.48953 0.33704 1.8981 271.98 182.89 25 37.5 12.5 12.5 25 12.5 37.5 12.5 12.5 25 25 25 37.5 25 12.5 37.5 37.5 37.5 
1 RRT 1.68725 0.34631 1.0781 217.07 134.97 12.5 12.5 25 12.5 37.5 12.5 12.5 25 25 25 37.5 25 12.5 37.5 25 37.5 37.5 37.5 
1 RRT 5.29315 0.34117 4.6916 303.91 212.18 37.5 12.5 12.5 12.5 25 12.5 12.5 25 25 25 37.5 25 12.5 37.5 25 37.5 37.5 37.5 
1 RRT 1.41496 0.34356 0.81249 251.14 159.06 25 37.5 12.5 12.5 25 12.5 37.5 12.5 12.5 25 25 25 37.5 25 12.5 37.5 37.5 37.5 
1 RRT 4.60646 0.34147 4.0058 251.81 201.36 37.5 37.5 12.5 12.5 25 12.5 37.5 12.5 12.5 25 25 25 37.5 25 12.5 37.5 25 37.5 
1 RRT 1.58932 0.34135 0.98872 270.4 146.38 12.5 25 12.5 12.5 25 12.5 37.5 12.5 25 25 37.5 25 12.5 37.5 25 37.5 37.5 37.5 
1 RRT 1.99241 0.44703 1.2208 191.05 118.65 37.5 37.5 12.5 12.5 25 12.5 37.5 12.5 12.5 25 25 25 37.5 25 12.5 37.5 25 37.5 
1 RRT 2.98332 0.34277 2.384 231.01 159.76 37.5 12.5 12.5 12.5 25 12.5 12.5 25 25 25 37.5 25 12.5 37.5 25 37.5 37.5 37.5 
1 RRT 4.21618 0.4431 3.4507 318.85 196.41 37.5 25 12.5 12.5 25 12.5 37.5 12.5 12.5 25 25 25 12.5 37.5 25 37.5 37.5 37.5 
1 RRT 5.78962 0.33899 5.1954 386.56 253.23 25 37.5 12.5 12.5 25 12.5 37.5 12.5 12.5 25 25 25 37.5 25 12.5 37.5 37.5 37.5 
1 RRT 1.33137 0.34149 0.73024 226.08 158.89 25 25 12.5 12.5 25 12.5 37.5 12.5 12.5 25 37.5 25 12.5 37.5 25 37.5 37.5 37.5 
1 RRT 1.72862 0.3621 1.0903 208.54 146.7 25 25 12.5 12.5 25 12.5 37.5 12.5 12.5 25 37.5 25 12.5 37.5 25 37.5 37.5 37.5 
1 RRT 4.35393 0.46011 3.5536 342.51 231.6 25 37.5 12.5 12.5 25 12.5 37.5 12.5 12.5 25 25 25 37.5 25 12.5 37.5 37.5 37.5 
1 RRT 2.38351 0.34496 1.7796 251.54 172.6 12.5 37.5 12.5 12.5 25 12.5 37.5 12.5 12.5 25 25 25 37.5 25 25 37.5 37.5 37.5 
1 RRT 1.4619 0.34713 0.84547 353.62 211.81 12.5 12.5 25 12.5 37.5 12.5 12.5 25 25 25 37.5 25 12.5 37.5 25 37.5 37.5 37.5 
1 RRT 1.80315 0.34449 1.196 277.96 173.77 37.5 37.5 12.5 12.5 25 12.5 37.5 12.5 12.5 25 25 25 37.5 25 12.5 37.5 25 37.5 
1 RRT 8.18332 0.34141 7.5834 415.57 271.69 25 25 12.5 12.5 25 12.5 37.5 12.5 12.5 25 37.5 25 12.5 37.5 25 37.5 37.5 37.5 
1 RRT 1.85468 0.35694 1.232 190.25 128.72 12.5 37.5 12.5 12.5 25 12.5 37.5 12.5 12.5 25 25 25 37.5 25 25 37.5 37.5 37.5 
1 RRT 2.30338 0.34244 1.6997 221.73 145.24 25 25 12.5 12.5 25 12.5 37.5 12.5 12.5 25 37.5 25 12.5 37.5 25 37.5 37.5 37.5 
1 RRT 4.16482 0.33173 3.5803 189.27 127.77 37.5 12.5 12.5 12.5 25 12.5 12.5 25 25 25 37.5 25 12.5 37.5 25 37.5 37.5 37.5 
1 RRT 0.948106 0.32843 0.369 214.3 138.37 12.5 25 12.5 12.5 25 12.5 37.5 12.5 25 25 37.5 25 12.5 37.5 25 37.5 37.5 37.5 
1 RRT 9.61578 0.34192 9.0136 440.64 297.27 12.5 37.5 12.5 12.5 25 12.5 37.5 12.5 12.5 25 25 25 37.5 25 25 37.5 37.5 37.5 
1 RRT 5.73387 0.36065 5.1029 362.47 241.88 12.5 12.5 25 12.5 37.5 12.5 12.5 25 25 25 37.5 25 12.5 37.5 25 37.5 37.5 37.5 
1 RRT 1.08459 0.34264 0.48349 195.23 135.3 12.5 25 12.5 12.5 25 12.5 37.5 12.5 25 25 37.5 25 12.5 37.5 25 37.5 37.5 37.5 
1 RRT 1.02533 0.3289 0.44284 168.33 116.58 25 25 12.5 12.5 25 12.5 37.5 12.5 12.5 25 37.5 25 12.5 37.5 25 37.5 37.5 37.5 
1 RRT 1.34824 0.34059 0.75023 271.92 173.15 12.5 37.5 12.5 12.5 25 12.5 37.5 12.5 12.5 25 25 25 37.5 25 25 37.5 37.5 37.5 
1 RRT 1.1492 0.33889 0.55506 217.41 145.47 12.5 37.5 12.5 12.5 25 12.5 37.5 12.5 12.5 25 25 25 37.5 25 25 37.5 37.5 37.5 
1 RRT 3.01479 0.35579 2.3878 249.51 165.05 37.5 12.5 12.5 12.5 25 12.5 12.5 25 25 25 37.5 25 12.5 37.5 25 37.5 37.5 37.5 
1 RRT 3.28767 0.34689 2.6772 180.87 112.54 37.5 37.5 12.5 12.5 25 12.5 37.5 12.5 12.5 25 25 25 37.5 25 12.5 37.5 25 37.5 
1 RRT 2.84583 0.35248 2.2279 231.72 165.13 12.5 37.5 12.5 12.5 25 12.5 37.5 12.5 12.5 25 25 25 37.5 25 25 37.5 37.5 37.5 
1 RRT 1.40705 0.42875 0.65353 252.78 160.46 12.5 12.5 25 12.5 37.5 12.5 12.5 25 25 25 37.5 25 12.5 37.5 25 37.5 37.5 37.5 
1 RRT 2.74188 0.36087 2.1057 328.59 186.48 12.5 12.5 25 12.5 37.5 12.5 12.5 25 25 25 37.5 25 12.5 37.5 25 37.5 37.5 37.5 
1 RRT 1.92606 0.33156 1.3403 200.8 137.83 12.5 25 12.5 12.5 25 12.5 37.5 12.5 25 25 37.5 25 12.5 37.5 25 37.5 37.5 37.5 
1 RRT 1.26974 0.33396 0.68028 350.09 216.25 37.5 25 12.5 12.5 25 12.5 37.5 12.5 12.5 25 25 25 12.5 37.5 25 37.5 37.5 37.5 
1 RRT 2.1155 0.3463 1.5058 282.47 186.9 12.5 25 12.5 12.5 25 12.5 37.5 12.5 25 25 37.5 25 12.5 37.5 25 37.5 37.5 37.5 
1 RRT 2.68896 0.33864 2.0926 247.51 179.65 12.5 12.5 25 12.5 37.5 12.5 12.5 25 25 25 37.5 25 12.5 37.5 25 37.5 37.5 37.5 
1 RRT 4.06308 0.4686 3.2544 340.55 229.72 37.5 37.5 12.5 12.5 25 12.5 37.5 12.5 12.5 25 25 25 37.5 25 12.5 37.5 25 37.5 
1 RRT 3.7606 0.34702 3.1498 252.36 162.64 12.5 25 12.5 12.5 25 12.5 37.5 12.5 25 25 37.5 25 12.5 37.5 25 37.5 37.5 37.5 
1 RRT 3.84184 0.34251 3.2384 209.05 131.1 37.5 12.5 12.5 12.5 25 12.5 12.5 25 25 25 37.5 25 12.5 37.5 25 37.5 37.5 37.5 
1 RRT 1.72711 0.34698 1.1162 299.66 187.12 12.5 25 12.5 12.5 25 12.5 37.5 12.5 25 25 37.5 25 12.5 37.5 25 37.5 37.5 37.5 
1 RRT 4.80388 0.35023 4.1889 295.65 152.85 37.5 25 12.5 12.5 25 12.5 37.5 12.5 12.5 25 25 25 12.5 37.5 25 37.5 37.5 37.5 
1 RRT 1.95608 0.33659 1.365 306.61 199.48 25 12.5 12.5 12.5 37.5 12.5 12.5 25 25 25 37.5 25 12.5 37.5 25 37.5 37.5 37.5 
1 RRT 2.37579 0.33407 1.7861 374.41 242.13 25 37.5 12.5 12.5 25 12.5 37.5 12.5 12.5 25 25 25 37.5 25 12.5 37.5 37.5 37.5 
1 RRT 1.38026 0.34279 0.77837 302.04 200.85 37.5 12.5 12.5 12.5 25 12.5 12.5 25 25 25 37.5 25 12.5 37.5 25 37.5 37.5 37.5 
1 RRT 3.10999 0.35579 2.4871 230.98 148.6 25 12.5 12.5 12.5 37.5 12.5 12.5 25 25 25 37.5 25 12.5 37.5 25 37.5 37.5 37.5 
1 RRT 4.33715 0.33865 3.7416 281.9 171.07 37.5 37.5 12.5 12.5 25 12.5 37.5 12.5 12.5 25 25 25 37.5 25 12.5 37.5 25 37.5 
1 RRT 4.27792 0.345 3.6707 388.38 292.04 25 12.5 12.5 12.5 37.5 12.5 12.5 25 25 25 37.5 25 12.5 37.5 25 37.5 37.5 37.5 
1 RRT 1.79903 0.34082 1.1987 194.59 133.61 37.5 12.5 12.5 12.5 25 12.5 12.5 25 25 25 37.5 25 12.5 37.5 25 37.5 37.5 37.5 
1 RRT 1.19769 0.34448 0.5891 199.64 134.6 25 12.5 12.5 12.5 37.5 12.5 12.5 25 25 25 37.5 25 12.5 37.5 25 37.5 37.5 37.5 
1 RRT 1.6551 0.3347 1.0643 283.09 172.78 25 25 12.5 12.5 25 12.5 37.5 12.5 12.5 25 37.5 25 12.5 37.5 25 37.5 37.5 37.5 
1 RRT 3.73797 0.34454 3.1313 273.05 183.89 12.5 37.5 12.5 12.5 25 12.5 37.5 12.5 12.5 25 25 25 37.5 25 25 37.5 37.5 37.5 
1 RRT 1.02144 0.3329 0.44107 235.4 152.42 25 12.5 12.5 12.5 37.5 12.5 12.5 25 25 25 37.5 25 12.5 37.5 25 37.5 37.5 37.5 
1 RRT 2.98527 0.34754 2.372 211.22 135.74 12.5 25 12.5 12.5 25 12.5 37.5 12.5 25 25 37.5 25 12.5 37.5 25 37.5 37.5 37.5 
1 RRT 1.38822 0.3422 0.78471 262.63 186.81 25 25 12.5 12.5 25 12.5 37.5 12.5 12.5 25 37.5 25 12.5 37.5 25 37.5 37.5 37.5 
1 RRT 1.97023 0.33221 1.3855 316.26 196.96 12.5 25 12.5 12.5 25 12.5 37.5 12.5 25 25 37.5 25 12.5 37.5 25 37.5 37.5 37.5 
1 RRT 3.62942 0.34034 3.0312 269.9 201.33 37.5 25 12.5 12.5 25 12.5 37.5 12.5 12.5 25 25 25 12.5 37.5 25 37.5 37.5 37.5 
1 RRT 1.86097 0.33061 1.2757 194.12 113.87 12.5 37.5 12.5 12.5 25 12.5 37.5 12.5 12.5 25 25 25 37.5 25 25 37.5 37.5 37.5 
1 RRT 5.01629 0.34774 4.4037 305.98 192.23 12.5 25 12.5 12.5 25 12.5 37.5 12.5 25 25 37.5 25 12.5 37.5 25 37.5 37.5 37.5 
1 RRT 2.79387 0.35352 2.1779 278.56 180.76 37.5 25 12.5 12.5 25 12.5 37.5 12.5 12.5 25 25 25 12.5 37.5 25 37.5 37.5 37.5 
1 RRT 1.90616 0.33475 1.3157 276.35 186.53 37.5 12.5 12.5 12.5 25 12.5 12.5 25 25 25 37.5 25 12.5 37.5 25 37.5 37.5 37.5 
1 RRT 1.15788 0.34113 0.55685 174.81 109.8 12.5 25 12.5 12.5 25 12.5 37.5 12.5 25 25 37.5 25 12.5 37.5 25 37.5 37.5 37.5 
1 RRT 1.13633 0.33813 0.54602 224.21 122.68 37.5 37.5 12.5 12.5 25 12.5 37.5 12.5 12.5 25 25 25 37.5 25 12.5 37.5 25 37.5 
1 RRT 2.48221 0.34314 1.8777 203.37 138.12 37.5 37.5 12.5 12.5 25 12.5 37.5 12.5 12.5 25 25 25 37.5 25 12.5 37.5 25 37.5 
0 RRT 10.6105 0.34389 10.002 0 -1 25 12.5 12.5 12.5 37.5 12.5 12.5 25 25 25 37.5 25 12.5 37.5 25 37.5 37.5 37.5 
1 RRT 4.66576 0.33363 4.0796 283.27 196.72 37.5 25 12.5 12.5 25 12.5 37.5 12.5 12.5 25 25 25 12.5 37.5 25 37.5 37.5 37.5 
1 RRT 1.45246 0.32348 0.88257 310.95 193.45 25 12.5 12.5 12.5 37.5 12.5 12.5 25 25 25 37.5 25 12.5 37.5 25 37.5 37.5 37.5 
1 RRT 1.66856 0.33692 1.0757 201.23 121.25 12.5 37.5 12.5 12.5 25 12.5 37.5 12.5 12.5 25 25 25 37.5 25 25 37.5 37.5 37.5 
1 RRT 1.37272 0.33993 0.7748 262.47 180.93 12.5 12.5 25 12.5 37.5 12.5 12.5 25 25 25 37.5 25 12.5 37.5 25 37.5 37.5 37.5 
1 RRT 2.39537 0.43958 1.6285 359.64 250.2 37.5 25 12.5 12.5 25 12.5 37.5 12.5 12.5 25 25 25 12.5 37.5 25 37.5 37.5 37.5 
1 RRT 3.14842 0.42901 2.4004 269.44 187.98 12.5 25 12.5 12.5 25 12.5 37.5 12.5 25 25 37.5 25 12.5 37.5 25 37.5 37.5 37.5 
1 RRT 3.03253 0.33873 2.4369 301.95 196.86 12.5 37.5 12.5 12.5 25 12.5 37.5 12.5 12.5 25 25 25 37.5 25 25 37.5 37.5 37.5 
1 RRT 1.43861 0.34229 0.83565 217.27 155.95 37.5 37.5 12.5 12.5 25 12.5 37.5 12.5 12.5 25 25 25 37.5 25 12.5 37.5 25 37.5 
1 RRT 1.99548 0.34312 1.3909 364.34 235.23 37.5 12.5 12.5 12.5 25 12.5 12.5 25 25 25 37.5 25 12.5 37.5 25 37.5 37.5 37.5 
1 RRT 2.90094 0.34792 2.2874 380.65 236.3 12.5 37.5 12.5 12.5 25 12.5 37.5 12.5 12.5 25 25 25 37.5 25 25 37.5 37.5 37.5 
1 RRT 1.12643 0.33403 0.54045 200.75 122.84 25 25 12.5 12.5 25 12.5 37.5 12.5 12.5 25 37.5 25 12.5 37.5 25 37.5 37.5 37.5 
1 RRT 2.31263 0.35018 1.6996 211.32 145.56 37.5 37.5 12.5 12.5 25 12.5 37.5 12.5 12.5 25 25 25 37.5 25 12.5 37.5 25 37.5 
1 RRT 3.18414 0.33694 2.5903 320.18 196.84 37.5 12.5 12.5 12.5 25 12.5 12.5 25 25 25 37.5 25 12.5 37.5 25 37.5 37.5 37.5 
1 RRT 2.20325 0.34909 1.5888 261.07 164.75 12.5 12.5 25 12.5 37.5 12.5 12.5 25 25 25 37.5 25 12.5 37.5 25 37.5 37.5 37.5 
1 RRT 3.2353 0.35012 2.6202 268.85 171.93 25 12.5 12.5 12.5 37.5 12.5 12.5 25 25 25 37.5 25 12.5 37.5 25 37.5 37.5 37.5 
1 RRT 3.63199 0.34315 3.0281 271.62 182.01 12.5 12.5 25 12.5 37.5 12.5 12.5 25 25 25 37.5 25 12.5 37.5 25 37.5 37.5 37.5 
1 RRT 3.12162 0.34042 2.5239 248.13 147.04 37.5 12.5 12.5 12.5 25 12.5 12.5 25 25 25 37.5 25 12.5 37.5 25 37.5 37.5 37.5 
1 RRT 2.51254 0.33686 1.9215 262.57 176.87 37.5 12.5 12.5 12.5 25 12.5 12.5 25 25 25 37.5 25 12.5 37.5 25 37.5 37.5 37.5 
1 RRT 3.1603 0.3468 2.5519 310.77 196.14 25 12.5 12.5 12.5 37.5 12.5 12.5 25 25 25 37.5 25 12.5 37.5 25 37.5 37.5 37.5 
1 RRT 9.7735 0.35097 9.1545 393.7 244.5 25 37.5 12.5 12.5 25 12.5 37.5 12.5 12.5 25 25 25 37.5 25 12.5 37.5 37.5 37.5 
1 RRT 3.45317 0.35015 2.8407 286.02 194.94 37.5 25 12.5 12.5 25 12.5 37.5 12.5 12.5 25 25 25 12.5 37.5 25 37.5 37.5 37.5 
1 RRT 3.68884 0.34713 3.0801 215.57 168.72 25 37.5 12.5 12.5 25 12.5 37.5 12.5 12.5 25 25 25 37.5 25 12.5 37.5 37.5 37.5 
1 RRT 2.15785 0.44585 1.3796 235.36 156.93 12.5 37.5 12.5 12.5 25 12.5 37.5 12.5 12.5 25 25 25 37.5 25 25 37.5 37.5 37.5 
1 RRT 2.80068 0.35179 2.1807 254.12 172.75 37.5 25 12.5 12.5 25 12.5 37.5 12.5 12.5 25 25 25 12.5 37.5 25 37.5 37.5 37.5 
1 RRT 1.49622 0.34395 0.89072 252.74 158.7 25 12.5 12.5 12.5 37.5 12.5 12.5 25 25 25 37.5 25 12.5 37.5 25 37.5 37.5 37.5 
1 RRT 2.51579 0.34629 1.9073 371.51 252.41 12.5 25 12.5 12.5 25 12.5 37.5 12.5 25 25 37.5 25 12.5 37.5 25 37.5 37.5 37.5 
1 RRT 5.72954 0.34181 5.1285 283.87 205.39 37.5 12.5 12.5 12.5 25 12.5 12.5 25 25 25 37.5 25 12.5 37.5 25 37.5 37.5 37.5 
1 RRT 2.37431 0.33548 1.7821 192.7 116.63 37.5 25 12.5 12.5 25 12.5 37.5 12.5 12.5 25 25 25 12.5 37.5 25 37.5 37.5 37.5 
1 RRT 4.02341 0.42308 3.2863 249.09 161.28 25 37.5 12.5 12.5 25 12.5 37.5 12.5 12.5 25 25 25 37.5 25 12.5 37.5 37.5 37.5 
1 RRT 3.92576 0.33824 3.3307 216.3 157.87 37.5 12.5 12.5 12.5 25 12.5 12.5 25 25 25 37.5 25 12.5 37.5 25 37.5 37.5 37.5 
1 RRT 5.39007 0.44104 4.6256 295.13 191.83 25 25 12.5 12.5 25 12.5 37.5 12.5 12.5 25 37.5 25 12.5 37.5 25 37.5 37.5 37.5 
1 RRT 2.35587 0.32992 1.7734 225.15 168.68 25 12.5 12.5 12.5 37.5 12.5 12.5 25 25 25 37.5 25 12.5 37.5 25 37.5 37.5 37.5 
1 RRT 5.75412 0.3501 5.141 296.64 202.21 37.5 37.5 12.5 12.5 25 12.5 37.5 12.5 12.5 25 25 25 37.5 25 12.5 37.5 25 37.5 
1 RRT 4.1057 0.32781 3.5274 218.27 147.35 12.5 37.5 12.5 12.5 25 12.5 37.5 12.5 12.5 25 25 25 37.5 25 25 37.5 37.5 37.5 
1 RRT 3.84415 0.34676 3.2332 360.52 273.16 25 37.5 12.5 12.5 25 12.5 37.5 12.5 12.5 25 25 25 37.5 25 12.5 37.5 37.5 37.5 
1 RRT 1.78429 0.3551 1.1587 155.84 84.617 12.5 12.5 25 12.5 37.5 12.5 12.5 25 25 25 37.5 25 12.5 37.5 25 37.5 37.5 37.5 
1 RRT 2.60993 0.32899 2.0267 225.5 152.84 37.5 37.5 12.5 12.5 25 12.5 37.5 12.5 12.5 25 25 25 37.5 25 12.5 37.5 25 37.5 
1 RRT 1.13848 0.32487 0.56261 238.97 163.92 25 25 12.5 12.5 25 12.5 37.5 12.5 12.5 25 37.5 25 12.5 37.5 25 37.5 37.5 37.5 
1 RRT 1.60404 0.33485 1.0117 219.9 154.09 12.5 25 12.5 12.5 25 12.5 37.5 12.5 25 25 37.5 25 12.5 37.5 25 37.5 37.5 37.5 
1 RRT 2.68716 0.34143 2.0866 291.93 186.37 25 12.5 12.5 12.5 37.5 12.5 12.5 25 25 25 37.5 25 12.5 37.5 25 37.5 37.5 37.5 
1 RRT 8.37733 0.33581 7.7827 340.98 203.11 12.5 12.5 25 12.5 37.5 12.5 12.5 25 25 25 37.5 25 12.5 37.5 25 37.5 37.5 37.5 
1 RRT 1.04877 0.3391 0.4503 187.41 123.27 25 25 12.5 12.5 25 12.5 37.5 12.5 12.5 25 37.5 25 12.5 37.5 25 37.5 37.5 37.5 
1 RRT 1.56768 0.32733 0.98939 280.32 164.97 12.5 25 12.5 12.5 25 12.5 37.5 12.5 25 25 37.5 25 12.5 37.5 25 37.5 37.5 37.5 
1 RRT 4.53976 0.3386 3.9447 208.53 152.03 12.5 37.5 12.5 12.5 25 12.5 37.5 12.5 12.5 25 25 25 37.5 25 25 37.5 37.5 37.5 
1 RRT 2.09302 0.33794 1.4978 242.98 163.59 12.5 12.5 25 12.5 37.5 12.5 12.5 25 25 25 37.5 25 12.5 37.5 25 37.5 37.5 37.5 
1 RRT 1.28619 0.34544 0.67729 181.31 130.61 25 37.5 12.5 12.5 25 12.5 37.5 12.5 12.5 25 25 25 37.5 25 12.5 37.5 37.5 37.5 
1 RRT 3.92761 0.3539 3.3108 217.47 147.22 25 25 12.5 12.5 25 12.5 37.5 12.5 12.5 25 37.5 25 12.5 37.5 25 37.5 37.5 37.5 
1 RRT 3.90183 0.33612 3.3093 276.8 184.08 25 37.5 12.5 12.5 25 12.5 37.5 12.5 12.5 25 25 25 37.5 25 12.5 37.5 37.5 37.5 
1 RRT 2.3071 0.32965 1.726 224.12 150.99 25 12.5 12.5 12.5 37.5 12.5 12.5 25 25 25 37.5 25 12.5 37.5 25 37.5 37.5 37.5 
1 RRT 3.44027 0.32858 2.8586 190.03 129.23 12.5 25 12.5 12.5 25 12.5 37.5 12.5 25 25 37.5 25 12.5 37.5 25 37.5 37.5 37.5 
1 RRT 1.77676 0.34791 1.1672 292.01 199.72 37.5 37.5 12.5 12.5 25 12.5 37.5 12.5 12.5 25 25 25 37.5 25 12.5 37.5 25 37.5 
1 RRT 5.37108 0.35876 4.7407 368.33 254.46 12.5 25 12.5 12.5 25 12.5 37.5 12.5 25 25 37.5 25 12.5 37.5 25 37.5 37.5 37.5 
1 RRT 3.14847 0.33639 2.556 224.82 145.76 25 12.5 12.5 12.5 37.5 12.5 12.5 25 25 25 37.5 25 12.5 37.5 25 37.5 37.5 37.5 
1 RRT 2.04093 0.35212 1.422 222.12 138.29 12.5 12.5 25 12.5 37.5 12.5 12.5 25 25 25 37.5 25 12.5 37.5 25 37.5 37.5 37.5 
1 RRT 1.20054 0.33426 0.61016 176.98 111.76 12.5 25 12.5 12.5 25 12.5 37.5 12.5 25 25 37.5 25 12.5 37.5 25 37.5 37.5 37.5 
1 RRT 2.81579 0.34184 2.2141 222.4 157.14 12.5 37.5 12.5 12.5 25 12.5 37.5 12.5 12.5 25 25 25 37.5 25 25 37.5 37.5 37.5 
1 RRT 2.66533 0.33013 2.0801 297.86 197.06 25 25 12.5 12.5 25 12.5 37.5 12.5 12.5 25 37.5 25 12.5 37.5 25 37.5 37.5 37.5 
1 RRT 3.22104 0.33751 2.6268 258.64 155.55 25 37.5 12.5 12.5 25 12.5 37.5 12.5 12.5 25 25 25 37.5 25 12.5 37.5 37.5 37.5 
1 RRT 6.82041 0.33887 6.2233 253.29 162.28 25 25 12.5 12.5 25 12.5 37.5 12.5 12.5 25 37.5 25 12.5 37.5 25 37.5 37.5 37.5 
1 RRT 1.44736 0.32786 0.86783 200.23 144.01 12.5 25 12.5 12.5 25 12.5 37.5 12.5 25 25 37.5 25 12.5 37.5 25 37.5 37.5 37.5 
1 RRT 1.10409 0.331 0.51999 200.55 143.3 25 12.5 12.5 12.5 37.5 12.5 12.5 25 25 25 37.5 25 12.5 37.5 25 37.5 37.5 37.5 
1 RRT 6.95564 0.34986 6.3423 256.8 157.15 25 12.5 12.5 12.5 37.5 12.5 12.5 25 25 25 37.5 25 12.5 37.5 25 37.5 37.5 37.5 
1 RRT 1.76929 0.34914 1.155 378.2 246.5 37.5 37.5 12.5 12.5 25 12.5 37.5 12.5 12.5 25 25 25 37.5 25 12.5 37.5 25 37.5 
1 RRT 1.84374 0.33619 1.25 291.63 186.04 37.5 37.5 12.5 12.5 25 12.5 37.5 12.5 12.5 25 25 25 37.5 25 12.5 37.5 25 37.5 
1 RRT 5.67362 0.33899 5.0791 326.41 213.41 25 12.5 12.5 12.5 37.5 12.5 12.5 25 25 25 37.5 25 12.5 37.5 25 37.5 37.5 37.5 
1 RRT 3.79504 0.3468 3.1825 314.06 214 37.5 37.5 12.5 12.5 25 12.5 37.5 12.5 12.5 25 25 25 37.5 25 12.5 37.5 25 37.5 
1 RRT 2.32486 0.35126 1.705 199.23 143.4 25 25 12.5 12.5 25 12.5 37.5 12.5 12.5 25 37.5 25 12.5 37.5 25 37.5 37.5 37.5 
1 RRT 1.27234 0.34065 0.67138 204.39 132.83 37.5 25 12.5 12.5 25 12.5 37.5 12.5 12.5 25 25 25 12.5 37.5 25 37.5 37.5 37.5 
1 RRT 6.76197 0.34832 6.1497 282.71 198.7 12.5 12.5 25 12.5 37.5 12.5 12.5 25 25 25 37.5 25 12.5 37.5 25 37.5 37.5 37.5 
1 RRT 2.07654 0.34727 1.4667 258.21 192.02 12.5 12.5 25 12.5 37.5 12.5 12.5 25 25 25 37.5 25 12.5 37.5 25 37.5 37.5 37.5 
1 RRT 2.24025 0.34749 1.6322 236.21 152.86 12.5 12.5 25 12.5 37.5 12.5 12.5 25 25 25 37.5 25 12.5 37.5 25 37.5 37.5 37.5 
1 RRT 1.40884 0.42345 0.6733 209.15 140.4 37.5 25 12.5 12.5 25 12.5 37.5 12.5 12.5 25 25 25 12.5 37.5 25 37.5 37.5 37.5 
1 RRT 4.47202 0.35338 3.8655 293.82 205.96 25 37.5 12.5 12.5 25 12.5 37.5 12.5 12.5 25 25 25 37.5 25 12.5 37.5 37.5 37.5 
1 RRT 2.01686 0.36807 1.3637 202.69 137.08 25 12.5 12.5 12.5 37.5 12.5 12.5 25 25 25 37.5 25 12.5 37.5 25 37.5 37.5 37.5 
1 RRT 2.8263 0.3393 2.2305 294.05 196.55 37.5 25 12.5 12.5 25 12.5 37.5 12.5 12.5 25 25 25 12.5 37.5 25 37.5 37.5 37.5 
1 RRT 2.43269 0.35004 1.8146 185.55 121.22 12.5 12.5 25 12.5 37.5 12.5 12.5 25 25 25 37.5 25 12.5 37.5 25 37.5 37.5 37.5 
1 RRT 3.55015 0.35782 2.9189 226.36 156.51 12.5 12.5 25 12.5 37.5 12.5 12.5 25 25 25 37.5 25 12.5 37.5 25 37.5 37.5 37.5 
1 RRT 2.36789 0.34223 1.7662 172.35 125.88 25 12.5 12.5 12.5 37.5 12.5 12.5 25 25 25 37.5 25 12.5 37.5 25 37.5 37.5 37.5 
1 RRT 2.19587 0.34248 1.5942 259.9 172.69 25 12.5 12.5 12.5 37.5 12.5 12.5 25 25 25 37.5 25 12.5 37.5 25 37.5 37.5 37.5 
0 RRT 10.5982 0.3379 10.001 0 -1 25 25 12.5 12.5 25 12.5 37.5 12.5 12.5 25 37.5 25 12.5 37.5 25 37.5 37.5 37.5 
1 RRT 5.70136 0.33428 5.1105 309.16 193.98 37.5 12.5 12.5 12.5 25 12.5 12.5 25 25 25 37.5 25 12.5 37.5 25 37.5 37.5 37.5 
1 RRT 3.51136 0.33348 2.925 271.5 192.58 12.5 37.5 12.5 12.5 25 12.5 37.5 12.5 12.5 25 25 25 37.5 25 25 37.5 37.5 37.5 
1 RRT 1.45526 0.33812 0.85882 151.98 107.2 25 25 12.5 12.5 25 12.5 37.5 12.5 12.5 25 37.5 25 12.5 37.5 25 37.5 37.5 37.5 
1 RRT 1.57663 0.32893 0.99556 224.91 152.21 12.5 12.5 25 12.5 37.5 12.5 12.5 25 25 25 37.5 25 12.5 37.5 25 37.5 37.5 37.5 
1 RRT 2.53176 0.33478 1.942 308.84 208.6 25 25 12.5 12.5 25 12.5 37.5 12.5 12.5 25 37.5 25 12.5 37.5 25 37.5 37.5 37.5 
1 RRT 1.13561 0.33985 0.53872 157.91 97.871 37.5 37.5 12.5 12.5 25 12.5 37.5 12.5 12.5 25 25 25 37.5 25 12.5 37.5 25 37.5 
1 RRT 4.44652 0.35709 3.824 321.88 235.04 12.5 25 12.5 12.5 25 12.5 37.5 12.5 25 25 37.5 25 12.5 37.5 25 37.5 37.5 37.5 
1 RRT 5.33066 0.33862 4.7351 390.08 267.16 25 12.5 12.5 12.5 37.5 12.5 12.5 25 25 25 37.5 25 12.5 37.5 25 37.5 37.5 37.5 
1 RRT 3.73001 0.34961 3.1198 237.9 148.51 37.5 37.5 12.5 12.5 25 12.5 37.5 12.5 12.5 25 25 25 37.5 25 12.5 37.5 25 37.5 
1 RRT 2.45897 0.33233 1.8712 433.38 285.08 25 12.5 12.5 12.5 37.5 12.5 12.5 25 25 25 37.5 25 12.5 37.5 25 37.5 37.5 37.5 
1 RRT 0.75166 0.25889 0.28536 151.97 90.619 25 37.5 12.5 12.5 25 12.5 37.5 12.5 12.5 25 25 25 37.5 25 12.5 37.5 37.5 37.5 
