1 RRT 4.90687 0.36783 4.2802 389.22 255.6 18 11 5 5 32 11 45 5 7 21 15 21 35 21 43 21 7 29 15 29 35 29 43 29 5 45 18 39 32 39 45 45 
1 RRT 3.422 0.38298 2.7724 359.44 262.19 43 21 5 5 18 11 32 11 45 5 7 21 15 21 35 21 7 29 15 29 35 29 43 29 5 45 18 39 32 39 45 45 
1 RRT 3.69988 0.37238 3.0662 519.68 352.07 43 21 5 5 18 11 32 11 45 5 7 21 15 21 35 21 7 29 15 29 35 29 43 29 5 45 18 39 32 39 45 45 
1 RRT 2.13158 0.35808 1.5186 541.24 361.32 5 5 18 11 32 11 45 5 7 21 15 21 35 21 43 21 7 29 15 29 35 29 43 29 5 45 18 39 32 39 45 45 
1 RRT 3.28269 0.36152 2.6624 520.7 348.15 43 21 5 5 18 11 32 11 45 5 7 21 15 21 35 21 7 29 15 29 35 29 43 29 5 45 18 39 32 39 45 45 
1 RRT 3.84651 0.36434 3.224 315.66 216.05 45 5 5 5 18 11 32 11 7 21 15 21 35 21 43 21 7 29 15 29 35 29 43 29 5 45 18 39 32 39 45 45 
1 RRT 5.80216 0.48305 4.9916 367.66 262.08 43 29 5 5 18 11 32 11 45 5 7 21 15 21 35 21 43 21 7 29 15 29 35 29 5 45 18 39 32 39 45 45 
1 RRT 2.44249 0.36609 1.8185 450.52 316.23 45 45 5 5 18 11 32 11 45 5 7 21 15 21 35 21 43 21 7 29 15 29 35 29 43 29 5 45 18 39 32 39 
1 RRT 7.43964 0.37744 6.8012 409.15 307.89 35 21 5 5 18 11 32 11 45 5 7 21 15 21 43 21 7 29 15 29 35 29 43 29 5 45 18 39 32 39 45 45 
1 RRT 2.36304 0.41523 1.6423 394.66 247.76 45 45 5 5 18 11 32 11 45 5 7 21 15 21 35 21 43 21 7 29 15 29 35 29 43 29 5 45 18 39 32 39 
1 RRT 5.2154 0.37206 4.5818 426.12 322.86 15 21 5 5 18 11 32 11 45 5 7 21 35 21 43 21 7 29 15 29 35 29 43 29 5 45 18 39 32 39 45 45 
1 RRT 8.69943 0.3817 8.051 423.4 298.31 18 39 5 5 18 11 32 11 45 5 7 21 15 21 35 21 43 21 7 29 15 29 35 29 43 29 5 45 32 39 45 45 
1 RRT 3.64487 0.47778 2.8348 434.94 274.8 18 39 5 5 18 11 32 11 45 5 7 21 15 21 35 21 43 21 7 29 15 29 35 29 43 29 5 45 32 39 45 45 
1 RRT 4.61872 0.48182 3.7965 419.7 287.97 15 21 5 5 18 11 32 11 45 5 7 21 35 21 43 21 7 29 15 29 35 29 43 29 5 45 18 39 32 39 45 45 
1 RRT 4.49018 0.47276 3.6898 412.05 280.13 45 45 5 5 18 11 32 11 45 5 7 21 15 21 35 21 43 21 7 29 15 29 35 29 43 29 5 45 18 39 32 39 
1 RRT 3.86102 0.36598 3.2362 473.14 325.25 32 11 5 5 18 11 45 5 7 21 15 21 35 21 43 21 7 29 15 29 35 29 43 29 5 45 18 39 32 39 45 45 
1 RRT 3.60636 0.37287 2.9705 485.92 324.97 15 29 5 5 18 11 32 11 45 5 7 21 15 21 35 21 43 21 7 29 35 29 43 29 5 45 18 39 32 39 45 45 
1 RRT 5.87436 0.38475 5.2212 415.82 263.12 15 29 5 5 18 11 32 11 45 5 7 21 15 21 35 21 43 21 7 29 35 29 43 29 5 45 18 39 32 39 45 45 
1 RRT 6.76929 0.37468 6.1312 490.86 305.78 7 29 5 5 18 11 32 11 45 5 7 21 15 21 35 21 43 21 15 29 35 29 43 29 5 45 18 39 32 39 45 45 
1 RRT 2.16559 0.36515 1.5437 445.22 273.26 15 29 5 5 18 11 32 11 45 5 7 21 15 21 35 21 43 21 7 29 35 29 43 29 5 45 18 39 32 39 45 45 
1 RRT 5.97226 0.39388 5.3094 402.91 303.04 5 45 5 5 18 11 32 11 45 5 7 21 15 21 35 21 43 21 7 29 15 29 35 29 43 29 18 39 32 39 45 45 
1 RRT 6.32855 0.38628 5.6724 583.45 411.41 43 29 5 5 18 11 32 11 45 5 7 21 15 21 35 21 43 21 7 29 15 29 35 29 5 45 18 39 32 39 45 45 
0 RRT 10.6485 0.37887 10.003 0 -1 18 39 5 5 18 11 32 11 45 5 7 21 15 21 35 21 43 21 7 29 15 29 35 29 43 29 5 45 32 39 45 45 
1 RRT 2.8946 0.37037 2.2618 574.2 356.69 5 45 5 5 18 11 32 11 45 5 7 21 15 21 35 21 43 21 7 29 15 29 35 29 43 29 18 39 32 39 45 45 
1 RRT 3.84155 0.3628 3.2244 479.14 330.32 35 21 5 5 18 11 32 11 45 5 7 21 15 21 43 21 7 29 15 29 35 29 43 29 5 45 18 39 32 39 45 45 
1 RRT 3.28719 0.37489 2.6485 390.27 243.19 7 29 5 5 18 11 32 11 45 5 7 21 15 21 35 21 43 21 15 29 35 29 43 29 5 45 18 39 32 39 45 45 
1 RRT 6.45732 0.37402 5.8218 447.76 314.21 45 45 5 5 18 11 32 11 45 5 7 21 15 21 35 21 43 21 7 29 15 29 35 29 43 29 5 45 18 39 32 39 
1 RRT 5.67403 0.38329 5.0228 381.23 255.64 7 29 5 5 18 11 32 11 45 5 7 21 15 21 35 21 43 21 15 29 35 29 43 29 5 45 18 39 32 39 45 45 
1 RRT 1.60625 0.36489 0.98497 376.7 245.41 43 29 5 5 18 11 32 11 45 5 7 21 15 21 35 21 43 21 7 29 15 29 35 29 5 45 18 39 32 39 45 45 
1 RRT 6.68882 0.37235 6.0575 543.48 358.94 15 29 5 5 18 11 32 11 45 5 7 21 15 21 35 21 43 21 7 29 35 29 43 29 5 45 18 39 32 39 45 45 
0 RRT 10.6893 0.40685 10.016 0 -1 32 39 5 5 18 11 32 11 45 5 7 21 15 21 35 21 43 21 7 29 15 29 35 29 43 29 5 45 18 39 45 45 
1 RRT 3.08818 0.37405 2.4587 381.64 242.69 45 5 5 5 18 11 32 11 7 21 15 21 35 21 43 21 7 29 15 29 35 29 43 29 5 45 18 39 32 39 45 45 
0 RRT 10.629 0.36944 10.001 0 -1 45 45 5 5 18 11 32 11 45 5 7 21 15 21 35 21 43 21 7 29 15 29 35 29 43 29 5 45 18 39 32 39 
1 RRT 5.20249 0.38245 4.5535 642.34 425.32 15 21 5 5 18 11 32 11 45 5 7 21 35 21 43 21 7 29 15 29 35 29 43 29 5 45 18 39 32 39 45 45 
1 RRT 4.46641 0.37714 3.8251 522.26 373.57 35 29 5 5 18 11 32 11 45 5 7 21 15 21 35 21 43 21 7 29 15 29 43 29 5 45 18 39 32 39 45 45 
1 RRT 7.75071 0.39257 7.0946 340.49 205.66 5 45 5 5 18 11 32 11 45 5 7 21 15 21 35 21 43 21 7 29 15 29 35 29 43 29 18 39 32 39 45 45 
1 RRT 3.86974 0.37969 3.2219 464.67 332.63 5 45 5 5 18 11 32 11 45 5 7 21 15 21 35 21 43 21 7 29 15 29 35 29 43 29 18 39 32 39 45 45 
1 RRT 2.01621 0.37479 1.3765 324.15 218.02 45 5 5 5 18 11 32 11 7 21 15 21 35 21 43 21 7 29 15 29 35 29 43 29 5 45 18 39 32 39 45 45 
1 RRT 5.60688 0.36795 4.9801 425.86 283.62 5 45 5 5 18 11 32 11 45 5 7 21 15 21 35 21 43 21 7 29 15 29 35 29 43 29 18 39 32 39 45 45 
1 RRT 4.6817 0.38699 4.0345 462.57 328.48 32 11 5 5 18 11 45 5 7 21 15 21 35 21 43 21 7 29 15 29 35 29 43 29 5 45 18 39 32 39 45 45 
1 RRT 4.70546 0.38658 4.0389 442.2 274.37 35 21 5 5 18 11 32 11 45 5 7 21 15 21 43 21 7 29 15 29 35 29 43 29 5 45 18 39 32 39 45 45 
1 RRT 3.45785 0.37538 2.8199 382.04 246.23 32 39 5 5 18 11 32 11 45 5 7 21 15 21 35 21 43 21 7 29 15 29 35 29 43 29 5 45 18 39 45 45 
1 RRT 3.59043 0.49002 2.7678 400.22 271.97 35 21 5 5 18 11 32 11 45 5 7 21 15 21 43 21 7 29 15 29 35 29 43 29 5 45 18 39 32 39 45 45 
1 RRT 2.04049 0.36545 1.4175 345.52 224.53 32 39 5 5 18 11 32 11 45 5 7 21 15 21 35 21 43 21 7 29 15 29 35 29 43 29 5 45 18 39 45 45 
1 RRT 4.10334 0.41589 3.3825 401 288.66 18 11 5 5 32 11 45 5 7 21 15 21 35 21 43 21 7 29 15 29 35 29 43 29 5 45 18 39 32 39 45 45 
1 RRT 7.39531 0.36871 6.7672 492.79 326.47 32 11 5 5 18 11 45 5 7 21 15 21 35 21 43 21 7 29 15 29 35 29 43 29 5 45 18 39 32 39 45 45 
0 RRT 10.6402 0.36847 10.014 0 -1 15 21 5 5 18 11 32 11 45 5 7 21 35 21 43 21 7 29 15 29 35 29 43 29 5 45 18 39 32 39 45 45 
1 RRT 4.46736 0.38766 3.8088 448.55 281.33 5 5 18 11 32 11 45 5 7 21 15 21 35 21 43 21 7 29 15 29 35 29 43 29 5 45 18 39 32 39 45 45 
1 RRT 3.64372 0.36858 3.0167 414.81 267 32 39 5 5 18 11 32 11 45 5 7 21 15 21 35 21 43 21 7 29 15 29 35 29 43 29 5 45 18 39 45 45 
1 RRT 3.26331 0.37638 2.6234 349.19 247.2 7 21 5 5 18 11 32 11 45 5 15 21 35 21 43 21 7 29 15 29 35 29 43 29 5 45 18 39 32 39 45 45 
1 RRT 6.09742 0.38598 5.4449 369.34 287.69 32 11 5 5 18 11 45 5 7 21 15 21 35 21 43 21 7 29 15 29 35 29 43 29 5 45 18 39 32 39 45 45 
1 RRT 9.51789 0.3788 8.8783 443.08 292.26 18 11 5 5 32 11 45 5 7 21 15 21 35 21 43 21 7 29 15 29 35 29 43 29 5 45 18 39 32 39 45 45 
1 RRT 6.37267 0.37946 5.7304 440.87 310.9 15 21 5 5 18 11 32 11 45 5 7 21 35 21 43 21 7 29 15 29 35 29 43 29 5 45 18 39 32 39 45 45 
1 RRT 5.23352 0.3786 4.5896 639.25 394.53 7 21 5 5 18 11 32 11 45 5 15 21 35 21 43 21 7 29 15 29 35 29 43 29 5 45 18 39 32 39 45 45 
1 RRT 1.78245 0.35607 1.1754 394.86 282.86 5 5 18 11 32 11 45 5 7 21 15 21 35 21 43 21 7 29 15 29 35 29 43 29 5 45 18 39 32 39 45 45 
0 RRT 10.7902 0.38871 10.131 0 -1 45 5 5 5 18 11 32 11 7 21 15 21 35 21 43 21 7 29 15 29 35 29 43 29 5 45 18 39 32 39 45 45 
1 RRT 2.46504 0.37402 1.8323 419.75 280.7 45 45 5 5 18 11 32 11 45 5 7 21 15 21 35 21 43 21 7 29 15 29 35 29 43 29 5 45 18 39 32 39 
1 RRT 6.54554 0.38217 5.8943 508.96 348.22 7 29 5 5 18 11 32 11 45 5 7 21 15 21 35 21 43 21 15 29 35 29 43 29 5 45 18 39 32 39 45 45 
1 RRT 4.79251 0.37882 4.1545 391.51 250.78 43 29 5 5 18 11 32 11 45 5 7 21 15 21 35 21 43 21 7 29 15 29 35 29 5 45 18 39 32 39 45 45 
1 RRT 6.90003 0.37724 6.2612 427.66 286.7 35 29 5 5 18 11 32 11 45 5 7 21 15 21 35 21 43 21 7 29 15 29 43 29 5 45 18 39 32 39 45 45 
1 RRT 3.13291 0.35782 2.5241 354.13 210.06 18 11 5 5 32 11 45 5 7 21 15 21 35 21 43 21 7 29 15 29 35 29 43 29 5 45 18 39 32 39 45 45 
0 RRT 10.6256 0.36608 10.002 0 -1 45 45 5 5 18 11 32 11 45 5 7 21 15 21 35 21 43 21 7 29 15 29 35 29 43 29 5 45 18 39 32 39 
0 RRT 10.689 0.37509 10.054 0 -1 15 21 5 5 18 11 32 11 45 5 7 21 35 21 43 21 7 29 15 29 35 29 43 29 5 45 18 39 32 39 45 45 
1 RRT 3.15109 0.37985 2.5075 363.95 226.76 18 39 5 5 18 11 32 11 45 5 7 21 15 21 35 21 43 21 7 29 15 29 35 29 43 29 5 45 32 39 45 45 
1 RRT 2.4516 0.38488 1.7948 426.14 275.24 5 45 5 5 18 11 32 11 45 5 7 21 15 21 35 21 43 21 7 29 15 29 35 29 43 29 18 39 32 39 45 45 
1 RRT 6.8923 0.37207 6.2579 405.72 262.52 15 21 5 5 18 11 32 11 45 5 7 21 35 21 43 21 7 29 15 29 35 29 43 29 5 45 18 39 32 39 45 45 
1 RRT 3.27909 0.37163 2.6479 353.57 245.96 18 39 5 5 18 11 32 11 45 5 7 21 15 21 35 21 43 21 7 29 15 29 35 29 43 29 5 45 32 39 45 45 
1 RRT 4.18564 0.4683 3.3969 407.64 224.88 35 21 5 5 18 11 32 11 45 5 7 21 15 21 43 21 7 29 15 29 35 29 43 29 5 45 18 39 32 39 45 45 
1 RRT 2.81074 0.39057 2.1494 456.69 305.33 7 29 5 5 18 11 32 11 45 5 7 21 15 21 35 21 43 21 15 29 35 29 43 29 5 45 18 39 32 39 45 45 
1 RRT 2.18562 0.38765 1.526 512.45 342.81 15 29 5 5 18 11 32 11 45 5 7 21 15 21 35 21 43 21 7 29 35 29 43 29 5 45 18 39 32 39 45 45 
1 RRT 3.46502 0.36623 2.8423 323.79 224.37 43 29 5 5 18 11 32 11 45 5 7 21 15 21 35 21 43 21 7 29 15 29 35 29 5 45 18 39 32 39 45 45 
1 RRT 3.01442 0.47518 2.2128 462.15 288.41 35 21 5 5 18 11 32 11 45 5 7 21 15 21 43 21 7 29 15 29 35 29 43 29 5 45 18 39 32 39 45 45 
1 RRT 2.83892 0.37938 2.1989 384.55 261.81 18 11 5 5 32 11 45 5 7 21 15 21 35 21 43 21 7 29 15 29 35 29 43 29 5 45 18 39 32 39 45 45 
0 RRT 10.6345 0.37146 10 0 -1 45 45 5 5 18 11 32 11 45 5 7 21 15 21 35 21 43 21 7 29 15 29 35 29 43 29 5 45 18 39 32 39 
0 RRT 10.6326 0.36915 10.002 0 -1 18 11 5 5 32 11 45 5 7 21 15 21 35 21 43 21 7 29 15 29 35 29 43 29 5 45 18 39 32 39 45 45 
1 RRT 5.42062 0.36645 4.7971 477.97 301.03 43 21 5 5 18 11 32 11 45 5 7 21 15 21 35 21 7 29 15 29 35 29 43 29 5 45 18 39 32 39 45 45 
1 RRT 6.33469 0.37767 5.6906 511.97 326.86 32 11 5 5 18 11 45 5 7 21 15 21 35 21 43 21 7 29 15 29 35 29 43 29 5 45 18 39 32 39 45 45 
1 RRT 2.19173 0.3782 1.5475 335.64 211.73 15 29 5 5 18 11 32 11 45 5 7 21 15 21 35 21 43 21 7 29 35 29 43 29 5 45 18 39 32 39 45 45 
1 RRT 4.4051 0.37296 3.7712 585.13 366.55 45 45 5 5 18 11 32 11 45 5 7 21 15 21 35 21 43 21 7 29 15 29 35 29 43 29 5 45 18 39 32 39 
1 RRT 2.53484 0.38281 1.8847 309.61 208.46 45 5 5 5 18 11 32 11 7 21 15 21 35 21 43 21 7 29 15 29 35 29 43 29 5 45 18 39 32 39 45 45 
1 RRT 1.82106 0.37297 1.1845 361.31 220.41 15 29 5 5 18 11 32 11 45 5 7 21 15 21 35 21 43 21 7 29 35 29 43 29 5 45 18 39 32 39 45 45 
1 RRT 4.24688 0.37762 3.6048 504.04 352.87 7 29 5 5 18 11 32 11 45 5 7 21 15 21 35 21 43 21 15 29 35 29 43 29 5 45 18 39 32 39 45 45 
1 RRT 4.44025 0.39254 3.7744 435.51 282.59 45 5 5 5 18 11 32 11 7 21 15 21 35 21 43 21 7 29 15 29 35 29 43 29 5 45 18 39 32 39 45 45 
0 RRT 10.6896 0.39376 10.023 0 -1 7 29 5 5 18 11 32 11 45 5 7 21 15 21 35 21 43 21 15 29 35 29 43 29 5 45 18 39 32 39 45 45 
1 RRT 3.06562 0.38765 2.4109 410.05 257.97 45 5 5 5 18 11 32 11 7 21 15 21 35 21 43 21 7 29 15 29 35 29 43 29 5 45 18 39 32 39 45 45 
1 RRT 4.35198 0.37051 3.7174 513.14 322.91 45 5 5 5 18 11 32 11 7 21 15 21 35 21 43 21 7 29 15 29 35 29 43 29 5 45 18 39 32 39 45 45 
1 RRT 2.7003 0.40025 2.0253 452.93 307.78 18 11 5 5 32 11 45 5 7 21 15 21 35 21 43 21 7 29 15 29 35 29 43 29 5 45 18 39 32 39 45 45 
1 RRT 4.62359 0.39969 3.9577 355.66 242.57 43 21 5 5 18 11 32 11 45 5 7 21 15 21 35 21 7 29 15 29 35 29 43 29 5 45 18 39 32 39 45 45 
1 RRT 3.43636 0.37603 2.797 414.28 273.86 45 5 5 5 18 11 32 11 7 21 15 21 35 21 43 21 7 29 15 29 35 29 43 29 5 45 18 39 32 39 45 45 
0 RRT 10.6499 0.37397 10.014 0 -1 15 21 5 5 18 11 32 11 45 5 7 21 35 21 43 21 7 29 15 29 35 29 43 29 5 45 18 39 32 39 45 45 
1 RRT 3.78919 0.36616 3.1674 481.13 330.07 15 29 5 5 18 11 32 11 45 5 7 21 15 21 35 21 43 21 7 29 35 29 43 29 5 45 18 39 32 39 45 45 
1 RRT 1.38867 0.45847 0.61258 325.25 205.07 7 21 5 5 18 11 32 11 45 5 15 21 35 21 43 21 7 29 15 29 35 29 43 29 5 45 18 39 32 39 45 45 
1 RRT 4.66699 0.49249 3.836 459.25 316.69 32 39 5 5 18 11 32 11 45 5 7 21 15 21 35 21 43 21 7 29 15 29 35 29 43 29 5 45 18 39 45 45 
1 RRT 2.65418 0.37287 2.0192 374.26 262.47 5 5 18 11 32 11 45 5 7 21 15 21 35 21 43 21 7 29 15 29 35 29 43 29 5 45 18 39 32 39 45 45 
1 RRT 2.99492 0.36436 2.377 577.92 365.41 18 11 5 5 32 11 45 5 7 21 15 21 35 21 43 21 7 29 15 29 35 29 43 29 5 45 18 39 32 39 45 45 
1 RRT 8.73341 0.37644 8.0918 597.53 396.63 15 21 5 5 18 11 32 11 45 5 7 21 35 21 43 21 7 29 15 29 35 29 43 29 5 45 18 39 32 39 45 45 
1 RRT 5.1756 0.37217 4.5445 458.19 292.87 18 39 5 5 18 11 32 11 45 5 7 21 15 21 35 21 43 21 7 29 15 29 35 29 43 29 5 45 32 39 45 45 
0 RRT 10.7452 0.37764 10.103 0 -1 15 21 5 5 18 11 32 11 45 5 7 21 35 21 43 21 7 29 15 29 35 29 43 29 5 45 18 39 32 39 45 45 
1 RRT 3.49813 0.37995 2.8516 387.8 225.93 35 29 5 5 18 11 32 11 45 5 7 21 15 21 35 21 43 21 7 29 15 29 43 29 5 45 18 39 32 39 45 45 
1 RRT 6.9616 0.38039 6.3156 399.95 294.51 7 21 5 5 18 11 32 11 45 5 15 21 35 21 43 21 7 29 15 29 35 29 43 29 5 45 18 39 32 39 45 45 
1 RRT 4.15606 0.3716 3.5224 487.07 325.2 7 29 5 5 18 11 32 11 45 5 7 21 15 21 35 21 43 21 15 29 35 29 43 29 5 45 18 39 32 39 45 45 
1 RRT 9.20248 0.39169 8.5409 439.35 294.7 45 5 5 5 18 11 32 11 7 21 15 21 35 21 43 21 7 29 15 29 35 29 43 29 5 45 18 39 32 39 45 45 
1 RRT 5.27034 0.44295 4.5019 452.82 289.09 32 39 5 5 18 11 32 11 45 5 7 21 15 21 35 21 43 21 7 29 15 29 35 29 43 29 5 45 18 39 45 45 
1 RRT 4.57865 0.38299 3.93 633.22 436.23 15 21 5 5 18 11 32 11 45 5 7 21 35 21 43 21 7 29 15 29 35 29 43 29 5 45 18 39 32 39 45 45 
1 RRT 4.11107 0.3701 3.4801 564.31 434.32 5 5 18 11 32 11 45 5 7 21 15 21 35 21 43 21 7 29 15 29 35 29 43 29 5 45 18 39 32 39 45 45 
1 RRT 1.9127 0.37658 1.2757 431.51 304.21 15 21 5 5 18 11 32 11 45 5 7 21 35 21 43 21 7 29 15 29 35 29 43 29 5 45 18 39 32 39 45 45 
1 RRT 4.83196 0.36902 4.2075 468.41 319.34 15 21 5 5 18 11 32 11 45 5 7 21 35 21 43 21 7 29 15 29 35 29 43 29 5 45 18 39 32 39 45 45 
1 RRT 2.48397 0.3784 1.8409 445.58 313.52 43 21 5 5 18 11 32 11 45 5 7 21 15 21 35 21 7 29 15 29 35 29 43 29 5 45 18 39 32 39 45 45 
1 RRT 7.28157 0.37677 6.6461 574.34 357.49 18 11 5 5 32 11 45 5 7 21 15 21 35 21 43 21 7 29 15 29 35 29 43 29 5 45 18 39 32 39 45 45 
1 RRT 2.93976 0.37484 2.3007 475.17 302.2 7 29 5 5 18 11 32 11 45 5 7 21 15 21 35 21 43 21 15 29 35 29 43 29 5 45 18 39 32 39 45 45 
1 RRT 5.1663 0.37397 4.5302 375.04 256.67 45 45 5 5 18 11 32 11 45 5 7 21 15 21 35 21 43 21 7 29 15 29 35 29 43 29 5 45 18 39 32 39 
1 RRT 5.50832 0.38663 4.8536 512.12 386.82 5 45 5 5 18 11 32 11 45 5 7 21 15 21 35 21 43 21 7 29 15 29 35 29 43 29 18 39 32 39 45 45 
0 RRT 10.6432 0.37878 10.001 0 -1 7 21 5 5 18 11 32 11 45 5 15 21 35 21 43 21 7 29 15 29 35 29 43 29 5 45 18 39 32 39 45 45 
1 RRT 5.14929 0.37473 4.509 392.75 264.24 43 21 5 5 18 11 32 11 45 5 7 21 15 21 35 21 7 29 15 29 35 29 43 29 5 45 18 39 32 39 45 45 
0 RRT 10.6545 0.3757 10.022 0 -1 15 29 5 5 18 11 32 11 45 5 7 21 15 21 35 21 43 21 7 29 35 29 43 29 5 45 18 39 32 39 45 45 
1 RRT 1.86155 0.3737 1.2259 397.99 268.06 32 39 5 5 18 11 32 11 45 5 7 21 15 21 35 21 43 21 7 29 15 29 35 29 43 29 5 45 18 39 45 45 
1 RRT 2.24405 0.37813 1.6 385.06 267.89 35 21 5 5 18 11 32 11 45 5 7 21 15 21 43 21 7 29 15 29 35 29 43 29 5 45 18 39 32 39 45 45 
1 RRT 4.81643 0.36988 4.1878 465.89 351.2 7 29 5 5 18 11 32 11 45 5 7 21 15 21 35 21 43 21 15 29 35 29 43 29 5 45 18 39 32 39 45 45 
1 RRT 1.79153 0.36969 1.1634 341.9 218.72 15 21 5 5 18 11 32 11 45 5 7 21 35 21 43 21 7 29 15 29 35 29 43 29 5 45 18 39 32 39 45 45 
1 RRT 4.8842 0.37451 4.2477 500.12 342.88 15 21 5 5 18 11 32 11 45 5 7 21 35 21 43 21 7 29 15 29 35 29 43 29 5 45 18 39 32 39 45 45 
1 RRT 2.33256 0.36942 1.7043 409.73 261.87 35 21 5 5 18 11 32 11 45 5 7 21 15 21 43 21 7 29 15 29 35 29 43 29 5 45 18 39 32 39 45 45 
1 RRT 8.94649 0.36667 8.3213 474.52 298.8 43 29 5 5 18 11 32 11 45 5 7 21 15 21 35 21 43 21 7 29 15 29 35 29 5 45 18 39 32 39 45 45 
1 RRT 7.63764 0.38111 6.9938 384.2 243.34 15 29 5 5 18 11 32 11 45 5 7 21 15 21 35 21 43 21 7 29 35 29 43 29 5 45 18 39 32 39 45 45 
1 RRT 8.65452 0.37163 8.019 512.57 325.73 18 39 5 5 18 11 32 11 45 5 7 21 15 21 35 21 43 21 7 29 15 29 35 29 43 29 5 45 32 39 45 45 
1 RRT 1.35421 0.3747 0.71271 462.69 282.11 15 21 5 5 18 11 32 11 45 5 7 21 35 21 43 21 7 29 15 29 35 29 43 29 5 45 18 39 32 39 45 45 
1 RRT 2.81785 0.37545 2.176 416.2 275.37 5 45 5 5 18 11 32 11 45 5 7 21 15 21 35 21 43 21 7 29 15 29 35 29 43 29 18 39 32 39 45 45 
1 RRT 5.83078 0.36905 5.2052 485 331.41 43 21 5 5 18 11 32 11 45 5 7 21 15 21 35 21 7 29 15 29 35 29 43 29 5 45 18 39 32 39 45 45 
1 RRT 2.76015 0.41959 2.0322 395.43 286.35 43 29 5 5 18 11 32 11 45 5 7 21 15 21 35 21 43 21 7 29 15 29 35 29 5 45 18 39 32 39 45 45 
1 RRT 7.40908 0.35911 6.7953 368.68 252 32 39 5 5 18 11 32 11 45 5 7 21 15 21 35 21 43 21 7 29 15 29 35 29 43 29 5 45 18 39 45 45 
1 RRT 2.18509 0.48196 1.3717 376.62 261.74 18 39 5 5 18 11 32 11 45 5 7 21 15 21 35 21 43 21 7 29 15 29 35 29 43 29 5 45 32 39 45 45 
1 RRT 3.46165 0.37596 2.821 477.88 319.49 15 29 5 5 18 11 32 11 45 5 7 21 15 21 35 21 43 21 7 29 35 29 43 29 5 45 18 39 32 39 45 45 
1 RRT 2.95892 0.3771 2.3168 388.83 267.89 35 29 5 5 18 11 32 11 45 5 7 21 15 21 35 21 43 21 7 29 15 29 43 29 5 45 18 39 32 39 45 45 
1 RRT 4.78006 0.37666 4.1408 489.33 331.14 7 21 5 5 18 11 32 11 45 5 15 21 35 21 43 21 7 29 15 29 35 29 43 29 5 45 18 39 32 39 45 45 
1 RRT 4.5682 0.38377 3.9167 348.35 234.23 32 39 5 5 18 11 32 11 45 5 7 21 15 21 35 21 43 21 7 29 15 29 35 29 43 29 5 45 18 39 45 45 
1 RRT 4.91299 0.36874 4.2849 577.52 398.72 7 21 5 5 18 11 32 11 45 5 15 21 35 21 43 21 7 29 15 29 35 29 43 29 5 45 18 39 32 39 45 45 
1 RRT 7.73571 0.37553 7.1015 398.41 243.79 32 11 5 5 18 11 45 5 7 21 15 21 35 21 43 21 7 29 15 29 35 29 43 29 5 45 18 39 32 39 45 45 
1 RRT 5.34757 0.35982 4.735 382.23 248.11 32 39 5 5 18 11 32 11 45 5 7 21 15 21 35 21 43 21 7 29 15 29 35 29 43 29 5 45 18 39 45 45 
1 RRT 7.78641 0.37484 7.1516 345.22 219.59 5 45 5 5 18 11 32 11 45 5 7 21 15 21 35 21 43 21 7 29 15 29 35 29 43 29 18 39 32 39 45 45 
1 RRT 5.52673 0.36587 4.9054 501.7 328.02 5 45 5 5 18 11 32 11 45 5 7 21 15 21 35 21 43 21 7 29 15 29 35 29 43 29 18 39 32 39 45 45 
1 RRT 2.67529 0.47809 1.8683 506.01 333.65 43 21 5 5 18 11 32 11 45 5 7 21 15 21 35 21 7 29 15 29 35 29 43 29 5 45 18 39 32 39 45 45 
1 RRT 8.18698 0.36548 7.5637 474.16 296.32 7 29 5 5 18 11 32 11 45 5 7 21 15 21 35 21 43 21 15 29 35 29 43 29 5 45 18 39 32 39 45 45 
1 RRT 4.20055 0.47734 3.4053 396.68 269.62 18 39 5 5 18 11 32 11 45 5 7 21 15 21 35 21 43 21 7 29 15 29 35 29 43 29 5 45 32 39 45 45 
1 RRT 7.55469 0.4085 6.8517 569.95 388.43 18 39 5 5 18 11 32 11 45 5 7 21 15 21 35 21 43 21 7 29 15 29 35 29 43 29 5 45 32 39 45 45 
0 RRT 10.6984 0.40603 10.002 0 -1 45 5 5 5 18 11 32 11 7 21 15 21 35 21 43 21 7 29 15 29 35 29 43 29 5 45 18 39 32 39 45 45 
1 RRT 6.90339 0.36006 6.2891 537.77 376.93 5 45 5 5 18 11 32 11 45 5 7 21 15 21 35 21 43 21 7 29 15 29 35 29 43 29 18 39 32 39 45 45 
1 RRT 2.7376 0.36427 2.1195 385.09 267.25 43 21 5 5 18 11 32 11 45 5 7 21 15 21 35 21 7 29 15 29 35 29 43 29 5 45 18 39 32 39 45 45 
1 RRT 4.7656 0.47434 3.9666 457.42 301.01 43 29 5 5 18 11 32 11 45 5 7 21 15 21 35 21 43 21 7 29 15 29 35 29 5 45 18 39 32 39 45 45 
1 RRT 2.59084 0.37021 1.9607 536.24 362.96 35 21 5 5 18 11 32 11 45 5 7 21 15 21 43 21 7 29 15 29 35 29 43 29 5 45 18 39 32 39 45 45 
0 RRT 10.6317 0.3737 10 0 -1 43 29 5 5 18 11 32 11 45 5 7 21 15 21 35 21 43 21 7 29 15 29 35 29 5 45 18 39 32 39 45 45 
1 RRT 4.30065 0.37815 3.658 384.02 270 35 29 5 5 18 11 32 11 45 5 7 21 15 21 35 21 43 21 7 29 15 29 43 29 5 45 18 39 32 39 45 45 
1 RRT 2.18361 0.38403 1.5325 465.63 317.8 32 39 5 5 18 11 32 11 45 5 7 21 15 21 35 21 43 21 7 29 15 29 35 29 43 29 5 45 18 39 45 45 
1 RRT 2.81585 0.36496 2.1957 358.45 250.26 35 21 5 5 18 11 32 11 45 5 7 21 15 21 43 21 7 29 15 29 35 29 43 29 5 45 18 39 32 39 45 45 
1 RRT 5.17715 0.36498 4.5564 507.67 324.59 35 21 5 5 18 11 32 11 45 5 7 21 15 21 43 21 7 29 15 29 35 29 43 29 5 45 18 39 32 39 45 45 
1 RRT 3.5532 0.37624 2.9167 554.82 412.57 18 39 5 5 18 11 32 11 45 5 7 21 15 21 35 21 43 21 7 29 15 29 35 29 43 29 5 45 32 39 45 45 
1 RRT 8.02598 0.38041 7.381 394.55 278.28 45 5 5 5 18 11 32 11 7 21 15 21 35 21 43 21 7 29 15 29 35 29 43 29 5 45 18 39 32 39 45 45 
0 RRT 10.6938 0.3805 10.048 0 -1 45 5 5 5 18 11 32 11 7 21 15 21 35 21 43 21 7 29 15 29 35 29 43 29 5 45 18 39 32 39 45 45 
1 RRT 3.6981 0.37827 3.0506 371.19 267.34 45 45 5 5 18 11 32 11 45 5 7 21 15 21 35 21 43 21 7 29 15 29 35 29 43 29 5 45 18 39 32 39 
1 RRT 2.19923 0.36813 1.5734 343.16 244.05 35 21 5 5 18 11 32 11 45 5 7 21 15 21 43 21 7 29 15 29 35 29 43 29 5 45 18 39 32 39 45 45 
1 RRT 8.07964 0.38107 7.4347 463.12 296.54 32 39 5 5 18 11 32 11 45 5 7 21 15 21 35 21 43 21 7 29 15 29 35 29 43 29 5 45 18 39 45 45 
1 RRT 4.62716 0.37301 3.9943 488.46 339.27 15 21 5 5 18 11 32 11 45 5 7 21 35 21 43 21 7 29 15 29 35 29 43 29 5 45 18 39 32 39 45 45 
1 RRT 7.92285 0.36776 7.2965 459.16 322.31 7 29 5 5 18 11 32 11 45 5 7 21 15 21 35 21 43 21 15 29 35 29 43 29 5 45 18 39 32 39 45 45 
1 RRT 4.21719 0.46088 3.4403 592.72 405.21 15 21 5 5 18 11 32 11 45 5 7 21 35 21 43 21 7 29 15 29 35 29 43 29 5 45 18 39 32 39 45 45 
1 RRT 4.63151 0.37467 3.987 404 259.15 35 29 5 5 18 11 32 11 45 5 7 21 15 21 35 21 43 21 7 29 15 29 43 29 5 45 18 39 32 39 45 45 
1 RRT 4.7423 0.36796 4.1172 497.67 316.08 43 29 5 5 18 11 32 11 45 5 7 21 15 21 35 21 43 21 7 29 15 29 35 29 5 45 18 39 32 39 45 45 
0 RRT 10.8293 0.44291 10.071 0 -1 45 5 5 5 18 11 32 11 7 21 15 21 35 21 43 21 7 29 15 29 35 29 43 29 5 45 18 39 32 39 45 45 
1 RRT 1.56486 0.36607 0.94259 477.97 305.87 32 11 5 5 18 11 45 5 7 21 15 21 35 21 43 21 7 29 15 29 35 29 43 29 5 45 18 39 32 39 45 45 
1 RRT 5.81314 0.48457 5.0045 357.05 237.04 18 39 5 5 18 11 32 11 45 5 7 21 15 21 35 21 43 21 7 29 15 29 35 29 43 29 5 45 32 39 45 45 
1 RRT 5.85783 0.37084 5.2247 428.23 271.37 5 5 18 11 32 11 45 5 7 21 15 21 35 21 43 21 7 29 15 29 35 29 43 29 5 45 18 39 32 39 45 45 
1 RRT 2.07003 0.37742 1.4302 485.79 309.81 15 21 5 5 18 11 32 11 45 5 7 21 35 21 43 21 7 29 15 29 35 29 43 29 5 45 18 39 32 39 45 45 
0 RRT 10.9837 0.50761 10.131 0 -1 7 29 5 5 18 11 32 11 45 5 7 21 15 21 35 21 43 21 15 29 35 29 43 29 5 45 18 39 32 39 45 45 
1 RRT 5.11732 0.37796 4.4741 422.07 270.99 18 11 5 5 32 11 45 5 7 21 15 21 35 21 43 21 7 29 15 29 35 29 43 29 5 45 18 39 32 39 45 45 
1 RRT 7.08864 0.37864 6.4469 390.55 271.19 35 21 5 5 18 11 32 11 45 5 7 21 15 21 43 21 7 29 15 29 35 29 43 29 5 45 18 39 32 39 45 45 
1 RRT 5.92157 0.37241 5.2855 545.8 386.98 43 21 5 5 18 11 32 11 45 5 7 21 15 21 35 21 7 29 15 29 35 29 43 29 5 45 18 39 32 39 45 45 
1 RRT 6.50967 0.37049 5.8812 399.48 279.96 18 39 5 5 18 11 32 11 45 5 7 21 15 21 35 21 43 21 7 29 15 29 35 29 43 29 5 45 32 39 45 45 
1 RRT 8.53195 0.37778 7.8867 523.71 382.56 43 21 5 5 18 11 32 11 45 5 7 21 15 21 35 21 7 29 15 29 35 29 43 29 5 45 18 39 32 39 45 45 
1 RRT 6.81703 0.38075 6.1727 482.23 298.73 45 45 5 5 18 11 32 11 45 5 7 21 15 21 35 21 43 21 7 29 15 29 35 29 43 29 5 45 18 39 32 39 
1 RRT 5.1825 0.3749 4.5449 376.77 246.37 43 29 5 5 18 11 32 11 45 5 7 21 15 21 35 21 43 21 7 29 15 29 35 29 5 45 18 39 32 39 45 45 
1 RRT 3.41687 0.3952 2.7506 559.82 405.37 35 21 5 5 18 11 32 11 45 5 7 21 15 21 43 21 7 29 15 29 35 29 43 29 5 45 18 39 32 39 45 45 
1 RRT 8.60762 0.42204 7.8758 479.62 327.92 15 21 5 5 18 11 32 11 45 5 7 21 35 21 43 21 7 29 15 29 35 29 43 29 5 45 18 39 32 39 45 45 
1 RRT 3.50392 0.35918 2.8891 421.97 271.42 5 5 18 11 32 11 45 5 7 21 15 21 35 21 43 21 7 29 15 29 35 29 43 29 5 45 18 39 32 39 45 45 
1 RRT 4.19492 0.36733 3.5712 576.93 373.06 35 29 5 5 18 11 32 11 45 5 7 21 15 21 35 21 43 21 7 29 15 29 43 29 5 45 18 39 32 39 45 45 
1 RRT 3.66444 0.37492 3.0232 402.77 282.25 35 21 5 5 18 11 32 11 45 5 7 21 15 21 43 21 7 29 15 29 35 29 43 29 5 45 18 39 32 39 45 45 
0 RRT 10.8018 0.36195 10.185 0 -1 32 11 5 5 18 11 45 5 7 21 15 21 35 21 43 21 7 29 15 29 35 29 43 29 5 45 18 39 32 39 45 45 
1 RRT 4.6966 0.36928 4.0682 397.06 261.88 45 45 5 5 18 11 32 11 45 5 7 21 15 21 35 21 43 21 7 29 15 29 35 29 43 29 5 45 18 39 32 39 
1 RRT 1.68194 0.38112 1.0343 376.55 241.3 15 29 5 5 18 11 32 11 45 5 7 21 15 21 35 21 43 21 7 29 35 29 43 29 5 45 18 39 32 39 45 45 
1 RRT 6.85443 0.37545 6.2195 401.78 277.84 45 5 5 5 18 11 32 11 7 21 15 21 35 21 43 21 7 29 15 29 35 29 43 29 5 45 18 39 32 39 45 45 
1 RRT 9.49765 0.38889 8.8419 432.67 295.13 15 21 5 5 18 11 32 11 45 5 7 21 35 21 43 21 7 29 15 29 35 29 43 29 5 45 18 39 32 39 45 45 
1 RRT 4.1871 0.37861 3.5415 485.82 327.88 43 21 5 5 18 11 32 11 45 5 7 21 15 21 35 21 7 29 15 29 35 29 43 29 5 45 18 39 32 39 45 45 
1 RRT 3.64936 0.41571 2.9313 506.86 370.46 35 21 5 5 18 11 32 11 45 5 7 21 15 21 43 21 7 29 15 29 35 29 43 29 5 45 18 39 32 39 45 45 
1 RRT 1.92359 0.38121 1.2779 407.16 306.47 45 45 5 5 18 11 32 11 45 5 7 21 15 21 35 21 43 21 7 29 15 29 35 29 43 29 5 45 18 39 32 39 
1 RRT 4.10324 0.38724 3.4428 415.67 296.32 35 21 5 5 18 11 32 11 45 5 7 21 15 21 43 21 7 29 15 29 35 29 43 29 5 45 18 39 32 39 45 45 
1 RRT 2.28046 0.36988 1.6517 442.64 271.15 35 21 5 5 18 11 32 11 45 5 7 21 15 21 43 21 7 29 15 29 35 29 43 29 5 45 18 39 32 39 45 45 
1 RRT 8.52914 0.38592 7.8738 436.36 267.42 18 39 5 5 18 11 32 11 45 5 7 21 15 21 35 21 43 21 7 29 15 29 35 29 43 29 5 45 32 39 45 45 
1 RRT 3.28944 0.38003 2.6391 494.31 285.44 32 11 5 5 18 11 45 5 7 21 15 21 35 21 43 21 7 29 15 29 35 29 43 29 5 45 18 39 32 39 45 45 
1 RRT 8.73966 0.37826 8.0974 419.67 288.87 45 5 5 5 18 11 32 11 7 21 15 21 35 21 43 21 7 29 15 29 35 29 43 29 5 45 18 39 32 39 45 45 
1 RRT 5.27715 0.386 4.6237 425.42 317.04 7 21 5 5 18 11 32 11 45 5 15 21 35 21 43 21 7 29 15 29 35 29 43 29 5 45 18 39 32 39 45 45 
1 RRT 6.01576 0.36518 5.3933 464.55 333.37 45 5 5 5 18 11 32 11 7 21 15 21 35 21 43 21 7 29 15 29 35 29 43 29 5 45 18 39 32 39 45 45 
1 RRT 4.66035 0.37755 4.0188 341.38 233.41 7 21 5 5 18 11 32 11 45 5 15 21 35 21 43 21 7 29 15 29 35 29 43 29 5 45 18 39 32 39 45 45 
1 RRT 8.8885 0.3661 8.267 481.91 322.77 18 11 5 5 32 11 45 5 7 21 15 21 35 21 43 21 7 29 15 29 35 29 43 29 5 45 18 39 32 39 45 45 
1 RRT 1.62587 0.37392 0.9918 409.55 254.25 35 21 5 5 18 11 32 11 45 5 7 21 15 21 43 21 7 29 15 29 35 29 43 29 5 45 18 39 32 39 45 45 
1 RRT 6.99284 0.37864 6.3465 544.47 383.89 18 11 5 5 32 11 45 5 7 21 15 21 35 21 43 21 7 29 15 29 35 29 43 29 5 45 18 39 32 39 45 45 
1 RRT 4.42056 0.47342 3.6197 461.15 309.3 35 21 5 5 18 11 32 11 45 5 7 21 15 21 43 21 7 29 15 29 35 29 43 29 5 45 18 39 32 39 45 45 
1 RRT 3.15272 0.3689 2.526 415.33 277.29 32 39 5 5 18 11 32 11 45 5 7 21 15 21 35 21 43 21 7 29 15 29 35 29 43 29 5 45 18 39 45 45 
1 RRT 2.38144 0.42097 1.6527 412.49 313.49 32 11 5 5 18 11 45 5 7 21 15 21 35 21 43 21 7 29 15 29 35 29 43 29 5 45 18 39 32 39 45 45 
1 RRT 5.85493 0.38329 5.2037 373.77 245.25 7 21 5 5 18 11 32 11 45 5 15 21 35 21 43 21 7 29 15 29 35 29 43 29 5 45 18 39 32 39 45 45 
1 RRT 3.0749 0.36772 2.4476 306.28 201.28 32 39 5 5 18 11 32 11 45 5 7 21 15 21 35 21 43 21 7 29 15 29 35 29 43 29 5 45 18 39 45 45 
1 RRT 5.74405 0.37762 5.1036 427 281.15 32 39 5 5 18 11 32 11 45 5 7 21 15 21 35 21 43 21 7 29 15 29 35 29 43 29 5 45 18 39 45 45 
1 RRT 3.62184 0.35936 3.0079 450.71 286.82 18 11 5 5 32 11 45 5 7 21 15 21 35 21 43 21 7 29 15 29 35 29 43 29 5 45 18 39 32 39 45 45 
1 RRT 8.24413 0.37235 7.6138 703.21 453.73 43 21 5 5 18 11 32 11 45 5 7 21 15 21 35 21 7 29 15 29 35 29 43 29 5 45 18 39 32 39 45 45 
1 RRT 3.09593 0.37364 2.4632 383.26 238.87 35 21 5 5 18 11 32 11 45 5 7 21 15 21 43 21 7 29 15 29 35 29 43 29 5 45 18 39 32 39 45 45 
1 RRT 1.53018 0.38831 0.87448 401.85 280.35 7 29 5 5 18 11 32 11 45 5 7 21 15 21 35 21 43 21 15 29 35 29 43 29 5 45 18 39 32 39 45 45 
1 RRT 2.73642 0.37331 2.1054 345.47 226.72 7 21 5 5 18 11 32 11 45 5 15 21 35 21 43 21 7 29 15 29 35 29 43 29 5 45 18 39 32 39 45 45 
1 RRT 2.09126 0.44949 1.3145 407.53 253.33 45 45 5 5 18 11 32 11 45 5 7 21 15 21 35 21 43 21 7 29 15 29 35 29 43 29 5 45 18 39 32 39 
1 RRT 6.99094 0.37924 6.3452 467.75 333.35 7 21 5 5 18 11 32 11 45 5 15 21 35 21 43 21 7 29 15 29 35 29 43 29 5 45 18 39 32 39 45 45 
1 RRT 5.0809 0.37732 4.4399 379.04 204.85 15 29 5 5 18 11 32 11 45 5 7 21 15 21 35 21 43 21 7 29 35 29 43 29 5 45 18 39 32 39 45 45 
1 RRT 3.01728 0.37497 2.3824 429.54 284.1 32 11 5 5 18 11 45 5 7 21 15 21 35 21 43 21 7 29 15 29 35 29 43 29 5 45 18 39 32 39 45 45 
1 RRT 5.00937 0.39126 4.3414 405.78 243.59 5 5 18 11 32 11 45 5 7 21 15 21 35 21 43 21 7 29 15 29 35 29 43 29 5 45 18 39 32 39 45 45 
1 RRT 8.96954 0.40077 8.2874 651.12 440.43 35 21 5 5 18 11 32 11 45 5 7 21 15 21 43 21 7 29 15 29 35 29 43 29 5 45 18 39 32 39 45 45 
1 RRT 8.48797 0.3684 7.8634 571.1 354.34 35 29 5 5 18 11 32 11 45 5 7 21 15 21 35 21 43 21 7 29 15 29 43 29 5 45 18 39 32 39 45 45 
1 RRT 2.12579 0.38007 1.4787 363.96 247.92 35 29 5 5 18 11 32 11 45 5 7 21 15 21 35 21 43 21 7 29 15 29 43 29 5 45 18 39 32 39 45 45 
1 RRT 7.9402 0.37034 7.3103 573.45 371.83 15 29 5 5 18 11 32 11 45 5 7 21 15 21 35 21 43 21 7 29 35 29 43 29 5 45 18 39 32 39 45 45 
1 RRT 8.16038 0.38382 7.5154 397.38 268.99 35 21 5 5 18 11 32 11 45 5 7 21 15 21 43 21 7 29 15 29 35 29 43 29 5 45 18 39 32 39 45 45 
1 RRT 7.55005 0.36283 6.9341 526.15 352.59 15 21 5 5 18 11 32 11 45 5 7 21 35 21 43 21 7 29 15 29 35 29 43 29 5 45 18 39 32 39 45 45 
1 RRT 4.34686 0.36372 3.728 443.43 301.14 35 29 5 5 18 11 32 11 45 5 7 21 15 21 35 21 43 21 7 29 15 29 43 29 5 45 18 39 32 39 45 45 
1 RRT 5.15518 0.36857 4.5272 671.74 437.81 18 11 5 5 32 11 45 5 7 21 15 21 35 21 43 21 7 29 15 29 35 29 43 29 5 45 18 39 32 39 45 45 
1 RRT 3.49613 0.36611 2.8736 415.97 272.94 18 11 5 5 32 11 45 5 7 21 15 21 35 21 43 21 7 29 15 29 35 29 43 29 5 45 18 39 32 39 45 45 
1 RRT 1.61666 0.47382 0.81535 455.85 283.29 18 11 5 5 32 11 45 5 7 21 15 21 35 21 43 21 7 29 15 29 35 29 43 29 5 45 18 39 32 39 45 45 
1 RRT 4.47294 0.36271 3.857 350.88 226.41 45 45 5 5 18 11 32 11 45 5 7 21 15 21 35 21 43 21 7 29 15 29 35 29 43 29 5 45 18 39 32 39 
0 RRT 10.7663 0.35935 10.154 0 -1 7 21 5 5 18 11 32 11 45 5 15 21 35 21 43 21 7 29 15 29 35 29 43 29 5 45 18 39 32 39 45 45 
1 RRT 9.13644 0.37848 8.4976 523.2 330.96 43 21 5 5 18 11 32 11 45 5 7 21 15 21 35 21 7 29 15 29 35 29 43 29 5 45 18 39 32 39 45 45 
1 RRT 5.30483 0.37642 4.6652 393.45 305.09 35 21 5 5 18 11 32 11 45 5 7 21 15 21 43 21 7 29 15 29 35 29 43 29 5 45 18 39 32 39 45 45 
1 RRT 6.34472 0.38988 5.6921 541.87 394.94 43 29 5 5 18 11 32 11 45 5 7 21 15 21 35 21 43 21 7 29 15 29 35 29 5 45 18 39 32 39 45 45 
1 RRT 2.66194 0.39211 1.9966 430.47 283.03 43 21 5 5 18 11 32 11 45 5 7 21 15 21 35 21 7 29 15 29 35 29 43 29 5 45 18 39 32 39 45 45 
1 RRT 7.412 0.36853 6.7838 535.27 368.82 35 29 5 5 18 11 32 11 45 5 7 21 15 21 35 21 43 21 7 29 15 29 43 29 5 45 18 39 32 39 45 45 
0 RRT 10.833 0.46625 10.047 0 -1 43 21 5 5 18 11 32 11 45 5 7 21 15 21 35 21 7 29 15 29 35 29 43 29 5 45 18 39 32 39 45 45 
1 RRT 5.91139 0.37559 5.2691 428.74 288.08 43 21 5 5 18 11 32 11 45 5 7 21 15 21 35 21 7 29 15 29 35 29 43 29 5 45 18 39 32 39 45 45 
1 RRT 2.95856 0.36795 2.3319 324.77 203.23 45 5 5 5 18 11 32 11 7 21 15 21 35 21 43 21 7 29 15 29 35 29 43 29 5 45 18 39 32 39 45 45 
1 RRT 3.04276 0.43978 2.28 403.03 304.54 7 29 5 5 18 11 32 11 45 5 7 21 15 21 35 21 43 21 15 29 35 29 43 29 5 45 18 39 32 39 45 45 
1 RRT 2.54461 0.42686 1.8029 434.94 276.64 5 5 18 11 32 11 45 5 7 21 15 21 35 21 43 21 7 29 15 29 35 29 43 29 5 45 18 39 32 39 45 45 
1 RRT 3.79413 0.43992 3.0444 452.77 321.72 18 39 5 5 18 11 32 11 45 5 7 21 15 21 35 21 43 21 7 29 15 29 35 29 43 29 5 45 32 39 45 45 
1 RRT 3.44009 0.38829 2.7787 452.72 297.37 7 29 5 5 18 11 32 11 45 5 7 21 15 21 35 21 43 21 15 29 35 29 43 29 5 45 18 39 32 39 45 45 
1 RRT 7.42452 0.48912 6.6007 348.76 256.68 7 21 5 5 18 11 32 11 45 5 15 21 35 21 43 21 7 29 15 29 35 29 43 29 5 45 18 39 32 39 45 45 
0 RRT 10.7782 0.44677 10.001 0 -1 5 45 5 5 18 11 32 11 45 5 7 21 15 21 35 21 43 21 7 29 15 29 35 29 43 29 18 39 32 39 45 45 
1 RRT 6.05935 0.492 5.2295 382.69 253.96 43 21 5 5 18 11 32 11 45 5 7 21 15 21 35 21 7 29 15 29 35 29 43 29 5 45 18 39 32 39 45 45 
1 RRT 5.00212 0.47065 4.2081 532.11 359.5 43 21 5 5 18 11 32 11 45 5 7 21 15 21 35 21 7 29 15 29 35 29 43 29 5 45 18 39 32 39 45 45 
1 RRT 9.89774 0.37985 9.2511 398.7 280.31 43 29 5 5 18 11 32 11 45 5 7 21 15 21 35 21 43 21 7 29 15 29 35 29 5 45 18 39 32 39 45 45 
1 RRT 2.97222 0.3674 2.3457 461.98 296.98 18 39 5 5 18 11 32 11 45 5 7 21 15 21 35 21 43 21 7 29 15 29 35 29 43 29 5 45 32 39 45 45 
1 RRT 3.63843 0.38507 2.9837 438.1 311.81 32 11 5 5 18 11 45 5 7 21 15 21 35 21 43 21 7 29 15 29 35 29 43 29 5 45 18 39 32 39 45 45 
1 RRT 3.59408 0.37517 2.9561 332.42 212.47 15 21 5 5 18 11 32 11 45 5 7 21 35 21 43 21 7 29 15 29 35 29 43 29 5 45 18 39 32 39 45 45 
0 RRT 10.8249 0.48588 10.009 0 -1 35 29 5 5 18 11 32 11 45 5 7 21 15 21 35 21 43 21 7 29 15 29 43 29 5 45 18 39 32 39 45 45 
1 RRT 7.43237 0.37276 6.8011 378.43 229.68 35 29 5 5 18 11 32 11 45 5 7 21 15 21 35 21 43 21 7 29 15 29 43 29 5 45 18 39 32 39 45 45 
1 RRT 3.467 0.38537 2.8112 433.29 286.7 43 21 5 5 18 11 32 11 45 5 7 21 15 21 35 21 7 29 15 29 35 29 43 29 5 45 18 39 32 39 45 45 
1 RRT 6.03545 0.36906 5.407 502.18 361.72 18 11 5 5 32 11 45 5 7 21 15 21 35 21 43 21 7 29 15 29 35 29 43 29 5 45 18 39 32 39 45 45 
1 RRT 5.47892 0.37765 4.8373 463.84 268.35 45 45 5 5 18 11 32 11 45 5 7 21 15 21 35 21 43 21 7 29 15 29 35 29 43 29 5 45 18 39 32 39 
1 RRT 5.72496 0.4649 4.9367 575.74 367.64 5 5 18 11 32 11 45 5 7 21 15 21 35 21 43 21 7 29 15 29 35 29 43 29 5 45 18 39 32 39 45 45 
1 RRT 5.06802 0.38553 4.4123 470.8 318.41 43 21 5 5 18 11 32 11 45 5 7 21 15 21 35 21 7 29 15 29 35 29 43 29 5 45 18 39 32 39 45 45 
1 RRT 2.72169 0.37318 2.0884 353.69 245.03 7 29 5 5 18 11 32 11 45 5 7 21 15 21 35 21 43 21 15 29 35 29 43 29 5 45 18 39 32 39 45 45 
1 RRT 2.90579 0.4119 2.1939 422.46 301.72 45 45 5 5 18 11 32 11 45 5 7 21 15 21 35 21 43 21 7 29 15 29 35 29 43 29 5 45 18 39 32 39 
1 RRT 2.52533 0.38796 1.8624 516.11 321.02 18 39 5 5 18 11 32 11 45 5 7 21 15 21 35 21 43 21 7 29 15 29 35 29 43 29 5 45 32 39 45 45 
1 RRT 7.52828 0.37147 6.8959 563.6 386.58 7 29 5 5 18 11 32 11 45 5 7 21 15 21 35 21 43 21 15 29 35 29 43 29 5 45 18 39 32 39 45 45 
1 RRT 3.27303 0.36954 2.6474 358.08 234.96 35 29 5 5 18 11 32 11 45 5 7 21 15 21 35 21 43 21 7 29 15 29 43 29 5 45 18 39 32 39 45 45 
1 RRT 3.2752 0.43191 2.5453 373.48 244.88 5 5 18 11 32 11 45 5 7 21 15 21 35 21 43 21 7 29 15 29 35 29 43 29 5 45 18 39 32 39 45 45 
1 RRT 4.29112 0.39683 3.6115 417.92 299.02 35 21 5 5 18 11 32 11 45 5 7 21 15 21 43 21 7 29 15 29 35 29 43 29 5 45 18 39 32 39 45 45 
1 RRT 5.22569 0.39909 4.5448 515.74 385.21 35 21 5 5 18 11 32 11 45 5 7 21 15 21 43 21 7 29 15 29 35 29 43 29 5 45 18 39 32 39 45 45 
1 RRT 3.22157 0.37373 2.5834 456.03 296.68 35 29 5 5 18 11 32 11 45 5 7 21 15 21 35 21 43 21 7 29 15 29 43 29 5 45 18 39 32 39 45 45 
1 RRT 3.96856 0.47034 3.1748 390.35 261.59 43 29 5 5 18 11 32 11 45 5 7 21 15 21 35 21 43 21 7 29 15 29 35 29 5 45 18 39 32 39 45 45 
1 RRT 6.37019 0.36775 5.7443 335.26 233.69 45 5 5 5 18 11 32 11 7 21 15 21 35 21 43 21 7 29 15 29 35 29 43 29 5 45 18 39 32 39 45 45 
1 RRT 4.22577 0.37949 3.5796 481.03 311.4 5 45 5 5 18 11 32 11 45 5 7 21 15 21 35 21 43 21 7 29 15 29 35 29 43 29 18 39 32 39 45 45 
1 RRT 5.24783 0.38795 4.5857 419.52 296.51 32 39 5 5 18 11 32 11 45 5 7 21 15 21 35 21 43 21 7 29 15 29 35 29 43 29 5 45 18 39 45 45 
1 RRT 3.03488 0.37022 2.4042 435.7 307.15 45 45 5 5 18 11 32 11 45 5 7 21 15 21 35 21 43 21 7 29 15 29 35 29 43 29 5 45 18 39 32 39 
1 RRT 2.70547 0.3681 2.0775 409.51 254.68 43 21 5 5 18 11 32 11 45 5 7 21 15 21 35 21 7 29 15 29 35 29 43 29 5 45 18 39 32 39 45 45 
1 RRT 1.7642 0.38884 1.1098 435.04 258.67 18 39 5 5 18 11 32 11 45 5 7 21 15 21 35 21 43 21 7 29 15 29 35 29 43 29 5 45 32 39 45 45 
1 RRT 5.68882 0.36988 5.0625 400.66 274.82 32 39 5 5 18 11 32 11 45 5 7 21 15 21 35 21 43 21 7 29 15 29 35 29 43 29 5 45 18 39 45 45 
1 RRT 4.89678 0.38071 4.2502 390.18 261.54 15 21 5 5 18 11 32 11 45 5 7 21 35 21 43 21 7 29 15 29 35 29 43 29 5 45 18 39 32 39 45 45 
1 RRT 3.38779 0.37149 2.7615 378.78 257.49 43 29 5 5 18 11 32 11 45 5 7 21 15 21 35 21 43 21 7 29 15 29 35 29 5 45 18 39 32 39 45 45 
1 RRT 5.26722 0.36894 4.6386 563.19 381.01 7 21 5 5 18 11 32 11 45 5 15 21 35 21 43 21 7 29 15 29 35 29 43 29 5 45 18 39 32 39 45 45 
1 RRT 5.56255 0.36838 4.936 421.32 311.17 7 29 5 5 18 11 32 11 45 5 7 21 15 21 35 21 43 21 15 29 35 29 43 29 5 45 18 39 32 39 45 45 
1 RRT 2.54024 0.37624 1.8996 450.39 315.97 35 21 5 5 18 11 32 11 45 5 7 21 15 21 43 21 7 29 15 29 35 29 43 29 5 45 18 39 32 39 45 45 
1 RRT 7.69011 0.37333 7.0536 457.26 322.52 18 39 5 5 18 11 32 11 45 5 7 21 15 21 35 21 43 21 7 29 15 29 35 29 43 29 5 45 32 39 45 45 
1 RRT 4.56154 0.35932 3.9474 374.41 255.82 7 21 5 5 18 11 32 11 45 5 15 21 35 21 43 21 7 29 15 29 35 29 43 29 5 45 18 39 32 39 45 45 
1 RRT 5.86593 0.37383 5.2288 434.34 293.1 45 45 5 5 18 11 32 11 45 5 7 21 15 21 35 21 43 21 7 29 15 29 35 29 43 29 5 45 18 39 32 39 
1 RRT 8.24505 0.37631 7.6057 388.09 280.63 5 45 5 5 18 11 32 11 45 5 7 21 15 21 35 21 43 21 7 29 15 29 35 29 43 29 18 39 32 39 45 45 
1 RRT 7.13328 0.36586 6.5117 474.57 300.62 7 29 5 5 18 11 32 11 45 5 7 21 15 21 35 21 43 21 15 29 35 29 43 29 5 45 18 39 32 39 45 45 
1 RRT 3.54182 0.38429 2.8909 471.21 333.57 32 11 5 5 18 11 45 5 7 21 15 21 35 21 43 21 7 29 15 29 35 29 43 29 5 45 18 39 32 39 45 45 
1 RRT 5.59436 0.36306 4.9764 379.6 249.63 32 39 5 5 18 11 32 11 45 5 7 21 15 21 35 21 43 21 7 29 15 29 35 29 43 29 5 45 18 39 45 45 
1 RRT 1.4402 0.36556 0.81513 308.68 205.64 5 45 5 5 18 11 32 11 45 5 7 21 15 21 35 21 43 21 7 29 15 29 35 29 43 29 18 39 32 39 45 45 
1 RRT 8.73905 0.38542 8.0865 350.19 244.1 45 45 5 5 18 11 32 11 45 5 7 21 15 21 35 21 43 21 7 29 15 29 35 29 43 29 5 45 18 39 32 39 
1 RRT 4.80956 0.36411 4.1919 440.84 309.96 15 29 5 5 18 11 32 11 45 5 7 21 15 21 35 21 43 21 7 29 35 29 43 29 5 45 18 39 32 39 45 45 
1 RRT 2.10838 0.3734 1.4828 406.19 278.15 45 45 5 5 18 11 32 11 45 5 7 21 15 21 35 21 43 21 7 29 15 29 35 29 43 29 5 45 18 39 32 39 
1 RRT 2.21168 0.37315 1.5759 563.44 345.67 15 21 5 5 18 11 32 11 45 5 7 21 35 21 43 21 7 29 15 29 35 29 43 29 5 45 18 39 32 39 45 45 
1 RRT 4.10507 0.37982 3.4602 343.02 222.6 18 39 5 5 18 11 32 11 45 5 7 21 15 21 35 21 43 21 7 29 15 29 35 29 43 29 5 45 32 39 45 45 
1 RRT 5.34765 0.37812 4.7066 462.55 293.57 15 21 5 5 18 11 32 11 45 5 7 21 35 21 43 21 7 29 15 29 35 29 43 29 5 45 18 39 32 39 45 45 
1 RRT 1.91428 0.38955 1.2545 440.32 321.17 35 21 5 5 18 11 32 11 45 5 7 21 15 21 43 21 7 29 15 29 35 29 43 29 5 45 18 39 32 39 45 45 
1 RRT 4.35226 0.37884 3.7073 407.5 285.03 15 29 5 5 18 11 32 11 45 5 7 21 15 21 35 21 43 21 7 29 35 29 43 29 5 45 18 39 32 39 45 45 
1 RRT 5.18482 0.37488 4.546 448.64 289.6 32 11 5 5 18 11 45 5 7 21 15 21 35 21 43 21 7 29 15 29 35 29 43 29 5 45 18 39 32 39 45 45 
1 RRT 1.60845 0.37464 0.97322 462.43 304.28 32 11 5 5 18 11 45 5 7 21 15 21 35 21 43 21 7 29 15 29 35 29 43 29 5 45 18 39 32 39 45 45 
1 RRT 2.63142 0.36498 2.0088 385.95 254.44 5 45 5 5 18 11 32 11 45 5 7 21 15 21 35 21 43 21 7 29 15 29 35 29 43 29 18 39 32 39 45 45 
1 RRT 2.90531 0.38619 2.2539 329.86 214.32 32 39 5 5 18 11 32 11 45 5 7 21 15 21 35 21 43 21 7 29 15 29 35 29 43 29 5 45 18 39 45 45 
1 RRT 3.00017 0.37716 2.3621 471.44 303.8 15 21 5 5 18 11 32 11 45 5 7 21 35 21 43 21 7 29 15 29 35 29 43 29 5 45 18 39 32 39 45 45 
1 RRT 6.04303 0.37091 5.409 394.79 279.29 43 21 5 5 18 11 32 11 45 5 7 21 15 21 35 21 7 29 15 29 35 29 43 29 5 45 18 39 32 39 45 45 
1 RRT 7.49551 0.36433 6.8773 546.21 349.16 18 39 5 5 18 11 32 11 45 5 7 21 15 21 35 21 43 21 7 29 15 29 35 29 43 29 5 45 32 39 45 45 
1 RRT 4.22245 0.36751 3.5981 508.91 357.8 5 5 18 11 32 11 45 5 7 21 15 21 35 21 43 21 7 29 15 29 35 29 43 29 5 45 18 39 32 39 45 45 
1 RRT 2.74214 0.36519 2.1204 445.64 308.91 35 29 5 5 18 11 32 11 45 5 7 21 15 21 35 21 43 21 7 29 15 29 43 29 5 45 18 39 32 39 45 45 
1 RRT 5.49378 0.37599 4.858 418.97 295.31 45 45 5 5 18 11 32 11 45 5 7 21 15 21 35 21 43 21 7 29 15 29 35 29 43 29 5 45 18 39 32 39 
0 RRT 10.8167 0.48807 10 0 -1 18 11 5 5 32 11 45 5 7 21 15 21 35 21 43 21 7 29 15 29 35 29 43 29 5 45 18 39 32 39 45 45 
1 RRT 2.50091 0.38163 1.8499 422.37 261.1 43 29 5 5 18 11 32 11 45 5 7 21 15 21 35 21 43 21 7 29 15 29 35 29 5 45 18 39 32 39 45 45 
1 RRT 2.90038 0.35239 2.2978 433.67 274.06 7 21 5 5 18 11 32 11 45 5 15 21 35 21 43 21 7 29 15 29 35 29 43 29 5 45 18 39 32 39 45 45 
1 RRT 3.3004 0.3699 2.6709 450.61 323.28 5 5 18 11 32 11 45 5 7 21 15 21 35 21 43 21 7 29 15 29 35 29 43 29 5 45 18 39 32 39 45 45 
1 RRT 1.83576 0.37821 1.1943 384.7 270.4 5 5 18 11 32 11 45 5 7 21 15 21 35 21 43 21 7 29 15 29 35 29 43 29 5 45 18 39 32 39 45 45 
1 RRT 2.68261 0.36498 2.0601 426.05 281.77 7 29 5 5 18 11 32 11 45 5 7 21 15 21 35 21 43 21 15 29 35 29 43 29 5 45 18 39 32 39 45 45 
0 RRT 10.6593 0.3868 10.001 0 -1 15 29 5 5 18 11 32 11 45 5 7 21 15 21 35 21 43 21 7 29 35 29 43 29 5 45 18 39 32 39 45 45 
1 RRT 3.08843 0.36903 2.4594 405.78 280.83 45 5 5 5 18 11 32 11 7 21 15 21 35 21 43 21 7 29 15 29 35 29 43 29 5 45 18 39 32 39 45 45 
1 RRT 4.24845 0.37696 3.6066 396.81 270.42 7 21 5 5 18 11 32 11 45 5 15 21 35 21 43 21 7 29 15 29 35 29 43 29 5 45 18 39 32 39 45 45 
1 RRT 7.67175 0.37093 7.0409 489.15 315.32 43 21 5 5 18 11 32 11 45 5 7 21 15 21 35 21 7 29 15 29 35 29 43 29 5 45 18 39 32 39 45 45 
0 RRT 10.7771 0.38205 10.128 0 -1 18 11 5 5 32 11 45 5 7 21 15 21 35 21 43 21 7 29 15 29 35 29 43 29 5 45 18 39 32 39 45 45 
1 RRT 2.48923 0.37827 1.8497 346.55 214.84 7 29 5 5 18 11 32 11 45 5 7 21 15 21 35 21 43 21 15 29 35 29 43 29 5 45 18 39 32 39 45 45 
1 RRT 9.93383 0.38615 9.2807 483.69 318.98 15 29 5 5 18 11 32 11 45 5 7 21 15 21 35 21 43 21 7 29 35 29 43 29 5 45 18 39 32 39 45 45 
1 RRT 3.97994 0.45899 3.2035 547.84 327.94 45 5 5 5 18 11 32 11 7 21 15 21 35 21 43 21 7 29 15 29 35 29 43 29 5 45 18 39 32 39 45 45 
1 RRT 3.31393 0.37702 2.6738 405.22 269.02 43 21 5 5 18 11 32 11 45 5 7 21 15 21 35 21 7 29 15 29 35 29 43 29 5 45 18 39 32 39 45 45 
1 RRT 5.94058 0.45332 5.1661 389.3 254.9 45 5 5 5 18 11 32 11 7 21 15 21 35 21 43 21 7 29 15 29 35 29 43 29 5 45 18 39 32 39 45 45 
1 RRT 4.24229 0.37872 3.5981 580.22 390.92 45 5 5 5 18 11 32 11 7 21 15 21 35 21 43 21 7 29 15 29 35 29 43 29 5 45 18 39 32 39 45 45 
1 RRT 6.6539 0.36527 6.0296 559.67 360.5 7 21 5 5 18 11 32 11 45 5 15 21 35 21 43 21 7 29 15 29 35 29 43 29 5 45 18 39 32 39 45 45 
1 RRT 3.47066 0.37945 2.8255 452.32 297.02 43 29 5 5 18 11 32 11 45 5 7 21 15 21 35 21 43 21 7 29 15 29 35 29 5 45 18 39 32 39 45 45 
1 RRT 4.21222 0.40944 3.5031 520.63 371.35 35 29 5 5 18 11 32 11 45 5 7 21 15 21 35 21 43 21 7 29 15 29 43 29 5 45 18 39 32 39 45 45 
1 RRT 2.65322 0.36835 2.0249 515.14 358.16 32 11 5 5 18 11 45 5 7 21 15 21 35 21 43 21 7 29 15 29 35 29 43 29 5 45 18 39 32 39 45 45 
1 RRT 5.07149 0.48912 4.2482 322.6 213.62 32 39 5 5 18 11 32 11 45 5 7 21 15 21 35 21 43 21 7 29 15 29 35 29 43 29 5 45 18 39 45 45 
1 RRT 3.37719 0.36661 2.7565 487.79 324.58 5 5 18 11 32 11 45 5 7 21 15 21 35 21 43 21 7 29 15 29 35 29 43 29 5 45 18 39 32 39 45 45 
0 RRT 10.6421 0.37558 10.002 0 -1 45 45 5 5 18 11 32 11 45 5 7 21 15 21 35 21 43 21 7 29 15 29 35 29 43 29 5 45 18 39 32 39 
0 RRT 10.6649 0.37577 10.029 0 -1 32 11 5 5 18 11 45 5 7 21 15 21 35 21 43 21 7 29 15 29 35 29 43 29 5 45 18 39 32 39 45 45 
1 RRT 2.85805 0.39432 2.1936 358.8 254.88 32 11 5 5 18 11 45 5 7 21 15 21 35 21 43 21 7 29 15 29 35 29 43 29 5 45 18 39 32 39 45 45 
1 RRT 8.26698 0.36505 7.6444 404.15 289.82 15 21 5 5 18 11 32 11 45 5 7 21 35 21 43 21 7 29 15 29 35 29 43 29 5 45 18 39 32 39 45 45 
1 RRT 3.11376 0.37583 2.4754 442.16 323.52 18 39 5 5 18 11 32 11 45 5 7 21 15 21 35 21 43 21 7 29 15 29 35 29 43 29 5 45 32 39 45 45 
1 RRT 3.12418 0.37813 2.481 463.76 292.42 45 45 5 5 18 11 32 11 45 5 7 21 15 21 35 21 43 21 7 29 15 29 35 29 43 29 5 45 18 39 32 39 
1 RRT 2.50572 0.37483 1.8687 450.75 289.91 32 39 5 5 18 11 32 11 45 5 7 21 15 21 35 21 43 21 7 29 15 29 35 29 43 29 5 45 18 39 45 45 
1 RRT 3.29833 0.37351 2.6643 486.98 310.2 45 45 5 5 18 11 32 11 45 5 7 21 15 21 35 21 43 21 7 29 15 29 35 29 43 29 5 45 18 39 32 39 
1 RRT 5.14758 0.4349 4.3997 439.02 297.34 45 45 5 5 18 11 32 11 45 5 7 21 15 21 35 21 43 21 7 29 15 29 35 29 43 29 5 45 18 39 32 39 
1 RRT 6.50549 0.37173 5.8709 409.47 290.51 15 29 5 5 18 11 32 11 45 5 7 21 15 21 35 21 43 21 7 29 35 29 43 29 5 45 18 39 32 39 45 45 
1 RRT 2.32849 0.37407 1.6918 378.33 255.89 7 29 5 5 18 11 32 11 45 5 7 21 15 21 35 21 43 21 15 29 35 29 43 29 5 45 18 39 32 39 45 45 
1 RRT 2.98226 0.36072 2.3667 449.27 325.94 15 29 5 5 18 11 32 11 45 5 7 21 15 21 35 21 43 21 7 29 35 29 43 29 5 45 18 39 32 39 45 45 
1 RRT 4.16677 0.36577 3.5443 391.24 278.46 43 29 5 5 18 11 32 11 45 5 7 21 15 21 35 21 43 21 7 29 15 29 35 29 5 45 18 39 32 39 45 45 
0 RRT 10.6462 0.37814 10.002 0 -1 35 21 5 5 18 11 32 11 45 5 7 21 15 21 43 21 7 29 15 29 35 29 43 29 5 45 18 39 32 39 45 45 
0 RRT 10.6779 0.38116 10.033 0 -1 35 29 5 5 18 11 32 11 45 5 7 21 15 21 35 21 43 21 7 29 15 29 43 29 5 45 18 39 32 39 45 45 
1 RRT 3.91929 0.376 3.2803 388.26 267.37 7 21 5 5 18 11 32 11 45 5 15 21 35 21 43 21 7 29 15 29 35 29 43 29 5 45 18 39 32 39 45 45 
1 RRT 2.97353 0.38334 2.3272 442.88 284.14 18 39 5 5 18 11 32 11 45 5 7 21 15 21 35 21 43 21 7 29 15 29 35 29 43 29 5 45 32 39 45 45 
1 RRT 1.72421 0.39899 1.0544 315.55 201.95 15 21 5 5 18 11 32 11 45 5 7 21 35 21 43 21 7 29 15 29 35 29 43 29 5 45 18 39 32 39 45 45 
1 RRT 4.97371 0.46804 4.1836 509.12 365.02 7 29 5 5 18 11 32 11 45 5 7 21 15 21 35 21 43 21 15 29 35 29 43 29 5 45 18 39 32 39 45 45 
1 RRT 7.88914 0.36879 7.261 398.06 281.48 32 39 5 5 18 11 32 11 45 5 7 21 15 21 35 21 43 21 7 29 15 29 35 29 43 29 5 45 18 39 45 45 
1 RRT 4.00476 0.37092 3.3723 343.73 239.47 5 5 18 11 32 11 45 5 7 21 15 21 35 21 43 21 7 29 15 29 35 29 43 29 5 45 18 39 32 39 45 45 
1 RRT 5.34629 0.3682 4.7206 460.57 311.06 7 21 5 5 18 11 32 11 45 5 15 21 35 21 43 21 7 29 15 29 35 29 43 29 5 45 18 39 32 39 45 45 
1 RRT 4.10007 0.36051 3.4873 403.68 275.21 7 21 5 5 18 11 32 11 45 5 15 21 35 21 43 21 7 29 15 29 35 29 43 29 5 45 18 39 32 39 45 45 
1 RRT 3.42713 0.3737 2.7945 473.69 291.52 32 39 5 5 18 11 32 11 45 5 7 21 15 21 35 21 43 21 7 29 15 29 35 29 43 29 5 45 18 39 45 45 
1 RRT 6.57442 0.37047 5.9459 354.14 252.46 43 21 5 5 18 11 32 11 45 5 7 21 15 21 35 21 7 29 15 29 35 29 43 29 5 45 18 39 32 39 45 45 
1 RRT 10.2097 0.38576 9.5525 500.98 365.36 32 11 5 5 18 11 45 5 7 21 15 21 35 21 43 21 7 29 15 29 35 29 43 29 5 45 18 39 32 39 45 45 
1 RRT 4.21716 0.38229 3.5688 329.11 214.2 35 21 5 5 18 11 32 11 45 5 7 21 15 21 43 21 7 29 15 29 35 29 43 29 5 45 18 39 32 39 45 45 
1 RRT 1.36255 0.3637 0.74293 407.77 276.91 18 39 5 5 18 11 32 11 45 5 7 21 15 21 35 21 43 21 7 29 15 29 35 29 43 29 5 45 32 39 45 45 
1 RRT 3.57593 0.37425 2.9405 437.19 285.51 45 5 5 5 18 11 32 11 7 21 15 21 35 21 43 21 7 29 15 29 35 29 43 29 5 45 18 39 32 39 45 45 
1 RRT 4.42871 0.36574 3.8055 473.85 341.92 35 29 5 5 18 11 32 11 45 5 7 21 15 21 35 21 43 21 7 29 15 29 43 29 5 45 18 39 32 39 45 45 
1 RRT 3.71836 0.36902 3.0929 525.05 370.65 18 11 5 5 32 11 45 5 7 21 15 21 35 21 43 21 7 29 15 29 35 29 43 29 5 45 18 39 32 39 45 45 
1 RRT 6.78187 0.38509 6.1284 559.62 366.95 18 11 5 5 32 11 45 5 7 21 15 21 35 21 43 21 7 29 15 29 35 29 43 29 5 45 18 39 32 39 45 45 
1 RRT 6.37921 0.39034 5.7185 508.14 361.4 18 11 5 5 32 11 45 5 7 21 15 21 35 21 43 21 7 29 15 29 35 29 43 29 5 45 18 39 32 39 45 45 
1 RRT 1.48341 0.36981 0.85216 432.76 302.77 35 29 5 5 18 11 32 11 45 5 7 21 15 21 35 21 43 21 7 29 15 29 43 29 5 45 18 39 32 39 45 45 
1 RRT 3.83289 0.37187 3.1968 411.7 258.44 5 45 5 5 18 11 32 11 45 5 7 21 15 21 35 21 43 21 7 29 15 29 35 29 43 29 18 39 32 39 45 45 
1 RRT 8.22599 0.37941 7.5788 437.04 293.39 35 29 5 5 18 11 32 11 45 5 7 21 15 21 35 21 43 21 7 29 15 29 43 29 5 45 18 39 32 39 45 45 
1 RRT 2.7671 0.37707 2.1259 534.86 343.08 32 11 5 5 18 11 45 5 7 21 15 21 35 21 43 21 7 29 15 29 35 29 43 29 5 45 18 39 32 39 45 45 
1 RRT 8.70537 0.37749 8.0646 423.29 301.29 18 11 5 5 32 11 45 5 7 21 15 21 35 21 43 21 7 29 15 29 35 29 43 29 5 45 18 39 32 39 45 45 
1 RRT 1.77775 0.36615 1.1562 454.52 254.4 15 21 5 5 18 11 32 11 45 5 7 21 35 21 43 21 7 29 15 29 35 29 43 29 5 45 18 39 32 39 45 45 
1 RRT 7.26208 0.37956 6.6173 391.08 283.65 5 45 5 5 18 11 32 11 45 5 7 21 15 21 35 21 43 21 7 29 15 29 35 29 43 29 18 39 32 39 45 45 
0 RRT 10.6569 0.38609 10.001 0 -1 35 29 5 5 18 11 32 11 45 5 7 21 15 21 35 21 43 21 7 29 15 29 43 29 5 45 18 39 32 39 45 45 
1 RRT 5.56468 0.37613 4.9249 393.59 277.31 15 29 5 5 18 11 32 11 45 5 7 21 15 21 35 21 43 21 7 29 35 29 43 29 5 45 18 39 32 39 45 45 
1 RRT 2.33212 0.36726 1.7045 373.62 244.32 7 29 5 5 18 11 32 11 45 5 7 21 15 21 35 21 43 21 15 29 35 29 43 29 5 45 18 39 32 39 45 45 
1 RRT 7.23515 0.46779 6.4567 442.43 313.79 45 45 5 5 18 11 32 11 45 5 7 21 15 21 35 21 43 21 7 29 15 29 35 29 43 29 5 45 18 39 32 39 
1 RRT 5.53341 0.35793 4.9243 487.57 330.35 15 29 5 5 18 11 32 11 45 5 7 21 15 21 35 21 43 21 7 29 35 29 43 29 5 45 18 39 32 39 45 45 
1 RRT 4.29813 0.49089 3.4694 400.38 277.5 18 11 5 5 32 11 45 5 7 21 15 21 35 21 43 21 7 29 15 29 35 29 43 29 5 45 18 39 32 39 45 45 
1 RRT 3.48537 0.38116 2.8402 432.17 289 15 29 5 5 18 11 32 11 45 5 7 21 15 21 35 21 43 21 7 29 35 29 43 29 5 45 18 39 32 39 45 45 
1 RRT 3.30127 0.36129 2.6869 402.55 268.11 32 39 5 5 18 11 32 11 45 5 7 21 15 21 35 21 43 21 7 29 15 29 35 29 43 29 5 45 18 39 45 45 
1 RRT 4.21014 0.37511 3.5727 472.68 315.44 15 21 5 5 18 11 32 11 45 5 7 21 35 21 43 21 7 29 15 29 35 29 43 29 5 45 18 39 32 39 45 45 
1 RRT 1.86064 0.37373 1.2222 435.46 323.04 7 21 5 5 18 11 32 11 45 5 15 21 35 21 43 21 7 29 15 29 35 29 43 29 5 45 18 39 32 39 45 45 
1 RRT 8.9098 0.38239 8.2614 526.34 334.58 15 21 5 5 18 11 32 11 45 5 7 21 35 21 43 21 7 29 15 29 35 29 43 29 5 45 18 39 32 39 45 45 
1 RRT 0.912724 0.28872 0.41448 380.73 222.22 32 39 5 5 18 11 32 11 45 5 7 21 15 21 35 21 43 21 7 29 15 29 35 29 43 29 5 45 18 39 45 45 
