1 RRT 1.60003 0.4295 0.87064 445.56 175.9 20 30 10 10 20 10 30 10 40 10 10 20 20 20 30 20 40 20 10 30 30 30 40 30 10 40 20 40 30 40 40 40 
1 RRT 1.42865 0.42917 0.69579 441.79 274.87 20 20 10 10 20 10 30 10 40 10 10 20 30 20 40 20 10 30 20 30 30 30 40 30 10 40 20 40 30 40 40 40 
1 RRT 1.19657 0.4168 0.49062 272.1 169.37 40 20 10 10 20 10 30 10 40 10 10 20 20 20 30 20 10 30 20 30 30 30 40 30 10 40 20 40 30 40 40 40 
1 RRT 1.53409 0.42304 0.80252 449.63 230.95 20 40 10 10 20 10 30 10 40 10 10 20 20 20 30 20 40 20 10 30 20 30 30 30 40 30 10 40 30 40 40 40 
1 RRT 1.31596 0.45574 0.5405 338.93 219.66 30 40 10 10 20 10 30 10 40 10 10 20 20 20 30 20 40 20 10 30 20 30 30 30 40 30 10 40 20 40 40 40 
1 RRT 1.0938 0.3414 0.50831 325.56 182.01 30 40 10 10 20 10 30 10 40 10 10 20 20 20 30 20 40 20 10 30 20 30 30 30 40 30 10 40 20 40 40 40 
1 RRT 1.31191 0.43891 0.56768 330.15 188.45 20 40 10 10 20 10 30 10 40 10 10 20 20 20 30 20 40 20 10 30 20 30 30 30 40 30 10 40 30 40 40 40 
1 RRT 2.08376 0.42413 1.3605 293.89 186.47 30 10 10 10 20 10 40 10 10 20 20 20 30 20 40 20 10 30 20 30 30 30 40 30 10 40 20 40 30 40 40 40 
1 RRT 1.04061 0.33813 0.4584 309.16 190.64 20 20 10 10 20 10 30 10 40 10 10 20 30 20 40 20 10 30 20 30 30 30 40 30 10 40 20 40 30 40 40 40 
1 RRT 1.15005 0.35962 0.53505 435.73 284.91 40 20 10 10 20 10 30 10 40 10 10 20 20 20 30 20 10 30 20 30 30 30 40 30 10 40 20 40 30 40 40 40 
1 RRT 1.35636 0.35723 0.74186 412.19 276.96 10 30 10 10 20 10 30 10 40 10 10 20 20 20 30 20 40 20 20 30 30 30 40 30 10 40 20 40 30 40 40 40 
1 RRT 1.16526 0.35749 0.55266 299.13 161.53 10 20 10 10 20 10 30 10 40 10 20 20 30 20 40 20 10 30 20 30 30 30 40 30 10 40 20 40 30 40 40 40 
1 RRT 1.07132 0.34353 0.48293 393.56 261.29 40 40 10 10 20 10 30 10 40 10 10 20 20 20 30 20 40 20 10 30 20 30 30 30 40 30 10 40 20 40 30 40 
1 RRT 1.3039 0.35964 0.69464 411.52 256.62 40 20 10 10 20 10 30 10 40 10 10 20 20 20 30 20 10 30 20 30 30 30 40 30 10 40 20 40 30 40 40 40 
1 RRT 1.10236 0.34306 0.5166 339.77 220.96 40 40 10 10 20 10 30 10 40 10 10 20 20 20 30 20 40 20 10 30 20 30 30 30 40 30 10 40 20 40 30 40 
1 RRT 1.57308 0.33704 0.99714 580.41 335 20 10 10 10 30 10 40 10 10 20 20 20 30 20 40 20 10 30 20 30 30 30 40 30 10 40 20 40 30 40 40 40 
1 RRT 1.32631 0.35737 0.71794 272.22 172.87 10 40 10 10 20 10 30 10 40 10 10 20 20 20 30 20 40 20 10 30 20 30 30 30 40 30 20 40 30 40 40 40 
1 RRT 1.46745 0.3605 0.84885 519.4 304.36 20 10 10 10 30 10 40 10 10 20 20 20 30 20 40 20 10 30 20 30 30 30 40 30 10 40 20 40 30 40 40 40 
1 RRT 1.02402 0.34819 0.42482 362.36 232.41 30 40 10 10 20 10 30 10 40 10 10 20 20 20 30 20 40 20 10 30 20 30 30 30 40 30 10 40 20 40 40 40 
1 RRT 1.38053 0.3621 0.76017 391.11 260.21 30 20 10 10 20 10 30 10 40 10 10 20 20 20 40 20 10 30 20 30 30 30 40 30 10 40 20 40 30 40 40 40 
1 RRT 1.29505 0.43249 0.56003 400.1 258.9 20 10 10 10 30 10 40 10 10 20 20 20 30 20 40 20 10 30 20 30 30 30 40 30 10 40 20 40 30 40 40 40 
1 RRT 1.34039 0.35303 0.73504 419.74 257.64 40 10 10 10 20 10 30 10 10 20 20 20 30 20 40 20 10 30 20 30 30 30 40 30 10 40 20 40 30 40 40 40 
1 RRT 2.44737 0.36484 1.8216 420.22 246.18 30 20 10 10 20 10 30 10 40 10 10 20 20 20 40 20 10 30 20 30 30 30 40 30 10 40 20 40 30 40 40 40 
1 RRT 1.03327 0.34427 0.44417 260.97 171.43 20 20 10 10 20 10 30 10 40 10 10 20 30 20 40 20 10 30 20 30 30 30 40 30 10 40 20 40 30 40 40 40 
1 RRT 1.05229 0.3499 0.45103 286.15 176.58 30 40 10 10 20 10 30 10 40 10 10 20 20 20 30 20 40 20 10 30 20 30 30 30 40 30 10 40 20 40 40 40 
1 RRT 1.52544 0.46267 0.74385 408.13 254.2 20 40 10 10 20 10 30 10 40 10 10 20 20 20 30 20 40 20 10 30 20 30 30 30 40 30 10 40 30 40 40 40 
1 RRT 1.17332 0.3552 0.56451 366.19 211.17 20 20 10 10 20 10 30 10 40 10 10 20 30 20 40 20 10 30 20 30 30 30 40 30 10 40 20 40 30 40 40 40 
1 RRT 1.17878 0.35339 0.57403 376.04 244.71 30 10 10 10 20 10 40 10 10 20 20 20 30 20 40 20 10 30 20 30 30 30 40 30 10 40 20 40 30 40 40 40 
1 RRT 1.00064 0.3465 0.40697 271.49 171.49 20 20 10 10 20 10 30 10 40 10 10 20 30 20 40 20 10 30 20 30 30 30 40 30 10 40 20 40 30 40 40 40 
1 RRT 1.27531 0.35187 0.67174 340.8 206.22 40 20 10 10 20 10 30 10 40 10 10 20 20 20 30 20 10 30 20 30 30 30 40 30 10 40 20 40 30 40 40 40 
1 RRT 1.6584 0.35243 1.0514 345.3 244.96 40 40 10 10 20 10 30 10 40 10 10 20 20 20 30 20 40 20 10 30 20 30 30 30 40 30 10 40 20 40 30 40 
1 RRT 1.03434 0.33979 0.44983 458.77 282.93 10 20 10 10 20 10 30 10 40 10 20 20 30 20 40 20 10 30 20 30 30 30 40 30 10 40 20 40 30 40 40 40 
1 RRT 1.04396 0.35872 0.43028 292.52 170.23 40 10 10 10 20 10 30 10 10 20 20 20 30 20 40 20 10 30 20 30 30 30 40 30 10 40 20 40 30 40 40 40 
1 RRT 1.01577 0.34285 0.42805 392.25 224.48 30 30 10 10 20 10 30 10 40 10 10 20 20 20 30 20 40 20 10 30 20 30 40 30 10 40 20 40 30 40 40 40 
1 RRT 1.31559 0.3448 0.72392 440.56 244.45 20 30 10 10 20 10 30 10 40 10 10 20 20 20 30 20 40 20 10 30 30 30 40 30 10 40 20 40 30 40 40 40 
1 RRT 1.09629 0.3549 0.48617 354.32 228.35 20 40 10 10 20 10 30 10 40 10 10 20 20 20 30 20 40 20 10 30 20 30 30 30 40 30 10 40 30 40 40 40 
1 RRT 1.57766 0.36051 0.96179 299.44 190.44 40 20 10 10 20 10 30 10 40 10 10 20 20 20 30 20 10 30 20 30 30 30 40 30 10 40 20 40 30 40 40 40 
1 RRT 1.53903 0.45942 0.76302 400.33 252.71 30 20 10 10 20 10 30 10 40 10 10 20 20 20 40 20 10 30 20 30 30 30 40 30 10 40 20 40 30 40 40 40 
1 RRT 1.31827 0.44938 0.55688 308.95 193.6 20 30 10 10 20 10 30 10 40 10 10 20 20 20 30 20 40 20 10 30 30 30 40 30 10 40 20 40 30 40 40 40 
1 RRT 1.5477 0.35204 0.94243 417.43 245 20 30 10 10 20 10 30 10 40 10 10 20 20 20 30 20 40 20 10 30 30 30 40 30 10 40 20 40 30 40 40 40 
1 RRT 1.08052 0.35543 0.47203 386.83 261.41 40 20 10 10 20 10 30 10 40 10 10 20 20 20 30 20 10 30 20 30 30 30 40 30 10 40 20 40 30 40 40 40 
1 RRT 1.30885 0.43825 0.56503 436.62 254.07 10 40 10 10 20 10 30 10 40 10 10 20 20 20 30 20 40 20 10 30 20 30 30 30 40 30 20 40 30 40 40 40 
1 RRT 1.01676 0.34375 0.42781 312.65 190.8 30 10 10 10 20 10 40 10 10 20 20 20 30 20 40 20 10 30 20 30 30 30 40 30 10 40 20 40 30 40 40 40 
1 RRT 1.01471 0.34203 0.43106 248.3 144.55 10 20 10 10 20 10 30 10 40 10 20 20 30 20 40 20 10 30 20 30 30 30 40 30 10 40 20 40 30 40 40 40 
1 RRT 1.04658 0.342 0.46315 269.77 171.77 30 30 10 10 20 10 30 10 40 10 10 20 20 20 30 20 40 20 10 30 20 30 40 30 10 40 20 40 30 40 40 40 
1 RRT 1.52683 0.38594 0.85456 416.97 254.99 40 20 10 10 20 10 30 10 40 10 10 20 20 20 30 20 10 30 20 30 30 30 40 30 10 40 20 40 30 40 40 40 
1 RRT 1.19781 0.38393 0.53493 368.63 219.36 40 40 10 10 20 10 30 10 40 10 10 20 20 20 30 20 40 20 10 30 20 30 30 30 40 30 10 40 20 40 30 40 
1 RRT 1.1275 0.3718 0.48169 280.21 176.04 10 20 10 10 20 10 30 10 40 10 20 20 30 20 40 20 10 30 20 30 30 30 40 30 10 40 20 40 30 40 40 40 
1 RRT 1.74007 0.36272 1.118 576.87 338.2 40 10 10 10 20 10 30 10 10 20 20 20 30 20 40 20 10 30 20 30 30 30 40 30 10 40 20 40 30 40 40 40 
1 RRT 2.17154 0.3534 1.5658 452.66 267.08 40 40 10 10 20 10 30 10 40 10 10 20 20 20 30 20 40 20 10 30 20 30 30 30 40 30 10 40 20 40 30 40 
1 RRT 1.14031 0.35362 0.53649 237.11 145.44 40 20 10 10 20 10 30 10 40 10 10 20 20 20 30 20 10 30 20 30 30 30 40 30 10 40 20 40 30 40 40 40 
1 RRT 1.58999 0.4534 0.82278 573.63 349.07 20 20 10 10 20 10 30 10 40 10 10 20 30 20 40 20 10 30 20 30 30 30 40 30 10 40 20 40 30 40 40 40 
1 RRT 1.16498 0.35361 0.55692 416.81 243.63 20 20 10 10 20 10 30 10 40 10 10 20 30 20 40 20 10 30 20 30 30 30 40 30 10 40 20 40 30 40 40 40 
1 RRT 1.04388 0.34515 0.45343 288.64 192.16 20 20 10 10 20 10 30 10 40 10 10 20 30 20 40 20 10 30 20 30 30 30 40 30 10 40 20 40 30 40 40 40 
1 RRT 1.18082 0.3475 0.58416 358.65 231.28 10 30 10 10 20 10 30 10 40 10 10 20 20 20 30 20 40 20 20 30 30 30 40 30 10 40 20 40 30 40 40 40 
1 RRT 1.17821 0.36217 0.55557 393.42 235.41 10 10 20 10 30 10 40 10 10 20 20 20 30 20 40 20 10 30 20 30 30 30 40 30 10 40 20 40 30 40 40 40 
1 RRT 1.08306 0.34707 0.49165 385.47 246.45 10 30 10 10 20 10 30 10 40 10 10 20 20 20 30 20 40 20 20 30 30 30 40 30 10 40 20 40 30 40 40 40 
1 RRT 1.23974 0.43162 0.50457 286.2 174.48 10 10 20 10 30 10 40 10 10 20 20 20 30 20 40 20 10 30 20 30 30 30 40 30 10 40 20 40 30 40 40 40 
1 RRT 1.34362 0.35064 0.74178 405.94 259.68 30 40 10 10 20 10 30 10 40 10 10 20 20 20 30 20 40 20 10 30 20 30 30 30 40 30 10 40 20 40 40 40 
1 RRT 1.37025 0.34523 0.77982 411.22 270.32 30 20 10 10 20 10 30 10 40 10 10 20 20 20 40 20 10 30 20 30 30 30 40 30 10 40 20 40 30 40 40 40 
1 RRT 1.40856 0.34696 0.81434 335.59 218.01 10 40 10 10 20 10 30 10 40 10 10 20 20 20 30 20 40 20 10 30 20 30 30 30 40 30 20 40 30 40 40 40 
1 RRT 1.34345 0.44977 0.57914 291.92 170.85 20 40 10 10 20 10 30 10 40 10 10 20 20 20 30 20 40 20 10 30 20 30 30 30 40 30 10 40 30 40 40 40 
1 RRT 1.04122 0.34705 0.44698 420.56 238.12 10 10 20 10 30 10 40 10 10 20 20 20 30 20 40 20 10 30 20 30 30 30 40 30 10 40 20 40 30 40 40 40 
1 RRT 1.1656 0.34966 0.56661 304.93 182.87 40 40 10 10 20 10 30 10 40 10 10 20 20 20 30 20 40 20 10 30 20 30 30 30 40 30 10 40 20 40 30 40 
1 RRT 1.02773 0.35767 0.41931 293.81 213.09 40 10 10 10 20 10 30 10 10 20 20 20 30 20 40 20 10 30 20 30 30 30 40 30 10 40 20 40 30 40 40 40 
1 RRT 1.02103 0.34252 0.43228 399.25 251.62 40 30 10 10 20 10 30 10 40 10 10 20 20 20 30 20 40 20 10 30 20 30 30 30 10 40 20 40 30 40 40 40 
1 RRT 1.00381 0.33301 0.43248 323.7 185.61 20 20 10 10 20 10 30 10 40 10 10 20 30 20 40 20 10 30 20 30 30 30 40 30 10 40 20 40 30 40 40 40 
1 RRT 1.22384 0.34865 0.62833 423.42 244.27 10 20 10 10 20 10 30 10 40 10 20 20 30 20 40 20 10 30 20 30 30 30 40 30 10 40 20 40 30 40 40 40 
1 RRT 2.05219 0.35645 1.4432 349.31 226.09 20 20 10 10 20 10 30 10 40 10 10 20 30 20 40 20 10 30 20 30 30 30 40 30 10 40 20 40 30 40 40 40 
1 RRT 1.21079 0.3479 0.61267 245.24 156.74 40 40 10 10 20 10 30 10 40 10 10 20 20 20 30 20 40 20 10 30 20 30 30 30 40 30 10 40 20 40 30 40 
1 RRT 1.69907 0.34138 1.1163 363.97 244.79 30 30 10 10 20 10 30 10 40 10 10 20 20 20 30 20 40 20 10 30 20 30 40 30 10 40 20 40 30 40 40 40 
1 RRT 1.24233 0.4388 0.50028 254.37 174.54 10 20 10 10 20 10 30 10 40 10 20 20 30 20 40 20 10 30 20 30 30 30 40 30 10 40 20 40 30 40 40 40 
1 RRT 1.95252 0.44863 1.1904 473.27 294.5 30 30 10 10 20 10 30 10 40 10 10 20 20 20 30 20 40 20 10 30 20 30 40 30 10 40 20 40 30 40 40 40 
1 RRT 1.17056 0.34531 0.58042 423.96 256.01 10 20 10 10 20 10 30 10 40 10 20 20 30 20 40 20 10 30 20 30 30 30 40 30 10 40 20 40 30 40 40 40 
1 RRT 1.44265 0.35167 0.84038 543.39 353.34 40 40 10 10 20 10 30 10 40 10 10 20 20 20 30 20 40 20 10 30 20 30 30 30 40 30 10 40 20 40 30 40 
1 RRT 0.978974 0.33305 0.40846 370.93 236.06 30 10 10 10 20 10 40 10 10 20 20 20 30 20 40 20 10 30 20 30 30 30 40 30 10 40 20 40 30 40 40 40 
1 RRT 1.13771 0.34764 0.5454 451.19 280.78 10 20 10 10 20 10 30 10 40 10 20 20 30 20 40 20 10 30 20 30 30 30 40 30 10 40 20 40 30 40 40 40 
1 RRT 1.06367 0.33983 0.47888 359.26 235.89 40 30 10 10 20 10 30 10 40 10 10 20 20 20 30 20 40 20 10 30 20 30 30 30 10 40 20 40 30 40 40 40 
1 RRT 1.32832 0.35162 0.72401 425.03 281.92 30 10 10 10 20 10 40 10 10 20 20 20 30 20 40 20 10 30 20 30 30 30 40 30 10 40 20 40 30 40 40 40 
1 RRT 1.42705 0.3543 0.81981 432.57 271 20 20 10 10 20 10 30 10 40 10 10 20 30 20 40 20 10 30 20 30 30 30 40 30 10 40 20 40 30 40 40 40 
1 RRT 1.569 0.35062 0.9661 375.69 218.65 30 30 10 10 20 10 30 10 40 10 10 20 20 20 30 20 40 20 10 30 20 30 40 30 10 40 20 40 30 40 40 40 
1 RRT 1.28074 0.35906 0.66633 474.47 304.43 30 30 10 10 20 10 30 10 40 10 10 20 20 20 30 20 40 20 10 30 20 30 40 30 10 40 20 40 30 40 40 40 
1 RRT 1.5113 0.35281 0.90564 592.99 361.14 10 30 10 10 20 10 30 10 40 10 10 20 20 20 30 20 40 20 20 30 30 30 40 30 10 40 20 40 30 40 40 40 
1 RRT 1.04643 0.34589 0.45309 357.63 200.86 10 30 10 10 20 10 30 10 40 10 10 20 20 20 30 20 40 20 20 30 30 30 40 30 10 40 20 40 30 40 40 40 
1 RRT 1.10193 0.36241 0.48168 439.05 271.97 30 30 10 10 20 10 30 10 40 10 10 20 20 20 30 20 40 20 10 30 20 30 40 30 10 40 20 40 30 40 40 40 
1 RRT 1.18443 0.3647 0.56426 346 209.32 10 30 10 10 20 10 30 10 40 10 10 20 20 20 30 20 40 20 20 30 30 30 40 30 10 40 20 40 30 40 40 40 
1 RRT 1.11015 0.34451 0.51946 326.12 207.2 40 10 10 10 20 10 30 10 10 20 20 20 30 20 40 20 10 30 20 30 30 30 40 30 10 40 20 40 30 40 40 40 
1 RRT 1.57564 0.34262 0.9894 459.83 272.26 20 40 10 10 20 10 30 10 40 10 10 20 20 20 30 20 40 20 10 30 20 30 30 30 40 30 10 40 30 40 40 40 
1 RRT 0.978819 0.33998 0.39536 298.09 184.37 40 10 10 10 20 10 30 10 10 20 20 20 30 20 40 20 10 30 20 30 30 30 40 30 10 40 20 40 30 40 40 40 
1 RRT 1.10154 0.35056 0.49903 292.26 187.15 40 20 10 10 20 10 30 10 40 10 10 20 20 20 30 20 10 30 20 30 30 30 40 30 10 40 20 40 30 40 40 40 
1 RRT 1.18106 0.33879 0.59986 247.52 158.87 20 40 10 10 20 10 30 10 40 10 10 20 20 20 30 20 40 20 10 30 20 30 30 30 40 30 10 40 30 40 40 40 
1 RRT 1.19021 0.34252 0.60018 493.05 290.39 40 40 10 10 20 10 30 10 40 10 10 20 20 20 30 20 40 20 10 30 20 30 30 30 40 30 10 40 20 40 30 40 
1 RRT 1.14267 0.35165 0.53554 485.3 283.86 10 40 10 10 20 10 30 10 40 10 10 20 20 20 30 20 40 20 10 30 20 30 30 30 40 30 20 40 30 40 40 40 
1 RRT 1.33541 0.34284 0.74759 430.68 272.64 20 10 10 10 30 10 40 10 10 20 20 20 30 20 40 20 10 30 20 30 30 30 40 30 10 40 20 40 30 40 40 40 
0 RRT 10.7029 0.33802 10.123 0 -1 40 40 10 10 20 10 30 10 40 10 10 20 20 20 30 20 40 20 10 30 20 30 30 30 40 30 10 40 20 40 30 40 
1 RRT 1.41718 0.44795 0.65659 303.68 197.1 20 10 10 10 30 10 40 10 10 20 20 20 30 20 40 20 10 30 20 30 30 30 40 30 10 40 20 40 30 40 40 40 
1 RRT 1.05577 0.33766 0.47762 368.94 244.46 30 40 10 10 20 10 30 10 40 10 10 20 20 20 30 20 40 20 10 30 20 30 30 30 40 30 10 40 20 40 40 40 
1 RRT 2.59068 0.34781 1.9969 659.07 334.32 30 10 10 10 20 10 40 10 10 20 20 20 30 20 40 20 10 30 20 30 30 30 40 30 10 40 20 40 30 40 40 40 
1 RRT 1.18036 0.35582 0.56833 264.72 158.28 20 30 10 10 20 10 30 10 40 10 10 20 20 20 30 20 40 20 10 30 30 30 40 30 10 40 20 40 30 40 40 40 
1 RRT 1.46541 0.35367 0.85975 476.32 315.07 20 30 10 10 20 10 30 10 40 10 10 20 20 20 30 20 40 20 10 30 30 30 40 30 10 40 20 40 30 40 40 40 
1 RRT 0.993379 0.33974 0.40873 310.85 187.97 30 20 10 10 20 10 30 10 40 10 10 20 20 20 40 20 10 30 20 30 30 30 40 30 10 40 20 40 30 40 40 40 
1 RRT 2.12813 0.35758 1.5204 271.17 160.66 40 20 10 10 20 10 30 10 40 10 10 20 20 20 30 20 10 30 20 30 30 30 40 30 10 40 20 40 30 40 40 40 
1 RRT 1.24722 0.36167 0.61911 454.84 260.27 20 10 10 10 30 10 40 10 10 20 20 20 30 20 40 20 10 30 20 30 30 30 40 30 10 40 20 40 30 40 40 40 
1 RRT 1.02515 0.34254 0.43717 270.18 170.17 30 20 10 10 20 10 30 10 40 10 10 20 20 20 40 20 10 30 20 30 30 30 40 30 10 40 20 40 30 40 40 40 
1 RRT 1.33208 0.37259 0.6885 438 263.87 30 20 10 10 20 10 30 10 40 10 10 20 20 20 40 20 10 30 20 30 30 30 40 30 10 40 20 40 30 40 40 40 
1 RRT 1.925 0.36891 1.2842 413.21 257.06 30 10 10 10 20 10 40 10 10 20 20 20 30 20 40 20 10 30 20 30 30 30 40 30 10 40 20 40 30 40 40 40 
1 RRT 1.34402 0.43973 0.59809 328.98 200.37 30 10 10 10 20 10 40 10 10 20 20 20 30 20 40 20 10 30 20 30 30 30 40 30 10 40 20 40 30 40 40 40 
1 RRT 1.02516 0.34159 0.43743 336.83 196.66 30 20 10 10 20 10 30 10 40 10 10 20 20 20 40 20 10 30 20 30 30 30 40 30 10 40 20 40 30 40 40 40 
1 RRT 1.81543 0.35902 1.2027 435.83 284.53 30 20 10 10 20 10 30 10 40 10 10 20 20 20 40 20 10 30 20 30 30 30 40 30 10 40 20 40 30 40 40 40 
1 RRT 0.988035 0.34006 0.40684 341.62 237 40 20 10 10 20 10 30 10 40 10 10 20 20 20 30 20 10 30 20 30 30 30 40 30 10 40 20 40 30 40 40 40 
1 RRT 1.10523 0.34648 0.5138 333.01 201.58 40 40 10 10 20 10 30 10 40 10 10 20 20 20 30 20 40 20 10 30 20 30 30 30 40 30 10 40 20 40 30 40 
1 RRT 1.26978 0.35692 0.65627 306.54 191.99 10 10 20 10 30 10 40 10 10 20 20 20 30 20 40 20 10 30 20 30 30 30 40 30 10 40 20 40 30 40 40 40 
1 RRT 1.2517 0.36401 0.62932 311.63 208.63 10 10 20 10 30 10 40 10 10 20 20 20 30 20 40 20 10 30 20 30 30 30 40 30 10 40 20 40 30 40 40 40 
1 RRT 1.18991 0.34622 0.59764 372 233.07 20 40 10 10 20 10 30 10 40 10 10 20 20 20 30 20 40 20 10 30 20 30 30 30 40 30 10 40 30 40 40 40 
1 RRT 1.10239 0.34436 0.51436 335.67 223.13 30 20 10 10 20 10 30 10 40 10 10 20 20 20 40 20 10 30 20 30 30 30 40 30 10 40 20 40 30 40 40 40 
1 RRT 2.22707 0.35593 1.6179 328.18 226.53 10 30 10 10 20 10 30 10 40 10 10 20 20 20 30 20 40 20 20 30 30 30 40 30 10 40 20 40 30 40 40 40 
1 RRT 1.23882 0.43607 0.49773 293.48 183.27 20 10 10 10 30 10 40 10 10 20 20 20 30 20 40 20 10 30 20 30 30 30 40 30 10 40 20 40 30 40 40 40 
1 RRT 1.06757 0.33959 0.48516 383.36 225.27 30 30 10 10 20 10 30 10 40 10 10 20 20 20 30 20 40 20 10 30 20 30 40 30 10 40 20 40 30 40 40 40 
1 RRT 0.982179 0.34224 0.39399 268.72 166.51 10 20 10 10 20 10 30 10 40 10 20 20 30 20 40 20 10 30 20 30 30 30 40 30 10 40 20 40 30 40 40 40 
1 RRT 1.13437 0.35183 0.53097 337.06 217.61 40 30 10 10 20 10 30 10 40 10 10 20 20 20 30 20 40 20 10 30 20 30 30 30 10 40 20 40 30 40 40 40 
1 RRT 1.05781 0.34547 0.46581 365.01 218.42 20 40 10 10 20 10 30 10 40 10 10 20 20 20 30 20 40 20 10 30 20 30 30 30 40 30 10 40 30 40 40 40 
1 RRT 1.15248 0.35017 0.54903 464.64 271.74 10 10 20 10 30 10 40 10 10 20 20 20 30 20 40 20 10 30 20 30 30 30 40 30 10 40 20 40 30 40 40 40 
1 RRT 1.13837 0.33899 0.55679 337.44 221.17 40 30 10 10 20 10 30 10 40 10 10 20 20 20 30 20 40 20 10 30 20 30 30 30 10 40 20 40 30 40 40 40 
1 RRT 1.10717 0.36713 0.47697 241.46 155.48 30 20 10 10 20 10 30 10 40 10 10 20 20 20 40 20 10 30 20 30 30 30 40 30 10 40 20 40 30 40 40 40 
1 RRT 1.38799 0.46578 0.59702 514.49 300.11 40 40 10 10 20 10 30 10 40 10 10 20 20 20 30 20 40 20 10 30 20 30 30 30 40 30 10 40 20 40 30 40 
1 RRT 1.25075 0.3584 0.63572 292.96 188.4 20 40 10 10 20 10 30 10 40 10 10 20 20 20 30 20 40 20 10 30 20 30 30 30 40 30 10 40 30 40 40 40 
1 RRT 1.12144 0.35473 0.51559 587.83 348.7 10 10 20 10 30 10 40 10 10 20 20 20 30 20 40 20 10 30 20 30 30 30 40 30 10 40 20 40 30 40 40 40 
1 RRT 1.02691 0.35464 0.41847 366.08 234.96 40 40 10 10 20 10 30 10 40 10 10 20 20 20 30 20 40 20 10 30 20 30 30 30 40 30 10 40 20 40 30 40 
1 RRT 1.37258 0.35621 0.76098 255.95 156.44 40 40 10 10 20 10 30 10 40 10 10 20 20 20 30 20 40 20 10 30 20 30 30 30 40 30 10 40 20 40 30 40 
1 RRT 1.47974 0.36266 0.85903 274.64 172.63 10 10 20 10 30 10 40 10 10 20 20 20 30 20 40 20 10 30 20 30 30 30 40 30 10 40 20 40 30 40 40 40 
1 RRT 1.06086 0.34815 0.46228 284.14 168.94 40 30 10 10 20 10 30 10 40 10 10 20 20 20 30 20 40 20 10 30 20 30 30 30 10 40 20 40 30 40 40 40 
1 RRT 1.02942 0.35731 0.41611 264.26 164.72 20 20 10 10 20 10 30 10 40 10 10 20 30 20 40 20 10 30 20 30 30 30 40 30 10 40 20 40 30 40 40 40 
1 RRT 1.11283 0.37096 0.48555 266.31 159.83 40 40 10 10 20 10 30 10 40 10 10 20 20 20 30 20 40 20 10 30 20 30 30 30 40 30 10 40 20 40 30 40 
1 RRT 1.07863 0.34957 0.47817 301.95 188.24 20 40 10 10 20 10 30 10 40 10 10 20 20 20 30 20 40 20 10 30 20 30 30 30 40 30 10 40 30 40 40 40 
1 RRT 1.19359 0.35416 0.58421 425.12 266.28 40 40 10 10 20 10 30 10 40 10 10 20 20 20 30 20 40 20 10 30 20 30 30 30 40 30 10 40 20 40 30 40 
1 RRT 1.41921 0.35298 0.81514 356.47 238.01 30 40 10 10 20 10 30 10 40 10 10 20 20 20 30 20 40 20 10 30 20 30 30 30 40 30 10 40 20 40 40 40 
1 RRT 1.03874 0.34417 0.45018 395.01 226.56 40 40 10 10 20 10 30 10 40 10 10 20 20 20 30 20 40 20 10 30 20 30 30 30 40 30 10 40 20 40 30 40 
1 RRT 1.57205 0.34972 0.97694 238.4 140.84 20 20 10 10 20 10 30 10 40 10 10 20 30 20 40 20 10 30 20 30 30 30 40 30 10 40 20 40 30 40 40 40 
1 RRT 1.48579 0.35995 0.8717 332.39 203.87 10 30 10 10 20 10 30 10 40 10 10 20 20 20 30 20 40 20 20 30 30 30 40 30 10 40 20 40 30 40 40 40 
1 RRT 1.4455 0.46483 0.65472 338.83 214.9 10 20 10 10 20 10 30 10 40 10 20 20 30 20 40 20 10 30 20 30 30 30 40 30 10 40 20 40 30 40 40 40 
1 RRT 1.07939 0.34767 0.48667 473.37 278.02 40 10 10 10 20 10 30 10 10 20 20 20 30 20 40 20 10 30 20 30 30 30 40 30 10 40 20 40 30 40 40 40 
1 RRT 1.13987 0.35472 0.53283 334.4 199.79 40 20 10 10 20 10 30 10 40 10 10 20 20 20 30 20 10 30 20 30 30 30 40 30 10 40 20 40 30 40 40 40 
0 RRT 10.6739 0.34109 10.091 0 -1 20 30 10 10 20 10 30 10 40 10 10 20 20 20 30 20 40 20 10 30 30 30 40 30 10 40 20 40 30 40 40 40 
1 RRT 1.26378 0.36239 0.64539 343.87 237.28 40 20 10 10 20 10 30 10 40 10 10 20 20 20 30 20 10 30 20 30 30 30 40 30 10 40 20 40 30 40 40 40 
1 RRT 1.09122 0.35409 0.48333 318.91 177.99 40 40 10 10 20 10 30 10 40 10 10 20 20 20 30 20 40 20 10 30 20 30 30 30 40 30 10 40 20 40 30 40 
1 RRT 1.09317 0.34282 0.50514 348.89 199.28 10 10 20 10 30 10 40 10 10 20 20 20 30 20 40 20 10 30 20 30 30 30 40 30 10 40 20 40 30 40 40 40 
1 RRT 1.05374 0.35394 0.44756 318.74 191.03 40 30 10 10 20 10 30 10 40 10 10 20 20 20 30 20 40 20 10 30 20 30 30 30 10 40 20 40 30 40 40 40 
1 RRT 1.78061 0.34771 1.1861 525.83 318.53 20 20 10 10 20 10 30 10 40 10 10 20 30 20 40 20 10 30 20 30 30 30 40 30 10 40 20 40 30 40 40 40 
1 RRT 1.01071 0.34958 0.41018 252.5 141.74 10 10 20 10 30 10 40 10 10 20 20 20 30 20 40 20 10 30 20 30 30 30 40 30 10 40 20 40 30 40 40 40 
1 RRT 1.0669 0.35514 0.4565 263.74 203.02 10 40 10 10 20 10 30 10 40 10 10 20 20 20 30 20 40 20 10 30 20 30 30 30 40 30 20 40 30 40 40 40 
1 RRT 1.14483 0.34006 0.56027 368.6 243.5 10 30 10 10 20 10 30 10 40 10 10 20 20 20 30 20 40 20 20 30 30 30 40 30 10 40 20 40 30 40 40 40 
1 RRT 1.95083 0.35274 1.349 342.95 197.89 10 20 10 10 20 10 30 10 40 10 20 20 30 20 40 20 10 30 20 30 30 30 40 30 10 40 20 40 30 40 40 40 
1 RRT 2.11366 0.34611 1.5168 525.17 332.68 30 40 10 10 20 10 30 10 40 10 10 20 20 20 30 20 40 20 10 30 20 30 30 30 40 30 10 40 20 40 40 40 
1 RRT 0.99365 0.34716 0.39982 226.3 139.49 10 20 10 10 20 10 30 10 40 10 20 20 30 20 40 20 10 30 20 30 30 30 40 30 10 40 20 40 30 40 40 40 
1 RRT 1.29897 0.35223 0.69895 516.5 308.81 10 20 10 10 20 10 30 10 40 10 20 20 30 20 40 20 10 30 20 30 30 30 40 30 10 40 20 40 30 40 40 40 
1 RRT 1.07474 0.35677 0.46854 304.73 209.25 10 20 10 10 20 10 30 10 40 10 20 20 30 20 40 20 10 30 20 30 30 30 40 30 10 40 20 40 30 40 40 40 
1 RRT 1.02146 0.35122 0.42061 290.05 178.63 40 30 10 10 20 10 30 10 40 10 10 20 20 20 30 20 40 20 10 30 20 30 30 30 10 40 20 40 30 40 40 40 
1 RRT 1.10215 0.35104 0.50464 243.03 166.84 30 40 10 10 20 10 30 10 40 10 10 20 20 20 30 20 40 20 10 30 20 30 30 30 40 30 10 40 20 40 40 40 
1 RRT 0.978531 0.33377 0.40334 283.84 174.33 10 40 10 10 20 10 30 10 40 10 10 20 20 20 30 20 40 20 10 30 20 30 30 30 40 30 20 40 30 40 40 40 
1 RRT 1.11648 0.34987 0.51695 493.88 274.01 40 10 10 10 20 10 30 10 10 20 20 20 30 20 40 20 10 30 20 30 30 30 40 30 10 40 20 40 30 40 40 40 
1 RRT 1.52597 0.35255 0.92328 480.43 274.91 40 40 10 10 20 10 30 10 40 10 10 20 20 20 30 20 40 20 10 30 20 30 30 30 40 30 10 40 20 40 30 40 
1 RRT 1.0111 0.34693 0.41449 225.25 140.94 40 40 10 10 20 10 30 10 40 10 10 20 20 20 30 20 40 20 10 30 20 30 30 30 40 30 10 40 20 40 30 40 
1 RRT 1.25847 0.44569 0.5019 282.42 169.01 10 30 10 10 20 10 30 10 40 10 10 20 20 20 30 20 40 20 20 30 30 30 40 30 10 40 20 40 30 40 40 40 
1 RRT 1.00801 0.34166 0.42587 383.62 260.74 40 20 10 10 20 10 30 10 40 10 10 20 20 20 30 20 10 30 20 30 30 30 40 30 10 40 20 40 30 40 40 40 
1 RRT 1.04291 0.34204 0.45494 480.14 298.03 30 10 10 10 20 10 40 10 10 20 20 20 30 20 40 20 10 30 20 30 30 30 40 30 10 40 20 40 30 40 40 40 
1 RRT 1.29757 0.3472 0.7036 497.64 297.95 20 30 10 10 20 10 30 10 40 10 10 20 20 20 30 20 40 20 10 30 30 30 40 30 10 40 20 40 30 40 40 40 
1 RRT 1.01454 0.34298 0.42717 358.29 216.33 40 30 10 10 20 10 30 10 40 10 10 20 20 20 30 20 40 20 10 30 20 30 30 30 10 40 20 40 30 40 40 40 
1 RRT 1.09177 0.34716 0.49619 355.06 221.31 20 40 10 10 20 10 30 10 40 10 10 20 20 20 30 20 40 20 10 30 20 30 30 30 40 30 10 40 30 40 40 40 
1 RRT 1.30852 0.44528 0.55189 233.48 142.96 30 20 10 10 20 10 30 10 40 10 10 20 20 20 40 20 10 30 20 30 30 30 40 30 10 40 20 40 30 40 40 40 
1 RRT 1.03055 0.34209 0.4441 261.62 149.87 10 10 20 10 30 10 40 10 10 20 20 20 30 20 40 20 10 30 20 30 30 30 40 30 10 40 20 40 30 40 40 40 
1 RRT 1.18331 0.35496 0.57691 514.09 327 20 10 10 10 30 10 40 10 10 20 20 20 30 20 40 20 10 30 20 30 30 30 40 30 10 40 20 40 30 40 40 40 
1 RRT 1.08905 0.34002 0.50656 337.16 189.09 40 30 10 10 20 10 30 10 40 10 10 20 20 20 30 20 40 20 10 30 20 30 30 30 10 40 20 40 30 40 40 40 
1 RRT 1.06028 0.34636 0.46483 350.78 215.12 20 20 10 10 20 10 30 10 40 10 10 20 30 20 40 20 10 30 20 30 30 30 40 30 10 40 20 40 30 40 40 40 
1 RRT 1.19744 0.34748 0.60192 353.23 205.5 40 30 10 10 20 10 30 10 40 10 10 20 20 20 30 20 40 20 10 30 20 30 30 30 10 40 20 40 30 40 40 40 
1 RRT 1.05265 0.35044 0.45136 336.07 207.61 20 10 10 10 30 10 40 10 10 20 20 20 30 20 40 20 10 30 20 30 30 30 40 30 10 40 20 40 30 40 40 40 
1 RRT 1.15111 0.34511 0.55536 301.83 206.65 20 10 10 10 30 10 40 10 10 20 20 20 30 20 40 20 10 30 20 30 30 30 40 30 10 40 20 40 30 40 40 40 
1 RRT 1.15529 0.3404 0.56945 311.46 192.75 10 40 10 10 20 10 30 10 40 10 10 20 20 20 30 20 40 20 10 30 20 30 30 30 40 30 20 40 30 40 40 40 
1 RRT 1.15826 0.34575 0.56811 317.85 214.63 40 10 10 10 20 10 30 10 10 20 20 20 30 20 40 20 10 30 20 30 30 30 40 30 10 40 20 40 30 40 40 40 
1 RRT 1.37633 0.4507 0.6076 343.86 198.93 30 10 10 10 20 10 40 10 10 20 20 20 30 20 40 20 10 30 20 30 30 30 40 30 10 40 20 40 30 40 40 40 
1 RRT 1.04109 0.3695 0.40571 181.92 106.96 30 20 10 10 20 10 30 10 40 10 10 20 20 20 40 20 10 30 20 30 30 30 40 30 10 40 20 40 30 40 40 40 
1 RRT 1.46768 0.36364 0.84349 219.67 134.34 30 40 10 10 20 10 30 10 40 10 10 20 20 20 30 20 40 20 10 30 20 30 30 30 40 30 10 40 20 40 40 40 
1 RRT 1.75801 0.34318 1.168 408.31 269.43 40 10 10 10 20 10 30 10 10 20 20 20 30 20 40 20 10 30 20 30 30 30 40 30 10 40 20 40 30 40 40 40 
1 RRT 1.14447 0.3699 0.50856 442.34 278.58 20 10 10 10 30 10 40 10 10 20 20 20 30 20 40 20 10 30 20 30 30 30 40 30 10 40 20 40 30 40 40 40 
1 RRT 1.56942 0.44428 0.81183 537.85 357.2 10 20 10 10 20 10 30 10 40 10 20 20 30 20 40 20 10 30 20 30 30 30 40 30 10 40 20 40 30 40 40 40 
0 RRT 10.5882 0.34101 10.002 0 -1 40 40 10 10 20 10 30 10 40 10 10 20 20 20 30 20 40 20 10 30 20 30 30 30 40 30 10 40 20 40 30 40 
1 RRT 1.14629 0.35351 0.53953 363.28 158.75 40 30 10 10 20 10 30 10 40 10 10 20 20 20 30 20 40 20 10 30 20 30 30 30 10 40 20 40 30 40 40 40 
1 RRT 1.20591 0.34493 0.61309 425.01 268.63 40 30 10 10 20 10 30 10 40 10 10 20 20 20 30 20 40 20 10 30 20 30 30 30 10 40 20 40 30 40 40 40 
1 RRT 1.08605 0.36201 0.46572 296.27 174.89 10 40 10 10 20 10 30 10 40 10 10 20 20 20 30 20 40 20 10 30 20 30 30 30 40 30 20 40 30 40 40 40 
1 RRT 1.41466 0.34428 0.82529 421.22 274.64 20 30 10 10 20 10 30 10 40 10 10 20 20 20 30 20 40 20 10 30 30 30 40 30 10 40 20 40 30 40 40 40 
1 RRT 2.00976 0.35826 1.3988 399.21 247.89 40 40 10 10 20 10 30 10 40 10 10 20 20 20 30 20 40 20 10 30 20 30 30 30 40 30 10 40 20 40 30 40 
1 RRT 1.03611 0.34571 0.44322 294.85 181.41 10 10 20 10 30 10 40 10 10 20 20 20 30 20 40 20 10 30 20 30 30 30 40 30 10 40 20 40 30 40 40 40 
1 RRT 1.14903 0.37725 0.49496 508.87 291.86 10 20 10 10 20 10 30 10 40 10 20 20 30 20 40 20 10 30 20 30 30 30 40 30 10 40 20 40 30 40 40 40 
1 RRT 3.15792 0.46024 2.3776 562.04 359.39 40 20 10 10 20 10 30 10 40 10 10 20 20 20 30 20 10 30 20 30 30 30 40 30 10 40 20 40 30 40 40 40 
1 RRT 1.06788 0.35055 0.46714 275.83 177.93 30 20 10 10 20 10 30 10 40 10 10 20 20 20 40 20 10 30 20 30 30 30 40 30 10 40 20 40 30 40 40 40 
1 RRT 1.23508 0.35687 0.61533 521.68 311.9 20 10 10 10 30 10 40 10 10 20 20 20 30 20 40 20 10 30 20 30 30 30 40 30 10 40 20 40 30 40 40 40 
1 RRT 1.7826 0.36195 1.1632 325.2 196.03 20 10 10 10 30 10 40 10 10 20 20 20 30 20 40 20 10 30 20 30 30 30 40 30 10 40 20 40 30 40 40 40 
1 RRT 1.3391 0.45833 0.557 364.71 211.06 20 10 10 10 30 10 40 10 10 20 20 20 30 20 40 20 10 30 20 30 30 30 40 30 10 40 20 40 30 40 40 40 
1 RRT 1.75814 0.45947 0.97841 347.88 218.12 10 40 10 10 20 10 30 10 40 10 10 20 20 20 30 20 40 20 10 30 20 30 30 30 40 30 20 40 30 40 40 40 
1 RRT 2.63157 0.45973 1.8515 382.5 217.08 40 20 10 10 20 10 30 10 40 10 10 20 20 20 30 20 10 30 20 30 30 30 40 30 10 40 20 40 30 40 40 40 
1 RRT 1.64569 0.45704 0.8661 444.29 230.44 10 40 10 10 20 10 30 10 40 10 10 20 20 20 30 20 40 20 10 30 20 30 30 30 40 30 20 40 30 40 40 40 
1 RRT 1.34668 0.35846 0.73172 361.41 257.47 10 10 20 10 30 10 40 10 10 20 20 20 30 20 40 20 10 30 20 30 30 30 40 30 10 40 20 40 30 40 40 40 
1 RRT 1.01675 0.33608 0.43738 362 216.31 40 40 10 10 20 10 30 10 40 10 10 20 20 20 30 20 40 20 10 30 20 30 30 30 40 30 10 40 20 40 30 40 
1 RRT 1.33695 0.44631 0.5787 478.82 304.94 10 20 10 10 20 10 30 10 40 10 20 20 30 20 40 20 10 30 20 30 30 30 40 30 10 40 20 40 30 40 40 40 
1 RRT 1.53221 0.44559 0.77803 415.45 264.22 20 40 10 10 20 10 30 10 40 10 10 20 20 20 30 20 40 20 10 30 20 30 30 30 40 30 10 40 30 40 40 40 
0 RRT 10.8945 0.46438 10.11 0 -1 10 10 20 10 30 10 40 10 10 20 20 20 30 20 40 20 10 30 20 30 30 30 40 30 10 40 20 40 30 40 40 40 
1 RRT 1.06513 0.35256 0.4586 319.7 192.26 10 40 10 10 20 10 30 10 40 10 10 20 20 20 30 20 40 20 10 30 20 30 30 30 40 30 20 40 30 40 40 40 
1 RRT 1.23904 0.35277 0.63238 325.53 214.24 20 20 10 10 20 10 30 10 40 10 10 20 30 20 40 20 10 30 20 30 30 30 40 30 10 40 20 40 30 40 40 40 
1 RRT 1.25769 0.3447 0.66569 420.89 279.81 30 40 10 10 20 10 30 10 40 10 10 20 20 20 30 20 40 20 10 30 20 30 30 30 40 30 10 40 20 40 40 40 
1 RRT 1.08678 0.3447 0.49286 421.52 237.41 20 40 10 10 20 10 30 10 40 10 10 20 20 20 30 20 40 20 10 30 20 30 30 30 40 30 10 40 30 40 40 40 
1 RRT 1.02438 0.34443 0.43159 297.87 173.48 10 20 10 10 20 10 30 10 40 10 20 20 30 20 40 20 10 30 20 30 30 30 40 30 10 40 20 40 30 40 40 40 
1 RRT 1.12965 0.34267 0.54021 369.59 245.85 20 40 10 10 20 10 30 10 40 10 10 20 20 20 30 20 40 20 10 30 20 30 30 30 40 30 10 40 30 40 40 40 
1 RRT 1.34186 0.34649 0.74636 399.14 271.99 30 30 10 10 20 10 30 10 40 10 10 20 20 20 30 20 40 20 10 30 20 30 40 30 10 40 20 40 30 40 40 40 
1 RRT 1.3432 0.34586 0.75363 448.67 275.53 40 40 10 10 20 10 30 10 40 10 10 20 20 20 30 20 40 20 10 30 20 30 30 30 40 30 10 40 20 40 30 40 
1 RRT 1.12866 0.34923 0.53246 316.36 192 40 40 10 10 20 10 30 10 40 10 10 20 20 20 30 20 40 20 10 30 20 30 30 30 40 30 10 40 20 40 30 40 
1 RRT 1.06053 0.36208 0.4423 421.27 285.79 40 10 10 10 20 10 30 10 10 20 20 20 30 20 40 20 10 30 20 30 30 30 40 30 10 40 20 40 30 40 40 40 
1 RRT 0.98642 0.34073 0.4019 341.99 198.59 40 30 10 10 20 10 30 10 40 10 10 20 20 20 30 20 40 20 10 30 20 30 30 30 10 40 20 40 30 40 40 40 
1 RRT 2.77197 0.35539 2.1641 368.75 225.92 40 30 10 10 20 10 30 10 40 10 10 20 20 20 30 20 40 20 10 30 20 30 30 30 10 40 20 40 30 40 40 40 
1 RRT 1.16586 0.34233 0.57766 329.93 208.53 20 20 10 10 20 10 30 10 40 10 10 20 30 20 40 20 10 30 20 30 30 30 40 30 10 40 20 40 30 40 40 40 
1 RRT 1.03441 0.35061 0.43336 240.2 149.34 40 10 10 10 20 10 30 10 10 20 20 20 30 20 40 20 10 30 20 30 30 30 40 30 10 40 20 40 30 40 40 40 
1 RRT 1.10733 0.34441 0.51624 460.59 274.85 10 30 10 10 20 10 30 10 40 10 10 20 20 20 30 20 40 20 20 30 30 30 40 30 10 40 20 40 30 40 40 40 
1 RRT 1.36476 0.35307 0.76221 426 261.81 40 10 10 10 20 10 30 10 10 20 20 20 30 20 40 20 10 30 20 30 30 30 40 30 10 40 20 40 30 40 40 40 
1 RRT 1.19221 0.34337 0.60304 337.74 200.14 30 10 10 10 20 10 40 10 10 20 20 20 30 20 40 20 10 30 20 30 30 30 40 30 10 40 20 40 30 40 40 40 
1 RRT 1.02378 0.34309 0.434 310.94 185.9 10 20 10 10 20 10 30 10 40 10 20 20 30 20 40 20 10 30 20 30 30 30 40 30 10 40 20 40 30 40 40 40 
1 RRT 1.3365 0.34206 0.74805 329.56 217.99 20 10 10 10 30 10 40 10 10 20 20 20 30 20 40 20 10 30 20 30 30 30 40 30 10 40 20 40 30 40 40 40 
1 RRT 1.37582 0.35113 0.77534 459.26 271.75 40 30 10 10 20 10 30 10 40 10 10 20 20 20 30 20 40 20 10 30 20 30 30 30 10 40 20 40 30 40 40 40 
1 RRT 1.20723 0.33876 0.62408 356.27 232.72 10 30 10 10 20 10 30 10 40 10 10 20 20 20 30 20 40 20 20 30 30 30 40 30 10 40 20 40 30 40 40 40 
1 RRT 1.05368 0.36228 0.43664 288.23 176.58 30 30 10 10 20 10 30 10 40 10 10 20 20 20 30 20 40 20 10 30 20 30 40 30 10 40 20 40 30 40 40 40 
1 RRT 1.20431 0.34675 0.61113 366.24 251.6 30 10 10 10 20 10 40 10 10 20 20 20 30 20 40 20 10 30 20 30 30 30 40 30 10 40 20 40 30 40 40 40 
1 RRT 3.13622 0.35561 2.5276 432.95 263.26 10 30 10 10 20 10 30 10 40 10 10 20 20 20 30 20 40 20 20 30 30 30 40 30 10 40 20 40 30 40 40 40 
1 RRT 1.09079 0.35325 0.48415 430.03 261.49 10 20 10 10 20 10 30 10 40 10 20 20 30 20 40 20 10 30 20 30 30 30 40 30 10 40 20 40 30 40 40 40 
1 RRT 1.13576 0.34936 0.53526 525.56 312.87 30 20 10 10 20 10 30 10 40 10 10 20 20 20 40 20 10 30 20 30 30 30 40 30 10 40 20 40 30 40 40 40 
1 RRT 1.06761 0.35579 0.4602 358.81 245.78 30 20 10 10 20 10 30 10 40 10 10 20 20 20 40 20 10 30 20 30 30 30 40 30 10 40 20 40 30 40 40 40 
1 RRT 1.24965 0.34938 0.65229 349.91 198.72 20 40 10 10 20 10 30 10 40 10 10 20 20 20 30 20 40 20 10 30 20 30 30 30 40 30 10 40 30 40 40 40 
1 RRT 1.02646 0.34334 0.43549 333.81 194.05 10 30 10 10 20 10 30 10 40 10 10 20 20 20 30 20 40 20 20 30 30 30 40 30 10 40 20 40 30 40 40 40 
1 RRT 1.47111 0.35997 0.85509 318.76 202.79 40 40 10 10 20 10 30 10 40 10 10 20 20 20 30 20 40 20 10 30 20 30 30 30 40 30 10 40 20 40 30 40 
1 RRT 1.29606 0.3497 0.69897 411.8 286.41 40 10 10 10 20 10 30 10 10 20 20 20 30 20 40 20 10 30 20 30 30 30 40 30 10 40 20 40 30 40 40 40 
1 RRT 1.73306 0.34269 1.1491 514.38 312.03 20 30 10 10 20 10 30 10 40 10 10 20 20 20 30 20 40 20 10 30 30 30 40 30 10 40 20 40 30 40 40 40 
1 RRT 1.15651 0.34671 0.5648 476.28 286.2 30 20 10 10 20 10 30 10 40 10 10 20 20 20 40 20 10 30 20 30 30 30 40 30 10 40 20 40 30 40 40 40 
1 RRT 1.07152 0.34535 0.47776 395.43 238.35 10 20 10 10 20 10 30 10 40 10 20 20 30 20 40 20 10 30 20 30 30 30 40 30 10 40 20 40 30 40 40 40 
1 RRT 1.73385 0.33928 1.1535 453.73 289.16 20 20 10 10 20 10 30 10 40 10 10 20 30 20 40 20 10 30 20 30 30 30 40 30 10 40 20 40 30 40 40 40 
1 RRT 1.10761 0.34922 0.5079 260 189.27 30 30 10 10 20 10 30 10 40 10 10 20 20 20 30 20 40 20 10 30 20 30 40 30 10 40 20 40 30 40 40 40 
1 RRT 1.6043 0.38898 0.93032 383.68 221 30 30 10 10 20 10 30 10 40 10 10 20 20 20 30 20 40 20 10 30 20 30 40 30 10 40 20 40 30 40 40 40 
1 RRT 1.11569 0.35196 0.51477 289.16 166.45 10 30 10 10 20 10 30 10 40 10 10 20 20 20 30 20 40 20 20 30 30 30 40 30 10 40 20 40 30 40 40 40 
1 RRT 1.1131 0.35745 0.50037 283.06 168.68 10 40 10 10 20 10 30 10 40 10 10 20 20 20 30 20 40 20 10 30 20 30 30 30 40 30 20 40 30 40 40 40 
1 RRT 1.05086 0.3542 0.44473 402.74 248.18 20 10 10 10 30 10 40 10 10 20 20 20 30 20 40 20 10 30 20 30 30 30 40 30 10 40 20 40 30 40 40 40 
1 RRT 1.21593 0.35735 0.60155 470.96 273.51 20 10 10 10 30 10 40 10 10 20 20 20 30 20 40 20 10 30 20 30 30 30 40 30 10 40 20 40 30 40 40 40 
1 RRT 1.05372 0.35254 0.44851 268.87 148.17 30 40 10 10 20 10 30 10 40 10 10 20 20 20 30 20 40 20 10 30 20 30 30 30 40 30 10 40 20 40 40 40 
1 RRT 1.10316 0.35527 0.49529 317.51 192.2 10 30 10 10 20 10 30 10 40 10 10 20 20 20 30 20 40 20 20 30 30 30 40 30 10 40 20 40 30 40 40 40 
1 RRT 1.5096 0.35736 0.89822 562.07 336.46 10 20 10 10 20 10 30 10 40 10 20 20 30 20 40 20 10 30 20 30 30 30 40 30 10 40 20 40 30 40 40 40 
1 RRT 1.08009 0.35462 0.47467 338.07 189.22 30 10 10 10 20 10 40 10 10 20 20 20 30 20 40 20 10 30 20 30 30 30 40 30 10 40 20 40 30 40 40 40 
1 RRT 1.2756 0.36106 0.65977 402.42 276.82 10 40 10 10 20 10 30 10 40 10 10 20 20 20 30 20 40 20 10 30 20 30 30 30 40 30 20 40 30 40 40 40 
1 RRT 1.09604 0.34814 0.49821 303.22 184.21 20 40 10 10 20 10 30 10 40 10 10 20 20 20 30 20 40 20 10 30 20 30 30 30 40 30 10 40 30 40 40 40 
1 RRT 1.3879 0.3522 0.78526 491.8 320.7 10 10 20 10 30 10 40 10 10 20 20 20 30 20 40 20 10 30 20 30 30 30 40 30 10 40 20 40 30 40 40 40 
1 RRT 1.35145 0.3522 0.7436 306.32 200.89 30 20 10 10 20 10 30 10 40 10 10 20 20 20 40 20 10 30 20 30 30 30 40 30 10 40 20 40 30 40 40 40 
1 RRT 1.13935 0.35035 0.53851 344.69 220.44 40 20 10 10 20 10 30 10 40 10 10 20 20 20 30 20 10 30 20 30 30 30 40 30 10 40 20 40 30 40 40 40 
1 RRT 1.09211 0.3603 0.47606 314.68 206 10 30 10 10 20 10 30 10 40 10 10 20 20 20 30 20 40 20 20 30 30 30 40 30 10 40 20 40 30 40 40 40 
1 RRT 2.50101 0.35032 1.904 473.95 330.72 10 30 10 10 20 10 30 10 40 10 10 20 20 20 30 20 40 20 20 30 30 30 40 30 10 40 20 40 30 40 40 40 
1 RRT 1.36432 0.42057 0.64203 543.66 326.8 40 20 10 10 20 10 30 10 40 10 10 20 20 20 30 20 10 30 20 30 30 30 40 30 10 40 20 40 30 40 40 40 
1 RRT 1.55005 0.42972 0.8006 504.69 297.19 20 20 10 10 20 10 30 10 40 10 10 20 30 20 40 20 10 30 20 30 30 30 40 30 10 40 20 40 30 40 40 40 
1 RRT 1.25129 0.38833 0.58672 415.39 251.41 20 40 10 10 20 10 30 10 40 10 10 20 20 20 30 20 40 20 10 30 20 30 30 30 40 30 10 40 30 40 40 40 
1 RRT 1.2043 0.38065 0.5443 431.2 273.93 20 40 10 10 20 10 30 10 40 10 10 20 20 20 30 20 40 20 10 30 20 30 30 30 40 30 10 40 30 40 40 40 
1 RRT 3.43912 0.36527 2.8076 310.89 202.33 10 30 10 10 20 10 30 10 40 10 10 20 20 20 30 20 40 20 20 30 30 30 40 30 10 40 20 40 30 40 40 40 
1 RRT 1.07025 0.34129 0.48204 301.87 200.46 20 30 10 10 20 10 30 10 40 10 10 20 20 20 30 20 40 20 10 30 30 30 40 30 10 40 20 40 30 40 40 40 
1 RRT 1.10438 0.35489 0.49742 418.66 260.58 40 30 10 10 20 10 30 10 40 10 10 20 20 20 30 20 40 20 10 30 20 30 30 30 10 40 20 40 30 40 40 40 
1 RRT 1.10426 0.36409 0.4847 265.98 182.19 40 40 10 10 20 10 30 10 40 10 10 20 20 20 30 20 40 20 10 30 20 30 30 30 40 30 10 40 20 40 30 40 
1 RRT 0.990679 0.33733 0.41351 304.47 176.52 10 30 10 10 20 10 30 10 40 10 10 20 20 20 30 20 40 20 20 30 30 30 40 30 10 40 20 40 30 40 40 40 
1 RRT 1.17138 0.34865 0.574 436.55 287.95 40 20 10 10 20 10 30 10 40 10 10 20 20 20 30 20 10 30 20 30 30 30 40 30 10 40 20 40 30 40 40 40 
0 RRT 10.5934 0.34554 10.001 0 -1 10 40 10 10 20 10 30 10 40 10 10 20 20 20 30 20 40 20 10 30 20 30 30 30 40 30 20 40 30 40 40 40 
1 RRT 1.30504 0.35278 0.70161 273.48 177.64 10 30 10 10 20 10 30 10 40 10 10 20 20 20 30 20 40 20 20 30 30 30 40 30 10 40 20 40 30 40 40 40 
1 RRT 1.04737 0.35697 0.43697 282.39 168.76 20 10 10 10 30 10 40 10 10 20 20 20 30 20 40 20 10 30 20 30 30 30 40 30 10 40 20 40 30 40 40 40 
1 RRT 1.05547 0.35718 0.44325 294.11 173.96 20 40 10 10 20 10 30 10 40 10 10 20 20 20 30 20 40 20 10 30 20 30 30 30 40 30 10 40 30 40 40 40 
1 RRT 1.00785 0.34837 0.41169 313.33 188.91 40 20 10 10 20 10 30 10 40 10 10 20 20 20 30 20 10 30 20 30 30 30 40 30 10 40 20 40 30 40 40 40 
1 RRT 1.12209 0.35979 0.50323 413.26 269.86 30 30 10 10 20 10 30 10 40 10 10 20 20 20 30 20 40 20 10 30 20 30 40 30 10 40 20 40 30 40 40 40 
1 RRT 1.22487 0.34084 0.64129 481.41 332.54 20 40 10 10 20 10 30 10 40 10 10 20 20 20 30 20 40 20 10 30 20 30 30 30 40 30 10 40 30 40 40 40 
1 RRT 1.26113 0.35702 0.64841 283.3 183.34 20 20 10 10 20 10 30 10 40 10 10 20 30 20 40 20 10 30 20 30 30 30 40 30 10 40 20 40 30 40 40 40 
1 RRT 1.02708 0.35173 0.42535 341.08 212.58 40 30 10 10 20 10 30 10 40 10 10 20 20 20 30 20 40 20 10 30 20 30 30 30 10 40 20 40 30 40 40 40 
1 RRT 1.35072 0.45386 0.58537 334.91 207.82 40 30 10 10 20 10 30 10 40 10 10 20 20 20 30 20 40 20 10 30 20 30 30 30 10 40 20 40 30 40 40 40 
1 RRT 1.23219 0.35573 0.62231 714.69 440.53 30 10 10 10 20 10 40 10 10 20 20 20 30 20 40 20 10 30 20 30 30 30 40 30 10 40 20 40 30 40 40 40 
1 RRT 1.37649 0.42669 0.65116 427.44 267.8 40 20 10 10 20 10 30 10 40 10 10 20 20 20 30 20 10 30 20 30 30 30 40 30 10 40 20 40 30 40 40 40 
1 RRT 1.26034 0.35008 0.66059 438.9 261.07 10 40 10 10 20 10 30 10 40 10 10 20 20 20 30 20 40 20 10 30 20 30 30 30 40 30 20 40 30 40 40 40 
1 RRT 1.31584 0.34506 0.72498 412 267.86 20 30 10 10 20 10 30 10 40 10 10 20 20 20 30 20 40 20 10 30 30 30 40 30 10 40 20 40 30 40 40 40 
1 RRT 2.41895 0.35327 1.8149 401.51 233.18 40 30 10 10 20 10 30 10 40 10 10 20 20 20 30 20 40 20 10 30 20 30 30 30 10 40 20 40 30 40 40 40 
1 RRT 2.88489 0.35911 2.2703 494.12 305.84 30 10 10 10 20 10 40 10 10 20 20 20 30 20 40 20 10 30 20 30 30 30 40 30 10 40 20 40 30 40 40 40 
1 RRT 1.69837 0.36112 1.0806 323.89 207.09 30 30 10 10 20 10 30 10 40 10 10 20 20 20 30 20 40 20 10 30 20 30 40 30 10 40 20 40 30 40 40 40 
0 RRT 10.5971 0.34778 10.001 0 -1 30 30 10 10 20 10 30 10 40 10 10 20 20 20 30 20 40 20 10 30 20 30 40 30 10 40 20 40 30 40 40 40 
1 RRT 1.04941 0.34355 0.4604 263.29 185.12 20 40 10 10 20 10 30 10 40 10 10 20 20 20 30 20 40 20 10 30 20 30 30 30 40 30 10 40 30 40 40 40 
1 RRT 1.39641 0.35646 0.79008 333.6 213.81 40 30 10 10 20 10 30 10 40 10 10 20 20 20 30 20 40 20 10 30 20 30 30 30 10 40 20 40 30 40 40 40 
1 RRT 1.28988 0.35195 0.68854 385.46 242.83 30 40 10 10 20 10 30 10 40 10 10 20 20 20 30 20 40 20 10 30 20 30 30 30 40 30 10 40 20 40 40 40 
1 RRT 1.30829 0.34182 0.72203 477.71 278.74 10 20 10 10 20 10 30 10 40 10 20 20 30 20 40 20 10 30 20 30 30 30 40 30 10 40 20 40 30 40 40 40 
1 RRT 1.00661 0.34197 0.42087 292.35 189.32 10 10 20 10 30 10 40 10 10 20 20 20 30 20 40 20 10 30 20 30 30 30 40 30 10 40 20 40 30 40 40 40 
1 RRT 2.3897 0.35169 1.7917 375.78 233.81 40 30 10 10 20 10 30 10 40 10 10 20 20 20 30 20 40 20 10 30 20 30 30 30 10 40 20 40 30 40 40 40 
1 RRT 2.40243 0.34281 1.8134 592.5 350.46 40 20 10 10 20 10 30 10 40 10 10 20 20 20 30 20 10 30 20 30 30 30 40 30 10 40 20 40 30 40 40 40 
1 RRT 1.77107 0.4377 1.0308 423.85 250.94 30 30 10 10 20 10 30 10 40 10 10 20 20 20 30 20 40 20 10 30 20 30 40 30 10 40 20 40 30 40 40 40 
1 RRT 1.10327 0.35121 0.49818 347.6 208 30 20 10 10 20 10 30 10 40 10 10 20 20 20 40 20 10 30 20 30 30 30 40 30 10 40 20 40 30 40 40 40 
1 RRT 1.19651 0.34475 0.60653 330.89 218.68 10 20 10 10 20 10 30 10 40 10 20 20 30 20 40 20 10 30 20 30 30 30 40 30 10 40 20 40 30 40 40 40 
1 RRT 1.01794 0.34627 0.42356 317.51 198.82 30 40 10 10 20 10 30 10 40 10 10 20 20 20 30 20 40 20 10 30 20 30 30 30 40 30 10 40 20 40 40 40 
1 RRT 1.63926 0.3599 1.0254 354.34 221.08 20 20 10 10 20 10 30 10 40 10 10 20 30 20 40 20 10 30 20 30 30 30 40 30 10 40 20 40 30 40 40 40 
1 RRT 1.6457 0.36735 1.0151 388.22 243.08 20 10 10 10 30 10 40 10 10 20 20 20 30 20 40 20 10 30 20 30 30 30 40 30 10 40 20 40 30 40 40 40 
1 RRT 0.967029 0.3363 0.39029 323.51 225.7 40 10 10 10 20 10 30 10 10 20 20 20 30 20 40 20 10 30 20 30 30 30 40 30 10 40 20 40 30 40 40 40 
1 RRT 1.07381 0.3564 0.465 306.13 201.86 20 20 10 10 20 10 30 10 40 10 10 20 30 20 40 20 10 30 20 30 30 30 40 30 10 40 20 40 30 40 40 40 
1 RRT 1.35961 0.3411 0.77621 390.67 243.23 10 30 10 10 20 10 30 10 40 10 10 20 20 20 30 20 40 20 20 30 30 30 40 30 10 40 20 40 30 40 40 40 
1 RRT 1.28443 0.35664 0.67047 382.27 253.36 20 40 10 10 20 10 30 10 40 10 10 20 20 20 30 20 40 20 10 30 20 30 30 30 40 30 10 40 30 40 40 40 
1 RRT 1.022 0.34997 0.42452 415.46 249.72 10 30 10 10 20 10 30 10 40 10 10 20 20 20 30 20 40 20 20 30 30 30 40 30 10 40 20 40 30 40 40 40 
1 RRT 1.52042 0.35031 0.92166 424.29 255.62 10 20 10 10 20 10 30 10 40 10 20 20 30 20 40 20 10 30 20 30 30 30 40 30 10 40 20 40 30 40 40 40 
1 RRT 1.08975 0.35202 0.48736 260.09 155.72 10 30 10 10 20 10 30 10 40 10 10 20 20 20 30 20 40 20 20 30 30 30 40 30 10 40 20 40 30 40 40 40 
1 RRT 1.04417 0.34628 0.44985 337.97 219.1 30 10 10 10 20 10 40 10 10 20 20 20 30 20 40 20 10 30 20 30 30 30 40 30 10 40 20 40 30 40 40 40 
1 RRT 2.37337 0.35968 1.758 509.34 290.21 40 40 10 10 20 10 30 10 40 10 10 20 20 20 30 20 40 20 10 30 20 30 30 30 40 30 10 40 20 40 30 40 
1 RRT 1.20508 0.35883 0.58963 565.3 334.8 20 40 10 10 20 10 30 10 40 10 10 20 20 20 30 20 40 20 10 30 20 30 30 30 40 30 10 40 30 40 40 40 
1 RRT 1.70789 0.34514 1.1151 388.1 255.23 30 40 10 10 20 10 30 10 40 10 10 20 20 20 30 20 40 20 10 30 20 30 30 30 40 30 10 40 20 40 40 40 
1 RRT 1.3208 0.37017 0.68831 420.63 280.75 40 30 10 10 20 10 30 10 40 10 10 20 20 20 30 20 40 20 10 30 20 30 30 30 10 40 20 40 30 40 40 40 
1 RRT 2.17219 0.34041 1.5891 398.85 251.43 30 10 10 10 20 10 40 10 10 20 20 20 30 20 40 20 10 30 20 30 30 30 40 30 10 40 20 40 30 40 40 40 
1 RRT 1.18456 0.34308 0.59605 266.08 181.84 20 40 10 10 20 10 30 10 40 10 10 20 20 20 30 20 40 20 10 30 20 30 30 30 40 30 10 40 30 40 40 40 
1 RRT 1.10459 0.35479 0.49626 319.81 193.14 30 30 10 10 20 10 30 10 40 10 10 20 20 20 30 20 40 20 10 30 20 30 40 30 10 40 20 40 30 40 40 40 
1 RRT 1.18231 0.35181 0.58006 376.2 262.85 10 10 20 10 30 10 40 10 10 20 20 20 30 20 40 20 10 30 20 30 30 30 40 30 10 40 20 40 30 40 40 40 
1 RRT 1.11121 0.34639 0.51532 480.43 298.41 30 40 10 10 20 10 30 10 40 10 10 20 20 20 30 20 40 20 10 30 20 30 30 30 40 30 10 40 20 40 40 40 
1 RRT 1.08739 0.3651 0.45904 267.72 172.35 20 10 10 10 30 10 40 10 10 20 20 20 30 20 40 20 10 30 20 30 30 30 40 30 10 40 20 40 30 40 40 40 
1 RRT 1.18255 0.35176 0.58171 355.55 219.46 40 10 10 10 20 10 30 10 10 20 20 20 30 20 40 20 10 30 20 30 30 30 40 30 10 40 20 40 30 40 40 40 
1 RRT 1.133 0.33958 0.54784 377.29 225.15 40 10 10 10 20 10 30 10 10 20 20 20 30 20 40 20 10 30 20 30 30 30 40 30 10 40 20 40 30 40 40 40 
1 RRT 1.24681 0.34738 0.64915 435.11 279.77 20 20 10 10 20 10 30 10 40 10 10 20 30 20 40 20 10 30 20 30 30 30 40 30 10 40 20 40 30 40 40 40 
1 RRT 1.93751 0.35445 1.3314 496.41 318.82 30 30 10 10 20 10 30 10 40 10 10 20 20 20 30 20 40 20 10 30 20 30 40 30 10 40 20 40 30 40 40 40 
1 RRT 1.0212 0.3511 0.42113 357.7 224.56 30 20 10 10 20 10 30 10 40 10 10 20 20 20 40 20 10 30 20 30 30 30 40 30 10 40 20 40 30 40 40 40 
1 RRT 2.3762 0.35488 1.7672 371.39 196.68 40 40 10 10 20 10 30 10 40 10 10 20 20 20 30 20 40 20 10 30 20 30 30 30 40 30 10 40 20 40 30 40 
1 RRT 1.19754 0.34484 0.60469 367.23 240.35 40 10 10 10 20 10 30 10 10 20 20 20 30 20 40 20 10 30 20 30 30 30 40 30 10 40 20 40 30 40 40 40 
1 RRT 1.01647 0.33719 0.43763 293.75 188.56 10 20 10 10 20 10 30 10 40 10 20 20 30 20 40 20 10 30 20 30 30 30 40 30 10 40 20 40 30 40 40 40 
1 RRT 1.12277 0.34327 0.53519 395.96 228.14 30 20 10 10 20 10 30 10 40 10 10 20 20 20 40 20 10 30 20 30 30 30 40 30 10 40 20 40 30 40 40 40 
1 RRT 1.08139 0.34656 0.48792 391.57 233.76 10 40 10 10 20 10 30 10 40 10 10 20 20 20 30 20 40 20 10 30 20 30 30 30 40 30 20 40 30 40 40 40 
1 RRT 1.72008 0.34023 1.137 410.87 270.5 20 40 10 10 20 10 30 10 40 10 10 20 20 20 30 20 40 20 10 30 20 30 30 30 40 30 10 40 30 40 40 40 
1 RRT 1.62962 0.43439 0.89397 348.51 244.49 30 20 10 10 20 10 30 10 40 10 10 20 20 20 40 20 10 30 20 30 30 30 40 30 10 40 20 40 30 40 40 40 
1 RRT 1.17524 0.347 0.5797 294.37 167.68 40 20 10 10 20 10 30 10 40 10 10 20 20 20 30 20 10 30 20 30 30 30 40 30 10 40 20 40 30 40 40 40 
1 RRT 1.08982 0.35435 0.48055 292.94 186.65 40 20 10 10 20 10 30 10 40 10 10 20 20 20 30 20 10 30 20 30 30 30 40 30 10 40 20 40 30 40 40 40 
1 RRT 1.9118 0.35264 1.3084 449.72 271.4 30 10 10 10 20 10 40 10 10 20 20 20 30 20 40 20 10 30 20 30 30 30 40 30 10 40 20 40 30 40 40 40 
1 RRT 1.02589 0.34745 0.43036 242.86 146.6 20 20 10 10 20 10 30 10 40 10 10 20 30 20 40 20 10 30 20 30 30 30 40 30 10 40 20 40 30 40 40 40 
1 RRT 1.49791 0.37928 0.84394 337.63 207.29 20 40 10 10 20 10 30 10 40 10 10 20 20 20 30 20 40 20 10 30 20 30 30 30 40 30 10 40 30 40 40 40 
1 RRT 1.43057 0.35272 0.82827 349.95 222.46 20 30 10 10 20 10 30 10 40 10 10 20 20 20 30 20 40 20 10 30 30 30 40 30 10 40 20 40 30 40 40 40 
1 RRT 1.48233 0.35883 0.86502 443.67 259.63 10 10 20 10 30 10 40 10 10 20 20 20 30 20 40 20 10 30 20 30 30 30 40 30 10 40 20 40 30 40 40 40 
1 RRT 1.13709 0.35627 0.52709 375.05 239 30 20 10 10 20 10 30 10 40 10 10 20 20 20 40 20 10 30 20 30 30 30 40 30 10 40 20 40 30 40 40 40 
1 RRT 1.38279 0.38044 0.73046 349.71 215.04 10 10 20 10 30 10 40 10 10 20 20 20 30 20 40 20 10 30 20 30 30 30 40 30 10 40 20 40 30 40 40 40 
1 RRT 1.14988 0.35992 0.53469 460.06 264.69 30 10 10 10 20 10 40 10 10 20 20 20 30 20 40 20 10 30 20 30 30 30 40 30 10 40 20 40 30 40 40 40 
1 RRT 1.5496 0.36291 0.93055 452.14 283.73 20 10 10 10 30 10 40 10 10 20 20 20 30 20 40 20 10 30 20 30 30 30 40 30 10 40 20 40 30 40 40 40 
1 RRT 1.36149 0.35311 0.75359 462.56 258.52 10 10 20 10 30 10 40 10 10 20 20 20 30 20 40 20 10 30 20 30 30 30 40 30 10 40 20 40 30 40 40 40 
1 RRT 1.09033 0.35617 0.47782 355.45 208.05 30 30 10 10 20 10 30 10 40 10 10 20 20 20 30 20 40 20 10 30 20 30 40 30 10 40 20 40 30 40 40 40 
1 RRT 1.01503 0.35256 0.41076 249.89 165.4 30 40 10 10 20 10 30 10 40 10 10 20 20 20 30 20 40 20 10 30 20 30 30 30 40 30 10 40 20 40 40 40 
1 RRT 1.09268 0.36022 0.47791 280.17 179.28 30 10 10 10 20 10 40 10 10 20 20 20 30 20 40 20 10 30 20 30 30 30 40 30 10 40 20 40 30 40 40 40 
1 RRT 1.00085 0.34603 0.40683 369.61 212.72 30 40 10 10 20 10 30 10 40 10 10 20 20 20 30 20 40 20 10 30 20 30 30 30 40 30 10 40 20 40 40 40 
0 RRT 10.753 0.35406 10.148 0 -1 20 40 10 10 20 10 30 10 40 10 10 20 20 20 30 20 40 20 10 30 20 30 30 30 40 30 10 40 30 40 40 40 
1 RRT 1.02813 0.34789 0.43494 237.55 154.37 40 40 10 10 20 10 30 10 40 10 10 20 20 20 30 20 40 20 10 30 20 30 30 30 40 30 10 40 20 40 30 40 
1 RRT 1.47396 0.35933 0.85739 328.63 193.12 20 40 10 10 20 10 30 10 40 10 10 20 20 20 30 20 40 20 10 30 20 30 30 30 40 30 10 40 30 40 40 40 
1 RRT 1.24923 0.34102 0.66113 313.31 191.3 40 20 10 10 20 10 30 10 40 10 10 20 20 20 30 20 10 30 20 30 30 30 40 30 10 40 20 40 30 40 40 40 
1 RRT 1.25686 0.3501 0.65441 544.75 302.91 30 40 10 10 20 10 30 10 40 10 10 20 20 20 30 20 40 20 10 30 20 30 30 30 40 30 10 40 20 40 40 40 
1 RRT 1.0981 0.3508 0.49536 367.34 243.4 10 10 20 10 30 10 40 10 10 20 20 20 30 20 40 20 10 30 20 30 30 30 40 30 10 40 20 40 30 40 40 40 
1 RRT 1.08991 0.35574 0.48449 242.91 171.64 40 30 10 10 20 10 30 10 40 10 10 20 20 20 30 20 40 20 10 30 20 30 30 30 10 40 20 40 30 40 40 40 
1 RRT 1.57096 0.35733 0.95762 508.93 330.89 20 40 10 10 20 10 30 10 40 10 10 20 20 20 30 20 40 20 10 30 20 30 30 30 40 30 10 40 30 40 40 40 
1 RRT 1.04055 0.346 0.44714 244.32 169.27 40 20 10 10 20 10 30 10 40 10 10 20 20 20 30 20 10 30 20 30 30 30 40 30 10 40 20 40 30 40 40 40 
1 RRT 2.30295 0.34278 1.7153 301.47 196.07 30 10 10 10 20 10 40 10 10 20 20 20 30 20 40 20 10 30 20 30 30 30 40 30 10 40 20 40 30 40 40 40 
1 RRT 1.14865 0.36722 0.51918 351.52 220.98 40 20 10 10 20 10 30 10 40 10 10 20 20 20 30 20 10 30 20 30 30 30 40 30 10 40 20 40 30 40 40 40 
1 RRT 1.49325 0.44753 0.73214 427.36 244.94 30 10 10 10 20 10 40 10 10 20 20 20 30 20 40 20 10 30 20 30 30 30 40 30 10 40 20 40 30 40 40 40 
1 RRT 1.16262 0.3365 0.58616 421.72 263.87 40 40 10 10 20 10 30 10 40 10 10 20 20 20 30 20 40 20 10 30 20 30 30 30 40 30 10 40 20 40 30 40 
1 RRT 1.04636 0.33932 0.46741 406.72 232.41 30 10 10 10 20 10 40 10 10 20 20 20 30 20 40 20 10 30 20 30 30 30 40 30 10 40 20 40 30 40 40 40 
1 RRT 1.31001 0.34858 0.71238 315.55 201.26 30 30 10 10 20 10 30 10 40 10 10 20 20 20 30 20 40 20 10 30 20 30 40 30 10 40 20 40 30 40 40 40 
1 RRT 1.33108 0.3587 0.71333 261.43 147.49 20 20 10 10 20 10 30 10 40 10 10 20 30 20 40 20 10 30 20 30 30 30 40 30 10 40 20 40 30 40 40 40 
1 RRT 1.15882 0.38514 0.49348 424.78 262.21 10 20 10 10 20 10 30 10 40 10 20 20 30 20 40 20 10 30 20 30 30 30 40 30 10 40 20 40 30 40 40 40 
1 RRT 1.5629 0.3521 0.96262 410.04 264.22 10 20 10 10 20 10 30 10 40 10 20 20 30 20 40 20 10 30 20 30 30 30 40 30 10 40 20 40 30 40 40 40 
1 RRT 1.12988 0.35399 0.5244 424.68 282.16 20 30 10 10 20 10 30 10 40 10 10 20 20 20 30 20 40 20 10 30 30 30 40 30 10 40 20 40 30 40 40 40 
1 RRT 1.12882 0.3478 0.53329 284.75 173.14 10 40 10 10 20 10 30 10 40 10 10 20 20 20 30 20 40 20 10 30 20 30 30 30 40 30 20 40 30 40 40 40 
1 RRT 1.2568 0.34431 0.66613 429.31 265.59 10 30 10 10 20 10 30 10 40 10 10 20 20 20 30 20 40 20 20 30 30 30 40 30 10 40 20 40 30 40 40 40 
1 RRT 1.13562 0.35747 0.52385 387.28 259.25 20 20 10 10 20 10 30 10 40 10 10 20 30 20 40 20 10 30 20 30 30 30 40 30 10 40 20 40 30 40 40 40 
1 RRT 1.27973 0.35481 0.67445 377.07 247.1 40 20 10 10 20 10 30 10 40 10 10 20 20 20 30 20 10 30 20 30 30 30 40 30 10 40 20 40 30 40 40 40 
1 RRT 1.2843 0.41879 0.57361 526.11 313.68 20 30 10 10 20 10 30 10 40 10 10 20 20 20 30 20 40 20 10 30 30 30 40 30 10 40 20 40 30 40 40 40 
1 RRT 1.32718 0.39 0.67513 610.25 373.82 40 20 10 10 20 10 30 10 40 10 10 20 20 20 30 20 10 30 20 30 30 30 40 30 10 40 20 40 30 40 40 40 
1 RRT 1.56538 0.4216 0.8381 468.72 273.46 10 40 10 10 20 10 30 10 40 10 10 20 20 20 30 20 40 20 10 30 20 30 30 30 40 30 20 40 30 40 40 40 
1 RRT 1.4738 0.47947 0.65715 355.15 253.04 30 10 10 10 20 10 40 10 10 20 20 20 30 20 40 20 10 30 20 30 30 30 40 30 10 40 20 40 30 40 40 40 
1 RRT 1.59386 0.46472 0.80653 431.44 264.85 10 30 10 10 20 10 30 10 40 10 10 20 20 20 30 20 40 20 20 30 30 30 40 30 10 40 20 40 30 40 40 40 
1 RRT 1.44628 0.44848 0.6842 482.26 286 30 40 10 10 20 10 30 10 40 10 10 20 20 20 30 20 40 20 10 30 20 30 30 30 40 30 10 40 20 40 40 40 
1 RRT 1.322 0.42894 0.60062 320.89 205.63 40 30 10 10 20 10 30 10 40 10 10 20 20 20 30 20 40 20 10 30 20 30 30 30 10 40 20 40 30 40 40 40 
1 RRT 1.30524 0.44215 0.55224 352.92 227.5 30 10 10 10 20 10 40 10 10 20 20 20 30 20 40 20 10 30 20 30 30 30 40 30 10 40 20 40 30 40 40 40 
1 RRT 1.29687 0.45029 0.53291 351.92 206.91 40 10 10 10 20 10 30 10 10 20 20 20 30 20 40 20 10 30 20 30 30 30 40 30 10 40 20 40 30 40 40 40 
1 RRT 1.45138 0.45593 0.67664 493.26 288.07 10 30 10 10 20 10 30 10 40 10 10 20 20 20 30 20 40 20 20 30 30 30 40 30 10 40 20 40 30 40 40 40 
1 RRT 1.86357 0.47104 1.0558 488.86 334.88 30 40 10 10 20 10 30 10 40 10 10 20 20 20 30 20 40 20 10 30 20 30 30 30 40 30 10 40 20 40 40 40 
1 RRT 1.14893 0.40211 0.47837 279.01 175.17 40 10 10 10 20 10 30 10 10 20 20 20 30 20 40 20 10 30 20 30 30 30 40 30 10 40 20 40 30 40 40 40 
1 RRT 1.51756 0.42885 0.79098 427.01 249.77 10 30 10 10 20 10 30 10 40 10 10 20 20 20 30 20 40 20 20 30 30 30 40 30 10 40 20 40 30 40 40 40 
1 RRT 1.29269 0.43276 0.55551 414.82 234.22 40 20 10 10 20 10 30 10 40 10 10 20 20 20 30 20 10 30 20 30 30 30 40 30 10 40 20 40 30 40 40 40 
1 RRT 1.34919 0.44574 0.59333 341.79 195.01 10 40 10 10 20 10 30 10 40 10 10 20 20 20 30 20 40 20 10 30 20 30 30 30 40 30 20 40 30 40 40 40 
1 RRT 1.22515 0.42141 0.51778 257.58 136.72 20 30 10 10 20 10 30 10 40 10 10 20 20 20 30 20 40 20 10 30 30 30 40 30 10 40 20 40 30 40 40 40 
1 RRT 1.30346 0.43567 0.55032 334.27 203.11 40 40 10 10 20 10 30 10 40 10 10 20 20 20 30 20 40 20 10 30 20 30 30 30 40 30 10 40 20 40 30 40 
1 RRT 1.35938 0.39082 0.67708 429.8 270.8 10 20 10 10 20 10 30 10 40 10 20 20 30 20 40 20 10 30 20 30 30 30 40 30 10 40 20 40 30 40 40 40 
1 RRT 1.24669 0.35422 0.63562 318.13 175.95 10 40 10 10 20 10 30 10 40 10 10 20 20 20 30 20 40 20 10 30 20 30 30 30 40 30 20 40 30 40 40 40 
1 RRT 1.67044 0.45929 0.89128 400.51 244.16 20 10 10 10 30 10 40 10 10 20 20 20 30 20 40 20 10 30 20 30 30 30 40 30 10 40 20 40 30 40 40 40 
1 RRT 1.16367 0.34494 0.57372 419.13 264.68 40 30 10 10 20 10 30 10 40 10 10 20 20 20 30 20 40 20 10 30 20 30 30 30 10 40 20 40 30 40 40 40 
1 RRT 1.74675 0.45559 0.9738 521.34 314.21 30 40 10 10 20 10 30 10 40 10 10 20 20 20 30 20 40 20 10 30 20 30 30 30 40 30 10 40 20 40 40 40 
1 RRT 1.25685 0.39698 0.56195 453.84 284.59 40 40 10 10 20 10 30 10 40 10 10 20 20 20 30 20 40 20 10 30 20 30 30 30 40 30 10 40 20 40 30 40 
1 RRT 1.3894 0.43942 0.64017 339.24 218.16 20 40 10 10 20 10 30 10 40 10 10 20 20 20 30 20 40 20 10 30 20 30 30 30 40 30 10 40 30 40 40 40 
1 RRT 2.07007 0.43838 1.3239 520.06 332.47 10 10 20 10 30 10 40 10 10 20 20 20 30 20 40 20 10 30 20 30 30 30 40 30 10 40 20 40 30 40 40 40 
1 RRT 1.4003 0.44637 0.64191 461.11 265.97 30 20 10 10 20 10 30 10 40 10 10 20 20 20 40 20 10 30 20 30 30 30 40 30 10 40 20 40 30 40 40 40 
1 RRT 1.39637 0.44631 0.63547 304.87 180.3 10 20 10 10 20 10 30 10 40 10 20 20 30 20 40 20 10 30 20 30 30 30 40 30 10 40 20 40 30 40 40 40 
1 RRT 1.58753 0.44072 0.83698 447.98 241.41 10 10 20 10 30 10 40 10 10 20 20 20 30 20 40 20 10 30 20 30 30 30 40 30 10 40 20 40 30 40 40 40 
1 RRT 1.24384 0.42141 0.53165 297.66 177.89 40 10 10 10 20 10 30 10 10 20 20 20 30 20 40 20 10 30 20 30 30 30 40 30 10 40 20 40 30 40 40 40 
1 RRT 1.34359 0.4456 0.57802 296.08 183.4 20 20 10 10 20 10 30 10 40 10 10 20 30 20 40 20 10 30 20 30 30 30 40 30 10 40 20 40 30 40 40 40 
1 RRT 1.26946 0.36774 0.6427 540.54 333.97 10 40 10 10 20 10 30 10 40 10 10 20 20 20 30 20 40 20 10 30 20 30 30 30 40 30 20 40 30 40 40 40 
1 RRT 1.38582 0.44676 0.62628 584.79 340.6 40 20 10 10 20 10 30 10 40 10 10 20 20 20 30 20 10 30 20 30 30 30 40 30 10 40 20 40 30 40 40 40 
1 RRT 0.979328 0.33584 0.41996 227.1 122.89 30 40 10 10 20 10 30 10 40 10 10 20 20 20 30 20 40 20 10 30 20 30 30 30 40 30 10 40 20 40 40 40 
