1 RRT 1.14667 0.35816 0.50036 177.38 97.789 25 42.5 25 7.5 7.5 25 42.5 25 
1 RRT 0.998953 0.32454 0.41565 200.02 140.27 7.5 25 25 7.5 42.5 25 25 42.5 
1 RRT 1.12959 0.38797 0.42344 111.88 71.161 25 42.5 25 7.5 7.5 25 42.5 25 
1 RRT 3.06207 0.36773 2.395 250.21 150.18 42.5 25 25 7.5 7.5 25 25 42.5 
1 RRT 0.99359 0.31976 0.41712 172.17 97.205 42.5 25 25 7.5 7.5 25 25 42.5 
1 RRT 1.56301 0.31976 0.98879 205.59 145.57 42.5 25 25 7.5 7.5 25 25 42.5 
1 RRT 1.18598 0.31759 0.61316 121.85 69.448 7.5 25 25 7.5 42.5 25 25 42.5 
1 RRT 1.43266 0.31363 0.86438 213.94 147.57 7.5 25 25 7.5 42.5 25 25 42.5 
1 RRT 1.05685 0.33471 0.4564 163.04 114.19 25 42.5 25 7.5 7.5 25 42.5 25 
1 RRT 0.900186 0.30981 0.34044 133.59 82.924 25 42.5 25 7.5 7.5 25 42.5 25 
1 RRT 1.34111 0.32049 0.76694 132.27 89.4 25 7.5 7.5 25 42.5 25 25 42.5 
1 RRT 1.00647 0.32017 0.42916 118.72 72.481 7.5 25 25 7.5 42.5 25 25 42.5 
1 RRT 1.87391 0.32917 1.2796 164.74 108.18 7.5 25 25 7.5 42.5 25 25 42.5 
1 RRT 1.36173 0.31431 0.79719 126.27 80.838 25 7.5 7.5 25 42.5 25 25 42.5 
1 RRT 1.92756 0.33242 1.3315 180.49 115.62 7.5 25 25 7.5 42.5 25 25 42.5 
1 RRT 1.46347 0.32516 0.88134 279.6 198.92 7.5 25 25 7.5 42.5 25 25 42.5 
1 RRT 0.974574 0.31455 0.40964 166.51 88.934 25 42.5 25 7.5 7.5 25 42.5 25 
1 RRT 1.00191 0.32682 0.41321 125.03 74.6 42.5 25 25 7.5 7.5 25 25 42.5 
1 RRT 1.49729 0.31596 0.92757 140.71 84.885 7.5 25 25 7.5 42.5 25 25 42.5 
1 RRT 1.61582 0.32405 1.0339 223.31 146.27 7.5 25 25 7.5 42.5 25 25 42.5 
1 RRT 1.62903 0.32597 1.041 242.08 164.39 42.5 25 25 7.5 7.5 25 25 42.5 
1 RRT 1.24703 0.32042 0.67023 190.09 122.36 42.5 25 25 7.5 7.5 25 25 42.5 
1 RRT 1.56967 0.31274 1.0069 226.13 143.38 7.5 25 25 7.5 42.5 25 25 42.5 
1 RRT 1.71 0.34481 1.1023 224.55 142.11 25 42.5 25 7.5 7.5 25 42.5 25 
1 RRT 1.24346 0.4001 0.51757 121.16 83.138 25 42.5 25 7.5 7.5 25 42.5 25 
1 RRT 1.3966 0.33112 0.80171 159.44 103.23 25 42.5 25 7.5 7.5 25 42.5 25 
1 RRT 1.05946 0.31421 0.49179 168.8 113.73 42.5 25 25 7.5 7.5 25 25 42.5 
1 RRT 1.23839 0.32804 0.64835 162.9 117.16 25 7.5 7.5 25 42.5 25 25 42.5 
1 RRT 1.20129 0.41237 0.46922 150.8 102.2 25 7.5 7.5 25 42.5 25 25 42.5 
1 RRT 1.23031 0.40037 0.52415 139.39 85.6 7.5 25 25 7.5 42.5 25 25 42.5 
1 RRT 2.10034 0.43351 1.3341 191.53 103.28 25 7.5 7.5 25 42.5 25 25 42.5 
1 RRT 1.23571 0.31698 0.66158 238.93 156.69 7.5 25 25 7.5 42.5 25 25 42.5 
1 RRT 2.2188 0.35704 1.5753 281.03 185.48 25 7.5 7.5 25 42.5 25 25 42.5 
1 RRT 0.960907 0.31137 0.39883 123.9 75.861 25 7.5 7.5 25 42.5 25 25 42.5 
1 RRT 1.03374 0.30826 0.47603 238.52 142.23 25 7.5 7.5 25 42.5 25 25 42.5 
1 RRT 1.20117 0.31046 0.64015 146.23 108.87 7.5 25 25 7.5 42.5 25 25 42.5 
1 RRT 1.47709 0.33295 0.88113 105.62 71.887 25 7.5 7.5 25 42.5 25 25 42.5 
1 RRT 1.523 0.32926 0.9343 120.51 84.235 42.5 25 25 7.5 7.5 25 25 42.5 
1 RRT 1.19738 0.31149 0.63468 163.33 92.8 7.5 25 25 7.5 42.5 25 25 42.5 
1 RRT 1.03318 0.31738 0.46506 134.64 80.591 42.5 25 25 7.5 7.5 25 25 42.5 
1 RRT 1.96584 0.31808 1.3953 243.05 156.59 7.5 25 25 7.5 42.5 25 25 42.5 
1 RRT 1.28099 0.3256 0.69632 162.57 108.87 25 7.5 7.5 25 42.5 25 25 42.5 
1 RRT 1.30769 0.32693 0.72192 159.47 96.819 25 42.5 25 7.5 7.5 25 42.5 25 
1 RRT 2.86817 0.33395 2.2701 256.3 174.68 7.5 25 25 7.5 42.5 25 25 42.5 
1 RRT 1.21413 0.42063 0.46809 137.33 68.846 25 42.5 25 7.5 7.5 25 42.5 25 
1 RRT 2.29925 0.31821 1.7278 219.48 122.98 25 7.5 7.5 25 42.5 25 25 42.5 
1 RRT 1.30513 0.31646 0.73623 110.62 70.181 42.5 25 25 7.5 7.5 25 25 42.5 
1 RRT 1.58298 0.3244 0.99898 232.5 162.99 25 42.5 25 7.5 7.5 25 42.5 25 
1 RRT 1.25535 0.41857 0.5132 106.72 61.153 42.5 25 25 7.5 7.5 25 25 42.5 
1 RRT 1.18696 0.33015 0.59344 188.43 115.38 25 7.5 7.5 25 42.5 25 25 42.5 
1 RRT 1.32053 0.31274 0.758 140.56 95.68 25 42.5 25 7.5 7.5 25 42.5 25 
1 RRT 1.19038 0.31223 0.62746 177.72 115.47 25 42.5 25 7.5 7.5 25 42.5 25 
1 RRT 0.916609 0.30683 0.3629 170.78 104.74 42.5 25 25 7.5 7.5 25 25 42.5 
1 RRT 0.998752 0.32019 0.4264 106.78 57.595 25 7.5 7.5 25 42.5 25 25 42.5 
1 RRT 1.35358 0.30883 0.7949 141.62 108.15 25 42.5 25 7.5 7.5 25 42.5 25 
1 RRT 1.17346 0.31905 0.60067 158.45 110.41 42.5 25 25 7.5 7.5 25 25 42.5 
1 RRT 2.2845 0.32789 1.6926 245.34 151.72 7.5 25 25 7.5 42.5 25 25 42.5 
1 RRT 0.926406 0.31447 0.3617 93.671 56.8 25 7.5 7.5 25 42.5 25 25 42.5 
1 RRT 1.92462 0.31946 1.3514 123.53 89.569 7.5 25 25 7.5 42.5 25 25 42.5 
1 RRT 1.30909 0.33744 0.70612 176.32 121.32 25 7.5 7.5 25 42.5 25 25 42.5 
1 RRT 1.11818 0.32048 0.53897 141.99 96.684 42.5 25 25 7.5 7.5 25 25 42.5 
1 RRT 0.958928 0.32843 0.3675 101.5 57.4 42.5 25 25 7.5 7.5 25 25 42.5 
1 RRT 1.09209 0.32681 0.50417 141.52 89.256 25 42.5 25 7.5 7.5 25 42.5 25 
1 RRT 1.38542 0.32278 0.80676 188.48 130.81 25 42.5 25 7.5 7.5 25 42.5 25 
1 RRT 0.970123 0.31425 0.40309 125.6 78.721 25 7.5 7.5 25 42.5 25 25 42.5 
1 RRT 0.958912 0.30821 0.40143 117.6 67.6 25 42.5 25 7.5 7.5 25 42.5 25 
1 RRT 2.24485 0.3238 1.6622 218.31 138.25 7.5 25 25 7.5 42.5 25 25 42.5 
1 RRT 1.11246 0.31652 0.54155 126.85 74.961 42.5 25 25 7.5 7.5 25 25 42.5 
1 RRT 1.358 0.36353 0.69946 224.54 135.31 25 7.5 7.5 25 42.5 25 25 42.5 
1 RRT 1.09741 0.3104 0.53758 257.51 154.19 25 7.5 7.5 25 42.5 25 25 42.5 
1 RRT 1.26966 0.35685 0.62387 126.3 79.132 7.5 25 25 7.5 42.5 25 25 42.5 
1 RRT 1.16848 0.331 0.57688 187.42 99.235 7.5 25 25 7.5 42.5 25 25 42.5 
1 RRT 1.44652 0.32506 0.86247 146.44 114.17 42.5 25 25 7.5 7.5 25 25 42.5 
1 RRT 1.95993 0.43021 1.1991 217.59 135.53 42.5 25 25 7.5 7.5 25 25 42.5 
1 RRT 1.06647 0.3187 0.49414 164.39 111.26 25 7.5 7.5 25 42.5 25 25 42.5 
1 RRT 1.76791 0.352 1.1297 131.73 90.65 25 7.5 7.5 25 42.5 25 25 42.5 
1 RRT 3.73335 0.33672 3.1237 165.77 120.14 25 7.5 7.5 25 42.5 25 25 42.5 
1 RRT 0.950179 0.31856 0.37788 126.73 82.185 25 42.5 25 7.5 7.5 25 42.5 25 
1 RRT 4.4891 0.32421 3.9071 255 165.73 7.5 25 25 7.5 42.5 25 25 42.5 
1 RRT 1.40641 0.31941 0.83402 234.04 141.07 25 42.5 25 7.5 7.5 25 42.5 25 
1 RRT 1.36615 0.31495 0.80091 213.89 126.56 25 7.5 7.5 25 42.5 25 25 42.5 
1 RRT 1.12117 0.32186 0.54031 181.64 98.727 25 7.5 7.5 25 42.5 25 25 42.5 
1 RRT 1.82517 0.32285 1.2445 137.82 86.196 7.5 25 25 7.5 42.5 25 25 42.5 
1 RRT 1.69812 0.32401 1.1171 151.26 107.78 42.5 25 25 7.5 7.5 25 25 42.5 
1 RRT 1.30192 0.40404 0.58758 187.59 104.52 42.5 25 25 7.5 7.5 25 25 42.5 
1 RRT 1.1553 0.32535 0.57282 149.33 89.502 42.5 25 25 7.5 7.5 25 25 42.5 
1 RRT 1.54424 0.32344 0.96418 211.23 148.36 7.5 25 25 7.5 42.5 25 25 42.5 
1 RRT 0.989585 0.32658 0.39991 104.98 68.8 25 42.5 25 7.5 7.5 25 42.5 25 
1 RRT 0.986597 0.32704 0.40092 165.05 102.74 7.5 25 25 7.5 42.5 25 25 42.5 
1 RRT 1.57969 0.32713 0.99216 152.88 101.78 42.5 25 25 7.5 7.5 25 25 42.5 
1 RRT 1.10659 0.3162 0.53588 124.74 81.839 7.5 25 25 7.5 42.5 25 25 42.5 
1 RRT 1.04212 0.31388 0.47469 161.12 114.72 25 42.5 25 7.5 7.5 25 42.5 25 
1 RRT 0.929709 0.31266 0.3666 119.09 74.8 25 7.5 7.5 25 42.5 25 25 42.5 
1 RRT 2.1644 0.33888 1.562 133.16 78.774 7.5 25 25 7.5 42.5 25 25 42.5 
1 RRT 1.72292 0.36882 1.0553 124.08 68.3 7.5 25 25 7.5 42.5 25 25 42.5 
1 RRT 1.63507 0.38825 0.9289 173.21 92.763 25 7.5 7.5 25 42.5 25 25 42.5 
1 RRT 1.3564 0.34675 0.73275 179.94 110.05 25 7.5 7.5 25 42.5 25 25 42.5 
1 RRT 1.07103 0.34537 0.44522 177.74 104.88 25 7.5 7.5 25 42.5 25 25 42.5 
1 RRT 1.20835 0.35124 0.57737 202.26 116.13 42.5 25 25 7.5 7.5 25 25 42.5 
1 RRT 1.58231 0.4174 0.84338 179.18 123.62 7.5 25 25 7.5 42.5 25 25 42.5 
1 RRT 1.47057 0.38952 0.78629 171.27 114.5 25 42.5 25 7.5 7.5 25 42.5 25 
1 RRT 1.24129 0.41771 0.50262 145.18 83.705 7.5 25 25 7.5 42.5 25 25 42.5 
1 RRT 1.25958 0.35287 0.62303 205.52 135.6 25 42.5 25 7.5 7.5 25 42.5 25 
1 RRT 2.41631 0.37354 1.7379 175.97 121.66 7.5 25 25 7.5 42.5 25 25 42.5 
1 RRT 1.10553 0.32189 0.52456 113.11 69.376 42.5 25 25 7.5 7.5 25 25 42.5 
1 RRT 2.57444 0.3126 2.0093 160.67 119.22 7.5 25 25 7.5 42.5 25 25 42.5 
1 RRT 1.14538 0.31854 0.57479 178.21 116.64 25 7.5 7.5 25 42.5 25 25 42.5 
1 RRT 1.1365 0.32141 0.55724 124.35 89.133 25 7.5 7.5 25 42.5 25 25 42.5 
1 RRT 1.52522 0.31696 0.95469 203.29 125.23 42.5 25 25 7.5 7.5 25 25 42.5 
1 RRT 1.03466 0.32345 0.45391 118.87 98.4 7.5 25 25 7.5 42.5 25 25 42.5 
1 RRT 1.3519 0.42325 0.60459 219.69 123.62 42.5 25 25 7.5 7.5 25 25 42.5 
1 RRT 1.44937 0.42212 0.70524 148.19 88.632 25 7.5 7.5 25 42.5 25 25 42.5 
1 RRT 1.56868 0.31564 1.0025 125.31 78.162 42.5 25 25 7.5 7.5 25 25 42.5 
1 RRT 1.27177 0.41477 0.53719 142.53 75.884 7.5 25 25 7.5 42.5 25 25 42.5 
1 RRT 1.19762 0.42288 0.45079 111.17 58.264 42.5 25 25 7.5 7.5 25 25 42.5 
1 RRT 1.87858 0.41935 1.1386 146.4 97.536 25 7.5 7.5 25 42.5 25 25 42.5 
1 RRT 1.0471 0.32958 0.45533 169.68 127.4 7.5 25 25 7.5 42.5 25 25 42.5 
1 RRT 1.37756 0.36536 0.71291 128.62 84.004 25 42.5 25 7.5 7.5 25 42.5 25 
1 RRT 1.76537 0.32916 1.1706 227.59 137.46 7.5 25 25 7.5 42.5 25 25 42.5 
1 RRT 1.92176 0.31952 1.3447 98.959 60.6 25 42.5 25 7.5 7.5 25 42.5 25 
1 RRT 1.02601 0.31307 0.46343 126.04 85.4 25 42.5 25 7.5 7.5 25 42.5 25 
1 RRT 1.00907 0.3237 0.42741 180.6 117.6 42.5 25 25 7.5 7.5 25 25 42.5 
1 RRT 1.00124 0.32332 0.42098 127.59 86.198 7.5 25 25 7.5 42.5 25 25 42.5 
1 RRT 0.993381 0.31586 0.42622 176.53 97.56 7.5 25 25 7.5 42.5 25 25 42.5 
1 RRT 1.18746 0.31955 0.61543 213.78 126.2 42.5 25 25 7.5 7.5 25 25 42.5 
1 RRT 1.01944 0.32255 0.43967 147.47 99.358 25 7.5 7.5 25 42.5 25 25 42.5 
1 RRT 1.01725 0.32581 0.42955 131.6 82.011 25 7.5 7.5 25 42.5 25 25 42.5 
1 RRT 1.30055 0.32141 0.72146 149.13 94.985 42.5 25 25 7.5 7.5 25 25 42.5 
1 RRT 1.22932 0.32696 0.64038 164.79 109.15 7.5 25 25 7.5 42.5 25 25 42.5 
1 RRT 1.03452 0.33311 0.44242 145.39 88.806 25 42.5 25 7.5 7.5 25 42.5 25 
1 RRT 1.23048 0.3129 0.66582 208.41 113.34 25 7.5 7.5 25 42.5 25 25 42.5 
1 RRT 0.997926 0.31747 0.42739 110.6 68.965 42.5 25 25 7.5 7.5 25 25 42.5 
1 RRT 1.8357 0.32939 1.2438 145.59 97.324 25 42.5 25 7.5 7.5 25 42.5 25 
1 RRT 0.944907 0.31817 0.37112 151.14 97.015 7.5 25 25 7.5 42.5 25 25 42.5 
1 RRT 1.6228 0.30366 1.0714 145.07 96.404 7.5 25 25 7.5 42.5 25 25 42.5 
1 RRT 0.927751 0.30811 0.37292 125.8 74.01 25 42.5 25 7.5 7.5 25 42.5 25 
1 RRT 2.16369 0.33446 1.5623 155.88 113.91 42.5 25 25 7.5 7.5 25 25 42.5 
1 RRT 1.08228 0.32374 0.50183 154.26 92.762 25 42.5 25 7.5 7.5 25 42.5 25 
1 RRT 0.935589 0.31352 0.37058 136.57 75.6 42.5 25 25 7.5 7.5 25 25 42.5 
1 RRT 1.10259 0.31321 0.53777 119.25 85.4 7.5 25 25 7.5 42.5 25 25 42.5 
1 RRT 1.90031 0.31473 1.3336 179.55 116.88 25 7.5 7.5 25 42.5 25 25 42.5 
1 RRT 1.20621 0.36425 0.54369 176.65 96.143 7.5 25 25 7.5 42.5 25 25 42.5 
1 RRT 1.22336 0.33534 0.61801 221 135.44 42.5 25 25 7.5 7.5 25 25 42.5 
1 RRT 1.29801 0.35335 0.65298 129.49 104.64 25 7.5 7.5 25 42.5 25 25 42.5 
1 RRT 1.14452 0.34077 0.52887 194.8 131.89 25 42.5 25 7.5 7.5 25 42.5 25 
1 RRT 1.12308 0.31642 0.55371 162.49 96.016 7.5 25 25 7.5 42.5 25 25 42.5 
1 RRT 1.67283 0.31991 1.0991 197.93 106.93 25 7.5 7.5 25 42.5 25 25 42.5 
1 RRT 1.39355 0.31131 0.83062 152.97 91.399 7.5 25 25 7.5 42.5 25 25 42.5 
1 RRT 0.952118 0.31336 0.38732 138.55 91.124 25 42.5 25 7.5 7.5 25 42.5 25 
1 RRT 1.01223 0.30005 0.46687 214.1 138.22 25 42.5 25 7.5 7.5 25 42.5 25 
1 RRT 1.17406 0.31665 0.60287 164.79 116.83 7.5 25 25 7.5 42.5 25 25 42.5 
1 RRT 1.08145 0.32291 0.49969 151.04 89.22 7.5 25 25 7.5 42.5 25 25 42.5 
1 RRT 1.51772 0.32166 0.93833 149.84 93.307 42.5 25 25 7.5 7.5 25 25 42.5 
1 RRT 1.98923 0.32657 1.4051 291.32 175.42 25 42.5 25 7.5 7.5 25 42.5 25 
1 RRT 1.1743 0.33254 0.5765 112.72 82.048 25 7.5 7.5 25 42.5 25 25 42.5 
1 RRT 0.980336 0.31504 0.41416 193.42 94.251 25 7.5 7.5 25 42.5 25 25 42.5 
1 RRT 1.56097 0.31772 0.99195 244.25 150.35 25 42.5 25 7.5 7.5 25 42.5 25 
1 RRT 0.967703 0.31657 0.39632 151.98 88.845 25 7.5 7.5 25 42.5 25 25 42.5 
1 RRT 1.0548 0.32112 0.4751 136.24 91.833 25 7.5 7.5 25 42.5 25 25 42.5 
1 RRT 2.04596 0.31747 1.475 279.21 167.1 42.5 25 25 7.5 7.5 25 25 42.5 
1 RRT 1.82749 0.31746 1.2561 113.33 60.146 42.5 25 25 7.5 7.5 25 25 42.5 
1 RRT 1.87897 0.40794 1.1557 148.19 107.05 7.5 25 25 7.5 42.5 25 25 42.5 
1 RRT 1.42578 0.32087 0.8476 170.08 98.449 7.5 25 25 7.5 42.5 25 25 42.5 
1 RRT 0.955176 0.31185 0.39476 165.14 98.517 42.5 25 25 7.5 7.5 25 25 42.5 
1 RRT 1.54128 0.31975 0.96527 279.84 169.76 42.5 25 25 7.5 7.5 25 25 42.5 
1 RRT 1.0963 0.32823 0.50804 151.53 93.583 25 7.5 7.5 25 42.5 25 25 42.5 
1 RRT 1.27678 0.30836 0.72182 144.45 82.425 42.5 25 25 7.5 7.5 25 25 42.5 
1 RRT 1.55686 0.32021 0.98081 198.82 108.54 42.5 25 25 7.5 7.5 25 25 42.5 
1 RRT 1.06938 0.30697 0.51837 135.78 88.08 25 42.5 25 7.5 7.5 25 42.5 25 
1 RRT 1.12565 0.32157 0.54896 173.2 103.69 25 42.5 25 7.5 7.5 25 42.5 25 
1 RRT 1.00217 0.32389 0.42226 164.46 108.49 25 42.5 25 7.5 7.5 25 42.5 25 
1 RRT 1.24977 0.40644 0.52783 126.04 77.552 25 7.5 7.5 25 42.5 25 25 42.5 
1 RRT 1.24118 0.43145 0.48034 162.38 102.2 25 7.5 7.5 25 42.5 25 25 42.5 
1 RRT 1.04398 0.31392 0.47894 136.33 77.802 25 7.5 7.5 25 42.5 25 25 42.5 
1 RRT 1.30009 0.43732 0.52736 119.75 78.096 42.5 25 25 7.5 7.5 25 25 42.5 
1 RRT 2.54371 0.4159 1.8076 210.83 125.58 25 42.5 25 7.5 7.5 25 42.5 25 
1 RRT 1.24591 0.43678 0.47681 123.92 75.437 42.5 25 25 7.5 7.5 25 25 42.5 
1 RRT 1.07246 0.37211 0.39633 127.72 90.532 25 42.5 25 7.5 7.5 25 42.5 25 
1 RRT 1.82771 0.32014 1.2516 282.26 182.95 42.5 25 25 7.5 7.5 25 25 42.5 
1 RRT 1.51081 0.3304 0.91521 130.93 87.456 25 42.5 25 7.5 7.5 25 42.5 25 
1 RRT 0.941569 0.31381 0.37515 115.25 63.066 25 42.5 25 7.5 7.5 25 42.5 25 
1 RRT 0.984265 0.31341 0.4181 114.64 85.587 25 42.5 25 7.5 7.5 25 42.5 25 
1 RRT 1.36135 0.32346 0.78126 193.49 124.78 25 42.5 25 7.5 7.5 25 42.5 25 
1 RRT 1.66673 0.32515 1.0822 172.95 125.18 25 42.5 25 7.5 7.5 25 42.5 25 
1 RRT 0.929926 0.30371 0.38033 225.55 142.71 25 42.5 25 7.5 7.5 25 42.5 25 
1 RRT 2.00267 0.32408 1.4263 126.95 81.748 7.5 25 25 7.5 42.5 25 25 42.5 
1 RRT 2.26348 0.31545 1.6952 143.29 97.737 42.5 25 25 7.5 7.5 25 25 42.5 
1 RRT 1.98348 0.31737 1.4113 239.45 149.99 7.5 25 25 7.5 42.5 25 25 42.5 
1 RRT 1.08689 0.31251 0.5227 207.12 140.61 25 7.5 7.5 25 42.5 25 25 42.5 
1 RRT 1.27857 0.32103 0.69873 214.28 117.49 7.5 25 25 7.5 42.5 25 25 42.5 
1 RRT 1.53794 0.31716 0.96782 202.02 101.79 42.5 25 25 7.5 7.5 25 25 42.5 
1 RRT 0.987766 0.32045 0.41232 175.67 113.59 25 7.5 7.5 25 42.5 25 25 42.5 
1 RRT 0.931702 0.30791 0.37546 124.49 75.427 7.5 25 25 7.5 42.5 25 25 42.5 
1 RRT 0.953217 0.3248 0.36797 142.78 92.659 25 42.5 25 7.5 7.5 25 42.5 25 
1 RRT 1.49592 0.31655 0.92791 225.34 160.06 25 7.5 7.5 25 42.5 25 25 42.5 
1 RRT 1.13675 0.3606 0.48356 120.54 75.759 25 42.5 25 7.5 7.5 25 42.5 25 
1 RRT 1.33755 0.31697 0.76576 202.15 123.19 42.5 25 25 7.5 7.5 25 25 42.5 
1 RRT 0.917269 0.31162 0.35471 120.44 82.6 25 7.5 7.5 25 42.5 25 25 42.5 
1 RRT 1.214 0.32087 0.63972 186.68 114.39 25 42.5 25 7.5 7.5 25 42.5 25 
1 RRT 1.02361 0.31837 0.44901 159.55 125.09 25 42.5 25 7.5 7.5 25 42.5 25 
1 RRT 1.57366 0.32052 1.0002 107.28 76.282 25 42.5 25 7.5 7.5 25 42.5 25 
1 RRT 1.39393 0.31327 0.82878 198.1 123.74 7.5 25 25 7.5 42.5 25 25 42.5 
1 RRT 1.09134 0.31788 0.51878 152.68 103.2 25 7.5 7.5 25 42.5 25 25 42.5 
1 RRT 1.59864 0.30722 1.0433 145.66 86.504 42.5 25 25 7.5 7.5 25 25 42.5 
1 RRT 2.64104 0.31456 2.0744 235.4 146.94 25 7.5 7.5 25 42.5 25 25 42.5 
1 RRT 1.16737 0.31991 0.59062 159.13 101.13 7.5 25 25 7.5 42.5 25 25 42.5 
1 RRT 1.17717 0.31547 0.60649 206.76 130.72 42.5 25 25 7.5 7.5 25 25 42.5 
1 RRT 2.95432 0.32768 2.3644 150.44 85.216 7.5 25 25 7.5 42.5 25 25 42.5 
1 RRT 1.60675 0.32078 1.0297 162.42 98.47 7.5 25 25 7.5 42.5 25 25 42.5 
1 RRT 1.94702 0.31947 1.3723 187.26 119.6 42.5 25 25 7.5 7.5 25 25 42.5 
1 RRT 1.06008 0.31857 0.4859 95.556 53.976 25 7.5 7.5 25 42.5 25 25 42.5 
1 RRT 0.9393 0.31564 0.37177 140.75 93.746 25 42.5 25 7.5 7.5 25 42.5 25 
1 RRT 1.11959 0.31843 0.54632 230.26 139.91 7.5 25 25 7.5 42.5 25 25 42.5 
1 RRT 1.02056 0.30961 0.46175 223.05 151.73 25 42.5 25 7.5 7.5 25 42.5 25 
1 RRT 1.10089 0.31853 0.52831 139.55 87.951 42.5 25 25 7.5 7.5 25 25 42.5 
1 RRT 0.942084 0.31905 0.3705 99.776 53.745 25 42.5 25 7.5 7.5 25 42.5 25 
1 RRT 0.978244 0.31489 0.40743 179.82 110.55 25 42.5 25 7.5 7.5 25 42.5 25 
1 RRT 0.9974 0.32281 0.4177 148.08 86.909 7.5 25 25 7.5 42.5 25 25 42.5 
1 RRT 1.27887 0.32304 0.69518 131.03 87.774 25 7.5 7.5 25 42.5 25 25 42.5 
1 RRT 1.2171 0.3115 0.65404 158.58 87.975 25 42.5 25 7.5 7.5 25 42.5 25 
1 RRT 1.00565 0.31792 0.43386 138.18 83.33 7.5 25 25 7.5 42.5 25 25 42.5 
1 RRT 1.90638 0.31938 1.334 230.68 137.8 42.5 25 25 7.5 7.5 25 25 42.5 
1 RRT 1.29303 0.32433 0.70882 179.74 110.52 42.5 25 25 7.5 7.5 25 25 42.5 
1 RRT 1.96798 0.40288 1.2535 204.58 121.66 25 7.5 7.5 25 42.5 25 25 42.5 
1 RRT 0.930311 0.30822 0.37329 122.28 80.874 25 7.5 7.5 25 42.5 25 25 42.5 
1 RRT 1.07998 0.31308 0.51523 322.77 204.67 42.5 25 25 7.5 7.5 25 25 42.5 
1 RRT 1.12012 0.32617 0.53642 226.21 122.77 25 42.5 25 7.5 7.5 25 42.5 25 
1 RRT 1.36788 0.31652 0.79661 114.95 77.579 42.5 25 25 7.5 7.5 25 25 42.5 
1 RRT 0.949706 0.31155 0.38648 144.18 91.387 42.5 25 25 7.5 7.5 25 25 42.5 
1 RRT 1.06589 0.31394 0.4983 152.45 100.12 7.5 25 25 7.5 42.5 25 25 42.5 
1 RRT 1.43521 0.31779 0.86416 133.79 92.666 42.5 25 25 7.5 7.5 25 25 42.5 
1 RRT 0.949956 0.30925 0.38842 113.4 76.072 7.5 25 25 7.5 42.5 25 25 42.5 
1 RRT 1.44767 0.33078 0.85474 188.83 123.53 25 42.5 25 7.5 7.5 25 42.5 25 
1 RRT 1.1618 0.3187 0.58831 151.1 98.243 42.5 25 25 7.5 7.5 25 25 42.5 
1 RRT 1.98439 0.31791 1.4096 137.02 76.155 42.5 25 25 7.5 7.5 25 25 42.5 
1 RRT 1.27972 0.30526 0.72892 233.3 130.54 7.5 25 25 7.5 42.5 25 25 42.5 
1 RRT 0.91016 0.3107 0.35112 116.81 70.221 25 7.5 7.5 25 42.5 25 25 42.5 
1 RRT 0.985143 0.31563 0.41766 136.44 80.478 7.5 25 25 7.5 42.5 25 25 42.5 
1 RRT 1.04875 0.31145 0.48594 130.76 83.064 42.5 25 25 7.5 7.5 25 25 42.5 
1 RRT 1.01715 0.31791 0.44749 226.77 113.91 42.5 25 25 7.5 7.5 25 25 42.5 
1 RRT 0.962609 0.31591 0.3922 123.96 82.817 42.5 25 25 7.5 7.5 25 25 42.5 
1 RRT 1.83364 0.32405 1.2497 111.6 66.596 42.5 25 25 7.5 7.5 25 25 42.5 
1 RRT 1.14152 0.32229 0.55844 147.72 94.6 7.5 25 25 7.5 42.5 25 25 42.5 
1 RRT 1.34148 0.32153 0.76497 152.62 91.865 25 7.5 7.5 25 42.5 25 25 42.5 
1 RRT 0.948618 0.32457 0.36496 98.791 59.672 7.5 25 25 7.5 42.5 25 25 42.5 
1 RRT 1.73626 0.31865 1.1653 147.94 92.251 25 7.5 7.5 25 42.5 25 25 42.5 
1 RRT 1.00449 0.30916 0.44563 245.21 125.08 42.5 25 25 7.5 7.5 25 25 42.5 
1 RRT 2.90896 0.33387 2.3076 141.05 84 7.5 25 25 7.5 42.5 25 25 42.5 
1 RRT 1.80997 0.40593 1.0911 232.13 149.9 25 7.5 7.5 25 42.5 25 25 42.5 
1 RRT 1.64529 0.41412 0.9047 118.02 91.559 25 7.5 7.5 25 42.5 25 25 42.5 
1 RRT 1.45837 0.38763 0.75439 141.51 88.964 42.5 25 25 7.5 7.5 25 25 42.5 
1 RRT 1.12719 0.37163 0.47716 163.64 111.03 7.5 25 25 7.5 42.5 25 25 42.5 
1 RRT 1.71356 0.36859 1.0558 218.19 140.14 25 42.5 25 7.5 7.5 25 42.5 25 
1 RRT 1.7207 0.38521 1.0359 247.17 171.88 42.5 25 25 7.5 7.5 25 25 42.5 
1 RRT 1.12981 0.34774 0.49859 242.1 133.35 25 7.5 7.5 25 42.5 25 25 42.5 
1 RRT 1.42801 0.37994 0.75919 212.32 154.93 25 7.5 7.5 25 42.5 25 25 42.5 
1 RRT 1.09 0.34632 0.47947 204.22 130.28 25 7.5 7.5 25 42.5 25 25 42.5 
1 RRT 1.03882 0.33605 0.43491 118.34 80.443 25 42.5 25 7.5 7.5 25 42.5 25 
1 RRT 1.98473 0.36913 1.3218 150.89 88.719 7.5 25 25 7.5 42.5 25 25 42.5 
1 RRT 1.22827 0.39328 0.53942 120.7 96.8 25 7.5 7.5 25 42.5 25 25 42.5 
1 RRT 1.67715 0.4066 0.95259 161.9 100.84 25 42.5 25 7.5 7.5 25 42.5 25 
1 RRT 1.00179 0.34425 0.37394 106.29 58.4 7.5 25 25 7.5 42.5 25 25 42.5 
1 RRT 1.37264 0.42686 0.61738 117.96 70.685 42.5 25 25 7.5 7.5 25 25 42.5 
1 RRT 1.38634 0.35035 0.75545 120.48 64.556 42.5 25 25 7.5 7.5 25 25 42.5 
1 RRT 1.29483 0.3444 0.67544 242.47 168.4 42.5 25 25 7.5 7.5 25 25 42.5 
1 RRT 2.1297 0.41358 1.3972 224.84 131.86 25 7.5 7.5 25 42.5 25 25 42.5 
1 RRT 1.33583 0.36333 0.70078 277.56 162.76 25 7.5 7.5 25 42.5 25 25 42.5 
1 RRT 1.22625 0.41094 0.50015 126.7 82.597 42.5 25 25 7.5 7.5 25 25 42.5 
1 RRT 1.19518 0.41082 0.47168 141.33 90.38 25 7.5 7.5 25 42.5 25 25 42.5 
1 RRT 1.41411 0.41049 0.68336 267.7 187.6 42.5 25 25 7.5 7.5 25 25 42.5 
1 RRT 1.61607 0.37449 0.96158 152.22 90.822 42.5 25 25 7.5 7.5 25 25 42.5 
1 RRT 2.19274 0.35656 1.567 171.41 97.356 42.5 25 25 7.5 7.5 25 25 42.5 
1 RRT 1.25161 0.43584 0.48074 129.8 76.874 42.5 25 25 7.5 7.5 25 25 42.5 
1 RRT 1.72848 0.42864 0.96701 152.68 93.599 25 42.5 25 7.5 7.5 25 42.5 25 
1 RRT 1.17363 0.40678 0.451 113.66 67.716 7.5 25 25 7.5 42.5 25 25 42.5 
1 RRT 1.12911 0.38823 0.42901 130.3 78.916 25 42.5 25 7.5 7.5 25 42.5 25 
1 RRT 1.39805 0.43424 0.62791 144.95 88.862 25 7.5 7.5 25 42.5 25 25 42.5 
1 RRT 1.35315 0.42001 0.61422 156.12 92.828 25 7.5 7.5 25 42.5 25 25 42.5 
1 RRT 1.37048 0.39143 0.67718 123.89 76.2 25 42.5 25 7.5 7.5 25 42.5 25 
1 RRT 1.49755 0.43137 0.73184 163.81 113.08 25 7.5 7.5 25 42.5 25 25 42.5 
1 RRT 1.30888 0.42742 0.55689 179.83 109.3 7.5 25 25 7.5 42.5 25 25 42.5 
1 RRT 1.44366 0.41261 0.71465 200.49 122.82 25 7.5 7.5 25 42.5 25 25 42.5 
1 RRT 2.16189 0.41428 1.4246 183.04 109.66 7.5 25 25 7.5 42.5 25 25 42.5 
1 RRT 1.2465 0.3379 0.63547 227.8 136.06 7.5 25 25 7.5 42.5 25 25 42.5 
1 RRT 1.67841 0.41393 0.94705 155.82 96.099 7.5 25 25 7.5 42.5 25 25 42.5 
1 RRT 1.20864 0.40777 0.48505 198 114.11 25 7.5 7.5 25 42.5 25 25 42.5 
1 RRT 1.40994 0.42506 0.65668 134.87 85.784 25 7.5 7.5 25 42.5 25 25 42.5 
1 RRT 2.21436 0.41275 1.4832 205.23 113.11 25 7.5 7.5 25 42.5 25 25 42.5 
1 RRT 1.23604 0.41895 0.49329 113.93 76.37 42.5 25 25 7.5 7.5 25 25 42.5 
1 RRT 1.52992 0.37365 0.846 250.73 191.95 7.5 25 25 7.5 42.5 25 25 42.5 
1 RRT 1.59383 0.41681 0.8617 111.98 77.4 42.5 25 25 7.5 7.5 25 25 42.5 
1 RRT 1.22204 0.42092 0.47928 227.4 141.22 42.5 25 25 7.5 7.5 25 25 42.5 
1 RRT 1.64466 0.32748 1.0547 241.2 152.99 25 7.5 7.5 25 42.5 25 25 42.5 
1 RRT 3.42543 0.42983 2.6632 152.36 99.2 7.5 25 25 7.5 42.5 25 25 42.5 
1 RRT 1.02551 0.33319 0.43003 116.94 80.494 25 42.5 25 7.5 7.5 25 42.5 25 
1 RRT 0.963016 0.33264 0.36266 117.49 67.074 7.5 25 25 7.5 42.5 25 25 42.5 
1 RRT 0.985016 0.32296 0.40243 112.4 79 25 7.5 7.5 25 42.5 25 25 42.5 
1 RRT 1.02332 0.30803 0.46774 143.36 89.253 25 42.5 25 7.5 7.5 25 42.5 25 
1 RRT 1.24553 0.31787 0.67665 188.14 109.71 25 7.5 7.5 25 42.5 25 25 42.5 
1 RRT 0.926141 0.3062 0.37228 125.12 85.6 25 42.5 25 7.5 7.5 25 42.5 25 
1 RRT 1.13325 0.32531 0.54589 137.93 77.464 42.5 25 25 7.5 7.5 25 25 42.5 
1 RRT 0.943779 0.30884 0.38588 177.14 107.87 25 42.5 25 7.5 7.5 25 42.5 25 
1 RRT 1.76185 0.3194 1.1877 100.44 54.146 7.5 25 25 7.5 42.5 25 25 42.5 
1 RRT 0.945074 0.31551 0.37695 144.45 91.689 25 42.5 25 7.5 7.5 25 42.5 25 
1 RRT 1.13684 0.32732 0.548 122.55 77.6 25 42.5 25 7.5 7.5 25 42.5 25 
1 RRT 3.0537 0.41362 2.3202 213.36 148.61 42.5 25 25 7.5 7.5 25 25 42.5 
1 RRT 4.19826 0.42088 3.4546 234.08 145.98 25 42.5 25 7.5 7.5 25 42.5 25 
1 RRT 1.53489 0.41349 0.8032 152.24 88.182 42.5 25 25 7.5 7.5 25 25 42.5 
1 RRT 1.16009 0.32244 0.57744 223.94 135.62 42.5 25 25 7.5 7.5 25 25 42.5 
1 RRT 2.13764 0.32504 1.5535 142.01 99.544 25 7.5 7.5 25 42.5 25 25 42.5 
1 RRT 1.12849 0.33252 0.53349 159.3 105.29 7.5 25 25 7.5 42.5 25 25 42.5 
1 RRT 0.985311 0.31585 0.41849 127.41 94.2 7.5 25 25 7.5 42.5 25 25 42.5 
1 RRT 1.21213 0.31785 0.64121 214.69 127.1 7.5 25 25 7.5 42.5 25 25 42.5 
1 RRT 2.07553 0.32606 1.4893 287.46 175.07 25 42.5 25 7.5 7.5 25 42.5 25 
1 RRT 1.64888 0.32229 1.0705 118.1 76.4 7.5 25 25 7.5 42.5 25 25 42.5 
1 RRT 3.78016 0.31706 3.212 263.57 174.75 25 7.5 7.5 25 42.5 25 25 42.5 
1 RRT 1.03585 0.31016 0.47733 173.98 107.99 7.5 25 25 7.5 42.5 25 25 42.5 
1 RRT 1.3848 0.30958 0.82658 119.42 77.974 7.5 25 25 7.5 42.5 25 25 42.5 
1 RRT 1.36403 0.32658 0.77672 99.257 59.854 25 42.5 25 7.5 7.5 25 42.5 25 
1 RRT 2.15417 0.31734 1.5848 158.71 100.2 42.5 25 25 7.5 7.5 25 25 42.5 
1 RRT 1.14121 0.32857 0.55274 110.49 69.6 42.5 25 25 7.5 7.5 25 25 42.5 
1 RRT 1.19849 0.32454 0.61545 191.87 117.29 25 42.5 25 7.5 7.5 25 42.5 25 
1 RRT 1.86174 0.32509 1.2785 173.1 100.35 42.5 25 25 7.5 7.5 25 25 42.5 
1 RRT 0.97313 0.33195 0.37809 126.64 72.073 7.5 25 25 7.5 42.5 25 25 42.5 
1 RRT 1.11273 0.32371 0.53117 165.06 105.2 7.5 25 25 7.5 42.5 25 25 42.5 
1 RRT 1.00267 0.31108 0.44303 173.15 110.05 7.5 25 25 7.5 42.5 25 25 42.5 
1 RRT 2.6128 0.39372 1.9137 221.92 139.92 25 42.5 25 7.5 7.5 25 42.5 25 
1 RRT 0.996188 0.31906 0.42655 123 79.354 25 42.5 25 7.5 7.5 25 42.5 25 
1 RRT 0.959808 0.31165 0.39591 146.17 79.404 42.5 25 25 7.5 7.5 25 25 42.5 
1 RRT 1.64261 0.38984 0.93224 114.95 84.399 25 42.5 25 7.5 7.5 25 42.5 25 
1 RRT 1.3909 0.32825 0.80018 253.92 145.41 25 42.5 25 7.5 7.5 25 42.5 25 
1 RRT 1.29345 0.37192 0.61337 180.81 112.56 25 42.5 25 7.5 7.5 25 42.5 25 
1 RRT 1.11878 0.3165 0.55028 122.99 69.932 7.5 25 25 7.5 42.5 25 25 42.5 
1 RRT 1.52789 0.32492 0.94604 168.18 104.3 25 42.5 25 7.5 7.5 25 42.5 25 
1 RRT 0.983835 0.33537 0.38462 98.038 63.359 25 7.5 7.5 25 42.5 25 25 42.5 
1 RRT 1.35318 0.30547 0.79792 125.3 73.48 25 42.5 25 7.5 7.5 25 42.5 25 
1 RRT 1.51231 0.31371 0.94682 294.03 201.8 42.5 25 25 7.5 7.5 25 25 42.5 
1 RRT 1.15154 0.3179 0.58025 228.53 154.96 25 7.5 7.5 25 42.5 25 25 42.5 
1 RRT 1.41579 0.33613 0.81383 251.54 130.5 42.5 25 25 7.5 7.5 25 25 42.5 
1 RRT 1.56064 0.31694 0.98992 218.61 131.32 7.5 25 25 7.5 42.5 25 25 42.5 
1 RRT 1.253 0.31528 0.68638 141.86 80.926 25 42.5 25 7.5 7.5 25 42.5 25 
1 RRT 1.20442 0.41224 0.47213 115.9 72.933 25 42.5 25 7.5 7.5 25 42.5 25 
1 RRT 1.64452 0.31986 1.0721 140.65 98.855 25 7.5 7.5 25 42.5 25 25 42.5 
1 RRT 1.44362 0.32534 0.86002 199.49 117.5 25 7.5 7.5 25 42.5 25 25 42.5 
1 RRT 1.35047 0.30537 0.80073 220.35 139.73 42.5 25 25 7.5 7.5 25 25 42.5 
1 RRT 1.07283 0.30714 0.51497 135 86.759 42.5 25 25 7.5 7.5 25 25 42.5 
1 RRT 0.940636 0.31212 0.37823 167.32 102.87 25 42.5 25 7.5 7.5 25 42.5 25 
1 RRT 2.15591 0.43022 1.3936 191.26 119.04 7.5 25 25 7.5 42.5 25 25 42.5 
1 RRT 1.00493 0.30897 0.44925 109.79 67.373 25 7.5 7.5 25 42.5 25 25 42.5 
1 RRT 3.46427 0.32039 2.8885 218.75 156.62 25 42.5 25 7.5 7.5 25 42.5 25 
1 RRT 1.04731 0.32221 0.4685 124.79 89.572 25 7.5 7.5 25 42.5 25 25 42.5 
1 RRT 1.64076 0.41971 0.89761 161.99 103.97 25 7.5 7.5 25 42.5 25 25 42.5 
1 RRT 1.22542 0.31933 0.64936 206.64 123.82 42.5 25 25 7.5 7.5 25 25 42.5 
1 RRT 1.79562 0.31186 1.2321 124.52 89.109 7.5 25 25 7.5 42.5 25 25 42.5 
1 RRT 1.21201 0.31412 0.64498 147.88 96.899 42.5 25 25 7.5 7.5 25 25 42.5 
1 RRT 1.14309 0.32179 0.56461 236.71 153.63 25 42.5 25 7.5 7.5 25 42.5 25 
1 RRT 2.98058 0.42041 2.2377 328.15 196.6 42.5 25 25 7.5 7.5 25 25 42.5 
1 RRT 1.7291 0.31566 1.162 171.14 100.15 7.5 25 25 7.5 42.5 25 25 42.5 
1 RRT 1.13757 0.31286 0.57279 150.38 104.99 7.5 25 25 7.5 42.5 25 25 42.5 
1 RRT 1.67875 0.32341 1.0959 183.75 127.78 25 42.5 25 7.5 7.5 25 42.5 25 
1 RRT 1.06788 0.32293 0.4859 193 134.71 42.5 25 25 7.5 7.5 25 25 42.5 
1 RRT 1.03896 0.3127 0.47449 136.15 100.7 25 42.5 25 7.5 7.5 25 42.5 25 
1 RRT 1.8939 0.32272 1.3138 225.76 141.66 42.5 25 25 7.5 7.5 25 25 42.5 
1 RRT 1.00135 0.31751 0.43071 122.46 76.999 25 42.5 25 7.5 7.5 25 42.5 25 
1 RRT 1.07625 0.31831 0.50637 185.95 112.99 25 42.5 25 7.5 7.5 25 42.5 25 
1 RRT 2.98081 0.32917 2.3895 181.01 121.79 42.5 25 25 7.5 7.5 25 25 42.5 
1 RRT 1.79984 0.33674 1.1963 171.79 108.14 25 7.5 7.5 25 42.5 25 25 42.5 
1 RRT 1.05726 0.33301 0.4618 121.91 90.222 42.5 25 25 7.5 7.5 25 25 42.5 
1 RRT 0.919435 0.31308 0.35405 119 67.024 42.5 25 25 7.5 7.5 25 25 42.5 
1 RRT 1.01137 0.31746 0.44028 189.92 120.1 25 42.5 25 7.5 7.5 25 42.5 25 
1 RRT 0.927306 0.31694 0.35719 120.38 74.093 25 42.5 25 7.5 7.5 25 42.5 25 
1 RRT 2.40956 0.32336 1.8302 134.12 89.03 7.5 25 25 7.5 42.5 25 25 42.5 
1 RRT 0.94631 0.31737 0.37652 144.53 85.912 25 42.5 25 7.5 7.5 25 42.5 25 
1 RRT 1.53486 0.33003 0.94163 113.37 66.64 25 7.5 7.5 25 42.5 25 25 42.5 
1 RRT 1.14255 0.31782 0.56898 334.65 194.25 25 42.5 25 7.5 7.5 25 42.5 25 
0 RRT 10.5997 0.33246 10.009 0 -1 25 42.5 25 7.5 7.5 25 42.5 25 
1 RRT 2.03446 0.32853 1.4486 185.55 137.22 25 42.5 25 7.5 7.5 25 42.5 25 
1 RRT 1.38352 0.32391 0.80073 240.46 147.77 42.5 25 25 7.5 7.5 25 25 42.5 
1 RRT 1.24475 0.37989 0.54996 147.51 89.575 7.5 25 25 7.5 42.5 25 25 42.5 
1 RRT 1.02486 0.31695 0.45535 125.77 84.832 25 7.5 7.5 25 42.5 25 25 42.5 
1 RRT 1.12148 0.3373 0.51956 181.37 125.42 7.5 25 25 7.5 42.5 25 25 42.5 
1 RRT 1.10338 0.31461 0.5373 196.14 123.07 42.5 25 25 7.5 7.5 25 25 42.5 
1 RRT 1.6653 0.32688 1.0784 146.32 111.12 42.5 25 25 7.5 7.5 25 25 42.5 
1 RRT 1.02014 0.33488 0.4173 138.58 80.629 25 42.5 25 7.5 7.5 25 42.5 25 
1 RRT 0.961265 0.32453 0.38236 182.22 106.19 42.5 25 25 7.5 7.5 25 25 42.5 
1 RRT 1.15055 0.30736 0.59547 198.65 119.15 7.5 25 25 7.5 42.5 25 25 42.5 
1 RRT 3.20794 0.32895 2.6172 157.96 101.89 25 42.5 25 7.5 7.5 25 42.5 25 
1 RRT 1.00088 0.3231 0.41934 162.67 100.42 42.5 25 25 7.5 7.5 25 25 42.5 
1 RRT 1.69705 0.31553 1.1296 165.46 97.218 7.5 25 25 7.5 42.5 25 25 42.5 
1 RRT 0.970467 0.31858 0.39663 109.58 69.39 7.5 25 25 7.5 42.5 25 25 42.5 
1 RRT 1.01616 0.32011 0.44036 112.98 85.962 42.5 25 25 7.5 7.5 25 25 42.5 
1 RRT 1.70906 0.32942 1.1174 216.17 137.1 25 7.5 7.5 25 42.5 25 25 42.5 
1 RRT 1.36217 0.32228 0.78287 128.06 76.494 42.5 25 25 7.5 7.5 25 25 42.5 
1 RRT 1.82619 0.33282 1.2296 360.39 222.5 25 7.5 7.5 25 42.5 25 25 42.5 
1 RRT 1.03728 0.33521 0.43349 167.06 101.92 25 7.5 7.5 25 42.5 25 25 42.5 
1 RRT 1.06789 0.32537 0.48444 244.34 142.1 42.5 25 25 7.5 7.5 25 25 42.5 
1 RRT 1.16697 0.32586 0.58359 204.51 111.73 7.5 25 25 7.5 42.5 25 25 42.5 
1 RRT 1.22476 0.3285 0.63483 161.37 104.25 7.5 25 25 7.5 42.5 25 25 42.5 
1 RRT 1.04793 0.32254 0.46996 201.26 129.6 25 42.5 25 7.5 7.5 25 42.5 25 
1 RRT 0.967953 0.33074 0.37171 131.94 96.341 42.5 25 25 7.5 7.5 25 25 42.5 
1 RRT 0.716958 0.24342 0.26555 101.63 57.349 25 42.5 25 7.5 7.5 25 42.5 25 
