1 RRT 2.09908 0.44294 1.3287 273.1 167.53 37.5 12.5 12.5 12.5 25 7.5 7.5 25 25 25 42.5 25 12.5 37.5 25 42.5 37.5 37.5 
1 RRT 1.58036 0.32311 1.0097 260.26 164.28 42.5 25 12.5 12.5 25 7.5 37.5 12.5 7.5 25 25 25 12.5 37.5 25 42.5 37.5 37.5 
1 RRT 1.1003 0.33551 0.50855 217.29 150.15 25 42.5 12.5 12.5 25 7.5 37.5 12.5 7.5 25 25 25 42.5 25 12.5 37.5 37.5 37.5 
1 RRT 1.64628 0.35532 1.0141 398.76 231.68 37.5 37.5 12.5 12.5 25 7.5 37.5 12.5 7.5 25 25 25 42.5 25 12.5 37.5 25 42.5 
1 RRT 2.06103 0.32735 1.4866 383.88 251.57 25 42.5 12.5 12.5 25 7.5 37.5 12.5 7.5 25 25 25 42.5 25 12.5 37.5 37.5 37.5 
1 RRT 1.11423 0.32706 0.53931 299.12 197.7 37.5 12.5 12.5 12.5 25 7.5 7.5 25 25 25 42.5 25 12.5 37.5 25 42.5 37.5 37.5 
1 RRT 1.15783 0.3344 0.5702 246.41 174.43 37.5 37.5 12.5 12.5 25 7.5 37.5 12.5 7.5 25 25 25 42.5 25 12.5 37.5 25 42.5 
1 RRT 1.06257 0.32505 0.48826 185.28 119.2 37.5 37.5 12.5 12.5 25 7.5 37.5 12.5 7.5 25 25 25 42.5 25 12.5 37.5 25 42.5 
1 RRT 1.03001 0.32219 0.4614 238.85 128.98 7.5 25 12.5 12.5 25 7.5 37.5 12.5 25 25 42.5 25 12.5 37.5 25 42.5 37.5 37.5 
1 RRT 0.999009 0.32294 0.42921 271.55 155.03 25 42.5 12.5 12.5 25 7.5 37.5 12.5 7.5 25 25 25 42.5 25 12.5 37.5 37.5 37.5 
1 RRT 1.07791 0.34043 0.47975 224.61 156.35 37.5 12.5 12.5 12.5 25 7.5 7.5 25 25 25 42.5 25 12.5 37.5 25 42.5 37.5 37.5 
1 RRT 1.00577 0.32615 0.42866 275.89 162.96 42.5 25 12.5 12.5 25 7.5 37.5 12.5 7.5 25 25 25 12.5 37.5 25 42.5 37.5 37.5 
1 RRT 1.13998 0.33089 0.56253 213.95 152.69 25 42.5 12.5 12.5 25 7.5 37.5 12.5 7.5 25 25 25 42.5 25 12.5 37.5 37.5 37.5 
1 RRT 3.42867 0.32393 2.8563 230.1 133.55 25 42.5 12.5 12.5 25 7.5 37.5 12.5 7.5 25 25 25 42.5 25 12.5 37.5 37.5 37.5 
1 RRT 1.21938 0.32127 0.64999 567.99 324.49 12.5 12.5 25 7.5 37.5 12.5 7.5 25 25 25 42.5 25 12.5 37.5 25 42.5 37.5 37.5 
1 RRT 1.06412 0.32956 0.48598 276.51 158.81 37.5 12.5 12.5 12.5 25 7.5 7.5 25 25 25 42.5 25 12.5 37.5 25 42.5 37.5 37.5 
1 RRT 1.23737 0.32869 0.65887 314.88 193.88 7.5 25 12.5 12.5 25 7.5 37.5 12.5 25 25 42.5 25 12.5 37.5 25 42.5 37.5 37.5 
1 RRT 1.05756 0.33198 0.47317 280.05 180.46 12.5 37.5 12.5 12.5 25 7.5 37.5 12.5 7.5 25 25 25 42.5 25 25 42.5 37.5 37.5 
1 RRT 1.00999 0.32611 0.43411 248.19 141.88 25 25 12.5 12.5 25 7.5 37.5 12.5 7.5 25 42.5 25 12.5 37.5 25 42.5 37.5 37.5 
1 RRT 1.57724 0.32839 0.99772 161.24 100.84 12.5 37.5 12.5 12.5 25 7.5 37.5 12.5 7.5 25 25 25 42.5 25 25 42.5 37.5 37.5 
1 RRT 1.72459 0.32487 1.1475 283.66 194.01 25 42.5 12.5 12.5 25 7.5 37.5 12.5 7.5 25 25 25 42.5 25 12.5 37.5 37.5 37.5 
1 RRT 1.10413 0.32527 0.53015 199.07 125.51 12.5 37.5 12.5 12.5 25 7.5 37.5 12.5 7.5 25 25 25 42.5 25 25 42.5 37.5 37.5 
1 RRT 0.989484 0.33492 0.39802 200.63 118.99 12.5 37.5 12.5 12.5 25 7.5 37.5 12.5 7.5 25 25 25 42.5 25 25 42.5 37.5 37.5 
1 RRT 1.33225 0.43755 0.57267 232.34 157.21 37.5 37.5 12.5 12.5 25 7.5 37.5 12.5 7.5 25 25 25 42.5 25 12.5 37.5 25 42.5 
1 RRT 1.0827 0.32837 0.50064 272.24 188.65 37.5 12.5 12.5 12.5 25 7.5 7.5 25 25 25 42.5 25 12.5 37.5 25 42.5 37.5 37.5 
1 RRT 1.31542 0.32737 0.73744 439.69 281.64 25 7.5 12.5 12.5 37.5 12.5 7.5 25 25 25 42.5 25 12.5 37.5 25 42.5 37.5 37.5 
1 RRT 1.45518 0.34337 0.85048 280.32 168.27 7.5 25 12.5 12.5 25 7.5 37.5 12.5 25 25 42.5 25 12.5 37.5 25 42.5 37.5 37.5 
1 RRT 1.08382 0.32605 0.5097 278.09 167.06 37.5 37.5 12.5 12.5 25 7.5 37.5 12.5 7.5 25 25 25 42.5 25 12.5 37.5 25 42.5 
1 RRT 1.32399 0.32269 0.75245 315.92 214.97 25 25 12.5 12.5 25 7.5 37.5 12.5 7.5 25 42.5 25 12.5 37.5 25 42.5 37.5 37.5 
1 RRT 1.34743 0.32958 0.76513 189.35 125.89 42.5 25 12.5 12.5 25 7.5 37.5 12.5 7.5 25 25 25 12.5 37.5 25 42.5 37.5 37.5 
1 RRT 2.71301 0.34025 2.1134 269.02 160.35 12.5 37.5 12.5 12.5 25 7.5 37.5 12.5 7.5 25 25 25 42.5 25 25 42.5 37.5 37.5 
1 RRT 0.940405 0.3172 0.38116 192.15 130.79 37.5 37.5 12.5 12.5 25 7.5 37.5 12.5 7.5 25 25 25 42.5 25 12.5 37.5 25 42.5 
1 RRT 1.18928 0.32214 0.6192 256.25 156.35 25 42.5 12.5 12.5 25 7.5 37.5 12.5 7.5 25 25 25 42.5 25 12.5 37.5 37.5 37.5 
1 RRT 1.27413 0.32943 0.69253 212.29 126.8 37.5 12.5 12.5 12.5 25 7.5 7.5 25 25 25 42.5 25 12.5 37.5 25 42.5 37.5 37.5 
1 RRT 1.67082 0.32779 1.0929 277.19 190.59 25 7.5 12.5 12.5 37.5 12.5 7.5 25 25 25 42.5 25 12.5 37.5 25 42.5 37.5 37.5 
1 RRT 1.01056 0.33507 0.41964 253.62 172.28 25 7.5 12.5 12.5 37.5 12.5 7.5 25 25 25 42.5 25 12.5 37.5 25 42.5 37.5 37.5 
1 RRT 1.27367 0.3269 0.69583 289.27 169.28 12.5 12.5 25 7.5 37.5 12.5 7.5 25 25 25 42.5 25 12.5 37.5 25 42.5 37.5 37.5 
1 RRT 1.3048 0.3271 0.72733 359.36 231.87 7.5 25 12.5 12.5 25 7.5 37.5 12.5 25 25 42.5 25 12.5 37.5 25 42.5 37.5 37.5 
1 RRT 1.41867 0.45358 0.63001 243.13 143.37 37.5 37.5 12.5 12.5 25 7.5 37.5 12.5 7.5 25 25 25 42.5 25 12.5 37.5 25 42.5 
1 RRT 1.75957 0.33517 1.1666 317.23 190.08 25 7.5 12.5 12.5 37.5 12.5 7.5 25 25 25 42.5 25 12.5 37.5 25 42.5 37.5 37.5 
1 RRT 1.03796 0.33795 0.44054 263.11 148.79 42.5 25 12.5 12.5 25 7.5 37.5 12.5 7.5 25 25 25 12.5 37.5 25 42.5 37.5 37.5 
1 RRT 1.01232 0.33603 0.42195 220 130.29 25 7.5 12.5 12.5 37.5 12.5 7.5 25 25 25 42.5 25 12.5 37.5 25 42.5 37.5 37.5 
1 RRT 1.43847 0.32907 0.86263 300.16 191.69 7.5 25 12.5 12.5 25 7.5 37.5 12.5 25 25 42.5 25 12.5 37.5 25 42.5 37.5 37.5 
1 RRT 1.85903 0.43379 1.1034 304.79 186.38 25 42.5 12.5 12.5 25 7.5 37.5 12.5 7.5 25 25 25 42.5 25 12.5 37.5 37.5 37.5 
1 RRT 1.3343 0.32943 0.75525 213.2 138.9 37.5 12.5 12.5 12.5 25 7.5 7.5 25 25 25 42.5 25 12.5 37.5 25 42.5 37.5 37.5 
1 RRT 0.945181 0.31743 0.38249 253.58 154.77 25 42.5 12.5 12.5 25 7.5 37.5 12.5 7.5 25 25 25 42.5 25 12.5 37.5 37.5 37.5 
1 RRT 2.1427 0.33323 1.5551 321.68 204.62 37.5 37.5 12.5 12.5 25 7.5 37.5 12.5 7.5 25 25 25 42.5 25 12.5 37.5 25 42.5 
1 RRT 0.983842 0.32491 0.41216 214.7 156.2 42.5 25 12.5 12.5 25 7.5 37.5 12.5 7.5 25 25 25 12.5 37.5 25 42.5 37.5 37.5 
1 RRT 1.04787 0.32875 0.46788 231.11 159.53 7.5 25 12.5 12.5 25 7.5 37.5 12.5 25 25 42.5 25 12.5 37.5 25 42.5 37.5 37.5 
1 RRT 1.0955 0.32901 0.5156 284.92 169.19 25 7.5 12.5 12.5 37.5 12.5 7.5 25 25 25 42.5 25 12.5 37.5 25 42.5 37.5 37.5 
1 RRT 1.07077 0.3295 0.49063 359.34 246.68 37.5 12.5 12.5 12.5 25 7.5 7.5 25 25 25 42.5 25 12.5 37.5 25 42.5 37.5 37.5 
1 RRT 1.1491 0.33108 0.56537 223.65 136.66 37.5 37.5 12.5 12.5 25 7.5 37.5 12.5 7.5 25 25 25 42.5 25 12.5 37.5 25 42.5 
1 RRT 1.29275 0.33901 0.69578 251.03 147.76 12.5 37.5 12.5 12.5 25 7.5 37.5 12.5 7.5 25 25 25 42.5 25 25 42.5 37.5 37.5 
1 RRT 1.07706 0.32447 0.50498 349.57 218.5 37.5 12.5 12.5 12.5 25 7.5 7.5 25 25 25 42.5 25 12.5 37.5 25 42.5 37.5 37.5 
1 RRT 1.36596 0.4258 0.62413 387.08 219.05 25 42.5 12.5 12.5 25 7.5 37.5 12.5 7.5 25 25 25 42.5 25 12.5 37.5 37.5 37.5 
1 RRT 1.43443 0.32586 0.85913 282.24 158.82 7.5 25 12.5 12.5 25 7.5 37.5 12.5 25 25 42.5 25 12.5 37.5 25 42.5 37.5 37.5 
1 RRT 1.00267 0.32531 0.42716 305.8 189.14 25 7.5 12.5 12.5 37.5 12.5 7.5 25 25 25 42.5 25 12.5 37.5 25 42.5 37.5 37.5 
1 RRT 1.52537 0.33713 0.93136 272.8 167.91 25 42.5 12.5 12.5 25 7.5 37.5 12.5 7.5 25 25 25 42.5 25 12.5 37.5 37.5 37.5 
1 RRT 2.21714 0.31164 1.6656 417.75 236.84 37.5 12.5 12.5 12.5 25 7.5 7.5 25 25 25 42.5 25 12.5 37.5 25 42.5 37.5 37.5 
1 RRT 1.54777 0.3247 0.97307 224.74 129.37 25 7.5 12.5 12.5 37.5 12.5 7.5 25 25 25 42.5 25 12.5 37.5 25 42.5 37.5 37.5 
1 RRT 0.976468 0.32222 0.40662 223.65 145.82 12.5 37.5 12.5 12.5 25 7.5 37.5 12.5 7.5 25 25 25 42.5 25 25 42.5 37.5 37.5 
1 RRT 0.950974 0.32457 0.37593 198.96 129.46 37.5 12.5 12.5 12.5 25 7.5 7.5 25 25 25 42.5 25 12.5 37.5 25 42.5 37.5 37.5 
1 RRT 1.09052 0.32154 0.52087 280.3 167.15 25 7.5 12.5 12.5 37.5 12.5 7.5 25 25 25 42.5 25 12.5 37.5 25 42.5 37.5 37.5 
1 RRT 1.06933 0.32651 0.49259 290.09 182.4 42.5 25 12.5 12.5 25 7.5 37.5 12.5 7.5 25 25 25 12.5 37.5 25 42.5 37.5 37.5 
1 RRT 1.00197 0.33758 0.41584 226.46 147.62 42.5 25 12.5 12.5 25 7.5 37.5 12.5 7.5 25 25 25 12.5 37.5 25 42.5 37.5 37.5 
1 RRT 1.51033 0.32109 0.94328 312.22 190.02 42.5 25 12.5 12.5 25 7.5 37.5 12.5 7.5 25 25 25 12.5 37.5 25 42.5 37.5 37.5 
1 RRT 0.991114 0.33133 0.40577 188.34 106.62 7.5 25 12.5 12.5 25 7.5 37.5 12.5 25 25 42.5 25 12.5 37.5 25 42.5 37.5 37.5 
1 RRT 1.58276 0.44691 0.80471 186.03 112.11 42.5 25 12.5 12.5 25 7.5 37.5 12.5 7.5 25 25 25 12.5 37.5 25 42.5 37.5 37.5 
1 RRT 1.20806 0.33001 0.6254 317.08 191.41 12.5 12.5 25 7.5 37.5 12.5 7.5 25 25 25 42.5 25 12.5 37.5 25 42.5 37.5 37.5 
1 RRT 1.47516 0.32458 0.90527 432.02 242.73 25 25 12.5 12.5 25 7.5 37.5 12.5 7.5 25 42.5 25 12.5 37.5 25 42.5 37.5 37.5 
1 RRT 1.59675 0.43498 0.84021 334.39 211.87 7.5 25 12.5 12.5 25 7.5 37.5 12.5 25 25 42.5 25 12.5 37.5 25 42.5 37.5 37.5 
1 RRT 1.67055 0.42291 0.93122 478.92 274.93 25 7.5 12.5 12.5 37.5 12.5 7.5 25 25 25 42.5 25 12.5 37.5 25 42.5 37.5 37.5 
1 RRT 1.05308 0.33482 0.46223 205.68 130.99 25 25 12.5 12.5 25 7.5 37.5 12.5 7.5 25 42.5 25 12.5 37.5 25 42.5 37.5 37.5 
1 RRT 1.64347 0.35353 1.0172 317.54 196.49 37.5 12.5 12.5 12.5 25 7.5 7.5 25 25 25 42.5 25 12.5 37.5 25 42.5 37.5 37.5 
1 RRT 1.04928 0.32684 0.47093 284.88 180.35 12.5 37.5 12.5 12.5 25 7.5 37.5 12.5 7.5 25 25 25 42.5 25 25 42.5 37.5 37.5 
1 RRT 0.985624 0.32081 0.41925 240.63 153.31 37.5 37.5 12.5 12.5 25 7.5 37.5 12.5 7.5 25 25 25 42.5 25 12.5 37.5 25 42.5 
1 RRT 1.35287 0.44663 0.5787 281.96 185.03 37.5 37.5 12.5 12.5 25 7.5 37.5 12.5 7.5 25 25 25 42.5 25 12.5 37.5 25 42.5 
1 RRT 2.76905 0.33782 2.175 339.49 220 37.5 37.5 12.5 12.5 25 7.5 37.5 12.5 7.5 25 25 25 42.5 25 12.5 37.5 25 42.5 
1 RRT 1.66697 0.33391 1.0793 274.33 166.02 25 42.5 12.5 12.5 25 7.5 37.5 12.5 7.5 25 25 25 42.5 25 12.5 37.5 37.5 37.5 
1 RRT 0.990316 0.31886 0.42817 147.05 89.4 12.5 12.5 25 7.5 37.5 12.5 7.5 25 25 25 42.5 25 12.5 37.5 25 42.5 37.5 37.5 
1 RRT 1.18463 0.33808 0.59127 390.75 240.35 25 25 12.5 12.5 25 7.5 37.5 12.5 7.5 25 42.5 25 12.5 37.5 25 42.5 37.5 37.5 
1 RRT 1.24405 0.33504 0.65405 221.4 143.62 37.5 12.5 12.5 12.5 25 7.5 7.5 25 25 25 42.5 25 12.5 37.5 25 42.5 37.5 37.5 
1 RRT 1.09918 0.327 0.52045 209.47 127.04 7.5 25 12.5 12.5 25 7.5 37.5 12.5 25 25 42.5 25 12.5 37.5 25 42.5 37.5 37.5 
1 RRT 1.78015 0.34012 1.1808 280.58 184.78 42.5 25 12.5 12.5 25 7.5 37.5 12.5 7.5 25 25 25 12.5 37.5 25 42.5 37.5 37.5 
1 RRT 1.58555 0.3142 1.0304 390.84 223.79 12.5 12.5 25 7.5 37.5 12.5 7.5 25 25 25 42.5 25 12.5 37.5 25 42.5 37.5 37.5 
1 RRT 1.19523 0.33358 0.60456 334.18 195.06 42.5 25 12.5 12.5 25 7.5 37.5 12.5 7.5 25 25 25 12.5 37.5 25 42.5 37.5 37.5 
1 RRT 1.84748 0.33284 1.2597 380.73 254.93 7.5 25 12.5 12.5 25 7.5 37.5 12.5 25 25 42.5 25 12.5 37.5 25 42.5 37.5 37.5 
1 RRT 1.48131 0.34351 0.87894 265.2 145.25 12.5 12.5 25 7.5 37.5 12.5 7.5 25 25 25 42.5 25 12.5 37.5 25 42.5 37.5 37.5 
1 RRT 1.39939 0.33001 0.81642 328.99 207.74 7.5 25 12.5 12.5 25 7.5 37.5 12.5 25 25 42.5 25 12.5 37.5 25 42.5 37.5 37.5 
1 RRT 1.10573 0.3245 0.53257 268.9 165.51 25 42.5 12.5 12.5 25 7.5 37.5 12.5 7.5 25 25 25 42.5 25 12.5 37.5 37.5 37.5 
1 RRT 1.0798 0.32406 0.50654 266.87 169.92 37.5 37.5 12.5 12.5 25 7.5 37.5 12.5 7.5 25 25 25 42.5 25 12.5 37.5 25 42.5 
1 RRT 1.24262 0.33301 0.65642 322.75 228.48 42.5 25 12.5 12.5 25 7.5 37.5 12.5 7.5 25 25 25 12.5 37.5 25 42.5 37.5 37.5 
1 RRT 1.321 0.43605 0.55922 291 182.31 7.5 25 12.5 12.5 25 7.5 37.5 12.5 25 25 42.5 25 12.5 37.5 25 42.5 37.5 37.5 
1 RRT 1.36338 0.33108 0.78028 248.64 158.09 12.5 37.5 12.5 12.5 25 7.5 37.5 12.5 7.5 25 25 25 42.5 25 25 42.5 37.5 37.5 
1 RRT 1.09974 0.32501 0.52365 516.79 289.18 12.5 12.5 25 7.5 37.5 12.5 7.5 25 25 25 42.5 25 12.5 37.5 25 42.5 37.5 37.5 
1 RRT 0.990716 0.3354 0.3979 178.6 108.3 25 7.5 12.5 12.5 37.5 12.5 7.5 25 25 25 42.5 25 12.5 37.5 25 42.5 37.5 37.5 
1 RRT 1.97657 0.43633 1.2189 198.9 117.06 25 42.5 12.5 12.5 25 7.5 37.5 12.5 7.5 25 25 25 42.5 25 12.5 37.5 37.5 37.5 
1 RRT 1.45019 0.36188 0.80771 370.48 228.38 25 42.5 12.5 12.5 25 7.5 37.5 12.5 7.5 25 25 25 42.5 25 12.5 37.5 37.5 37.5 
1 RRT 1.77429 0.32775 1.1945 346.2 204.57 37.5 12.5 12.5 12.5 25 7.5 7.5 25 25 25 42.5 25 12.5 37.5 25 42.5 37.5 37.5 
1 RRT 1.23998 0.31946 0.67353 332.54 184.88 25 42.5 12.5 12.5 25 7.5 37.5 12.5 7.5 25 25 25 42.5 25 12.5 37.5 37.5 37.5 
1 RRT 1.12526 0.3246 0.55377 329.99 203.7 42.5 25 12.5 12.5 25 7.5 37.5 12.5 7.5 25 25 25 12.5 37.5 25 42.5 37.5 37.5 
1 RRT 1.18998 0.32752 0.61166 246.45 178.59 37.5 37.5 12.5 12.5 25 7.5 37.5 12.5 7.5 25 25 25 42.5 25 12.5 37.5 25 42.5 
1 RRT 1.92466 0.33356 1.3356 296.45 191.93 37.5 37.5 12.5 12.5 25 7.5 37.5 12.5 7.5 25 25 25 42.5 25 12.5 37.5 25 42.5 
1 RRT 1.72281 0.3359 1.1292 468.14 267.23 37.5 12.5 12.5 12.5 25 7.5 7.5 25 25 25 42.5 25 12.5 37.5 25 42.5 37.5 37.5 
1 RRT 1.22773 0.40691 0.49932 284.28 183.7 7.5 25 12.5 12.5 25 7.5 37.5 12.5 25 25 42.5 25 12.5 37.5 25 42.5 37.5 37.5 
1 RRT 1.1766 0.32937 0.59477 232.14 141.7 25 7.5 12.5 12.5 37.5 12.5 7.5 25 25 25 42.5 25 12.5 37.5 25 42.5 37.5 37.5 
1 RRT 2.36011 0.3276 1.7804 251 176.8 42.5 25 12.5 12.5 25 7.5 37.5 12.5 7.5 25 25 25 12.5 37.5 25 42.5 37.5 37.5 
1 RRT 1.03281 0.33646 0.43794 236.82 135.62 7.5 25 12.5 12.5 25 7.5 37.5 12.5 25 25 42.5 25 12.5 37.5 25 42.5 37.5 37.5 
1 RRT 1.18184 0.33367 0.5941 233.65 160.64 25 42.5 12.5 12.5 25 7.5 37.5 12.5 7.5 25 25 25 42.5 25 12.5 37.5 37.5 37.5 
1 RRT 1.157 0.33908 0.56465 244.86 138.93 25 42.5 12.5 12.5 25 7.5 37.5 12.5 7.5 25 25 25 42.5 25 12.5 37.5 37.5 37.5 
1 RRT 1.71054 0.31971 1.145 203.03 129.6 37.5 12.5 12.5 12.5 25 7.5 7.5 25 25 25 42.5 25 12.5 37.5 25 42.5 37.5 37.5 
1 RRT 1.4788 0.34 0.8779 177.76 117.72 37.5 12.5 12.5 12.5 25 7.5 7.5 25 25 25 42.5 25 12.5 37.5 25 42.5 37.5 37.5 
1 RRT 1.29982 0.33193 0.71303 398.19 244.29 25 25 12.5 12.5 25 7.5 37.5 12.5 7.5 25 42.5 25 12.5 37.5 25 42.5 37.5 37.5 
1 RRT 1.25175 0.32739 0.67418 442.42 243.44 12.5 12.5 25 7.5 37.5 12.5 7.5 25 25 25 42.5 25 12.5 37.5 25 42.5 37.5 37.5 
1 RRT 1.84459 0.34369 1.2434 351.28 202.6 25 25 12.5 12.5 25 7.5 37.5 12.5 7.5 25 42.5 25 12.5 37.5 25 42.5 37.5 37.5 
1 RRT 1.42197 0.34824 0.80561 185.65 111.26 42.5 25 12.5 12.5 25 7.5 37.5 12.5 7.5 25 25 25 12.5 37.5 25 42.5 37.5 37.5 
1 RRT 1.37719 0.43483 0.6178 211.67 145.26 37.5 37.5 12.5 12.5 25 7.5 37.5 12.5 7.5 25 25 25 42.5 25 12.5 37.5 25 42.5 
1 RRT 1.53719 0.43276 0.78167 287.63 187.94 37.5 37.5 12.5 12.5 25 7.5 37.5 12.5 7.5 25 25 25 42.5 25 12.5 37.5 25 42.5 
1 RRT 1.40652 0.4275 0.6654 242.87 169.97 12.5 37.5 12.5 12.5 25 7.5 37.5 12.5 7.5 25 25 25 42.5 25 25 42.5 37.5 37.5 
1 RRT 1.00833 0.3447 0.40241 183.07 107.95 37.5 37.5 12.5 12.5 25 7.5 37.5 12.5 7.5 25 25 25 42.5 25 12.5 37.5 25 42.5 
1 RRT 1.81662 0.40856 1.1028 276.01 170.65 7.5 25 12.5 12.5 25 7.5 37.5 12.5 25 25 42.5 25 12.5 37.5 25 42.5 37.5 37.5 
1 RRT 1.11567 0.37296 0.45032 243.32 167.73 37.5 12.5 12.5 12.5 25 7.5 7.5 25 25 25 42.5 25 12.5 37.5 25 42.5 37.5 37.5 
1 RRT 2.67266 0.37608 2.0012 301.78 174.29 37.5 12.5 12.5 12.5 25 7.5 7.5 25 25 25 42.5 25 12.5 37.5 25 42.5 37.5 37.5 
1 RRT 1.91522 0.33338 1.3271 248.03 170.98 25 25 12.5 12.5 25 7.5 37.5 12.5 7.5 25 42.5 25 12.5 37.5 25 42.5 37.5 37.5 
1 RRT 1.36003 0.41945 0.62763 269.23 164.58 37.5 12.5 12.5 12.5 25 7.5 7.5 25 25 25 42.5 25 12.5 37.5 25 42.5 37.5 37.5 
1 RRT 1.40072 0.43897 0.63672 268.01 170.29 7.5 25 12.5 12.5 25 7.5 37.5 12.5 25 25 42.5 25 12.5 37.5 25 42.5 37.5 37.5 
1 RRT 1.48906 0.4454 0.71106 274.53 170.93 42.5 25 12.5 12.5 25 7.5 37.5 12.5 7.5 25 25 25 12.5 37.5 25 42.5 37.5 37.5 
1 RRT 1.27235 0.45078 0.48221 177.67 85.617 25 7.5 12.5 12.5 37.5 12.5 7.5 25 25 25 42.5 25 12.5 37.5 25 42.5 37.5 37.5 
1 RRT 1.3555 0.43423 0.60179 228.49 158.72 12.5 37.5 12.5 12.5 25 7.5 37.5 12.5 7.5 25 25 25 42.5 25 25 42.5 37.5 37.5 
1 RRT 1.33084 0.41984 0.59915 179.27 113.19 12.5 12.5 25 7.5 37.5 12.5 7.5 25 25 25 42.5 25 12.5 37.5 25 42.5 37.5 37.5 
1 RRT 1.76155 0.33167 1.1742 307.96 181.36 25 7.5 12.5 12.5 37.5 12.5 7.5 25 25 25 42.5 25 12.5 37.5 25 42.5 37.5 37.5 
1 RRT 2.20909 0.34194 1.6074 207.68 125.41 25 25 12.5 12.5 25 7.5 37.5 12.5 7.5 25 42.5 25 12.5 37.5 25 42.5 37.5 37.5 
1 RRT 1.58806 0.42423 0.84868 367.99 218.45 25 25 12.5 12.5 25 7.5 37.5 12.5 7.5 25 42.5 25 12.5 37.5 25 42.5 37.5 37.5 
1 RRT 1.97969 0.4155 1.2388 319.74 225.76 25 7.5 12.5 12.5 37.5 12.5 7.5 25 25 25 42.5 25 12.5 37.5 25 42.5 37.5 37.5 
1 RRT 1.21847 0.42271 0.47652 193.55 116.06 25 7.5 12.5 12.5 37.5 12.5 7.5 25 25 25 42.5 25 12.5 37.5 25 42.5 37.5 37.5 
1 RRT 1.38334 0.42654 0.63614 225.86 151.64 12.5 12.5 25 7.5 37.5 12.5 7.5 25 25 25 42.5 25 12.5 37.5 25 42.5 37.5 37.5 
1 RRT 1.44311 0.43083 0.69178 231.34 128.12 37.5 37.5 12.5 12.5 25 7.5 37.5 12.5 7.5 25 25 25 42.5 25 12.5 37.5 25 42.5 
1 RRT 2.47243 0.42666 1.7278 392.05 254.45 42.5 25 12.5 12.5 25 7.5 37.5 12.5 7.5 25 25 25 12.5 37.5 25 42.5 37.5 37.5 
1 RRT 1.34809 0.43061 0.59279 275.8 171.8 37.5 37.5 12.5 12.5 25 7.5 37.5 12.5 7.5 25 25 25 42.5 25 12.5 37.5 25 42.5 
1 RRT 1.33336 0.44236 0.56035 249.92 144.14 12.5 12.5 25 7.5 37.5 12.5 7.5 25 25 25 42.5 25 12.5 37.5 25 42.5 37.5 37.5 
1 RRT 1.51756 0.44518 0.74397 433.68 301.85 12.5 12.5 25 7.5 37.5 12.5 7.5 25 25 25 42.5 25 12.5 37.5 25 42.5 37.5 37.5 
1 RRT 1.78422 0.43488 1.0297 428.39 249.15 25 7.5 12.5 12.5 37.5 12.5 7.5 25 25 25 42.5 25 12.5 37.5 25 42.5 37.5 37.5 
1 RRT 1.74182 0.34117 1.1459 313.53 199.57 37.5 12.5 12.5 12.5 25 7.5 7.5 25 25 25 42.5 25 12.5 37.5 25 42.5 37.5 37.5 
1 RRT 1.39166 0.36534 0.75796 314.86 185.21 7.5 25 12.5 12.5 25 7.5 37.5 12.5 25 25 42.5 25 12.5 37.5 25 42.5 37.5 37.5 
1 RRT 1.05516 0.3251 0.48049 187.79 116.12 25 7.5 12.5 12.5 37.5 12.5 7.5 25 25 25 42.5 25 12.5 37.5 25 42.5 37.5 37.5 
1 RRT 0.963345 0.316 0.40453 363.44 208.44 12.5 37.5 12.5 12.5 25 7.5 37.5 12.5 7.5 25 25 25 42.5 25 25 42.5 37.5 37.5 
1 RRT 1.48988 0.41343 0.76618 245.37 168.97 37.5 37.5 12.5 12.5 25 7.5 37.5 12.5 7.5 25 25 25 42.5 25 12.5 37.5 25 42.5 
1 RRT 1.13994 0.3377 0.5478 299.81 192.66 42.5 25 12.5 12.5 25 7.5 37.5 12.5 7.5 25 25 25 12.5 37.5 25 42.5 37.5 37.5 
1 RRT 1.34843 0.43857 0.58776 247.8 127.18 12.5 37.5 12.5 12.5 25 7.5 37.5 12.5 7.5 25 25 25 42.5 25 25 42.5 37.5 37.5 
1 RRT 1.04193 0.31594 0.48155 299.17 162.56 42.5 25 12.5 12.5 25 7.5 37.5 12.5 7.5 25 25 25 12.5 37.5 25 42.5 37.5 37.5 
1 RRT 1.1947 0.33798 0.59941 339.58 209.45 25 7.5 12.5 12.5 37.5 12.5 7.5 25 25 25 42.5 25 12.5 37.5 25 42.5 37.5 37.5 
1 RRT 0.976433 0.33178 0.39013 235.68 151.72 12.5 12.5 25 7.5 37.5 12.5 7.5 25 25 25 42.5 25 12.5 37.5 25 42.5 37.5 37.5 
1 RRT 0.995211 0.32996 0.41542 263.28 168.33 25 25 12.5 12.5 25 7.5 37.5 12.5 7.5 25 42.5 25 12.5 37.5 25 42.5 37.5 37.5 
1 RRT 1.38892 0.3312 0.80276 210.91 146.25 25 7.5 12.5 12.5 37.5 12.5 7.5 25 25 25 42.5 25 12.5 37.5 25 42.5 37.5 37.5 
1 RRT 1.01552 0.33958 0.41415 267.62 154.7 37.5 37.5 12.5 12.5 25 7.5 37.5 12.5 7.5 25 25 25 42.5 25 12.5 37.5 25 42.5 
1 RRT 1.18379 0.31921 0.61743 343.92 204.24 12.5 12.5 25 7.5 37.5 12.5 7.5 25 25 25 42.5 25 12.5 37.5 25 42.5 37.5 37.5 
1 RRT 1.23725 0.31706 0.67529 444.57 264.13 25 25 12.5 12.5 25 7.5 37.5 12.5 7.5 25 42.5 25 12.5 37.5 25 42.5 37.5 37.5 
1 RRT 1.02521 0.33174 0.43703 211.9 120.74 25 7.5 12.5 12.5 37.5 12.5 7.5 25 25 25 42.5 25 12.5 37.5 25 42.5 37.5 37.5 
1 RRT 1.22376 0.33472 0.63464 199.9 125.85 7.5 25 12.5 12.5 25 7.5 37.5 12.5 25 25 42.5 25 12.5 37.5 25 42.5 37.5 37.5 
1 RRT 1.29578 0.36645 0.63997 195.85 121.6 12.5 37.5 12.5 12.5 25 7.5 37.5 12.5 7.5 25 25 25 42.5 25 25 42.5 37.5 37.5 
1 RRT 0.979494 0.32966 0.39524 208.01 140.86 12.5 37.5 12.5 12.5 25 7.5 37.5 12.5 7.5 25 25 25 42.5 25 25 42.5 37.5 37.5 
1 RRT 0.988309 0.32361 0.41337 222.79 155.91 37.5 12.5 12.5 12.5 25 7.5 7.5 25 25 25 42.5 25 12.5 37.5 25 42.5 37.5 37.5 
1 RRT 0.984582 0.32653 0.40379 289.33 170.69 37.5 12.5 12.5 12.5 25 7.5 7.5 25 25 25 42.5 25 12.5 37.5 25 42.5 37.5 37.5 
1 RRT 1.37645 0.33406 0.7851 179.96 116.85 42.5 25 12.5 12.5 25 7.5 37.5 12.5 7.5 25 25 25 12.5 37.5 25 42.5 37.5 37.5 
1 RRT 1.20324 0.33306 0.61294 339.69 224.52 12.5 37.5 12.5 12.5 25 7.5 37.5 12.5 7.5 25 25 25 42.5 25 25 42.5 37.5 37.5 
1 RRT 1.20993 0.32952 0.62415 249.6 153.78 37.5 12.5 12.5 12.5 25 7.5 7.5 25 25 25 42.5 25 12.5 37.5 25 42.5 37.5 37.5 
1 RRT 1.06235 0.32606 0.48482 299.81 155.43 37.5 37.5 12.5 12.5 25 7.5 37.5 12.5 7.5 25 25 25 42.5 25 12.5 37.5 25 42.5 
1 RRT 1.02917 0.32783 0.4486 251.44 155 12.5 37.5 12.5 12.5 25 7.5 37.5 12.5 7.5 25 25 25 42.5 25 25 42.5 37.5 37.5 
1 RRT 1.52594 0.34195 0.92382 293.89 171.54 42.5 25 12.5 12.5 25 7.5 37.5 12.5 7.5 25 25 25 12.5 37.5 25 42.5 37.5 37.5 
1 RRT 1.20973 0.32953 0.62559 345.64 211.3 42.5 25 12.5 12.5 25 7.5 37.5 12.5 7.5 25 25 25 12.5 37.5 25 42.5 37.5 37.5 
1 RRT 0.976583 0.32724 0.39872 246.76 143.37 12.5 12.5 25 7.5 37.5 12.5 7.5 25 25 25 42.5 25 12.5 37.5 25 42.5 37.5 37.5 
1 RRT 1.15707 0.33555 0.56453 325.72 171.95 7.5 25 12.5 12.5 25 7.5 37.5 12.5 25 25 42.5 25 12.5 37.5 25 42.5 37.5 37.5 
1 RRT 1.17365 0.32047 0.60673 299.39 177.31 12.5 37.5 12.5 12.5 25 7.5 37.5 12.5 7.5 25 25 25 42.5 25 25 42.5 37.5 37.5 
1 RRT 2.24846 0.33023 1.6659 303.49 206.29 25 42.5 12.5 12.5 25 7.5 37.5 12.5 7.5 25 25 25 42.5 25 12.5 37.5 37.5 37.5 
1 RRT 0.983251 0.33012 0.39926 215.63 159.06 25 25 12.5 12.5 25 7.5 37.5 12.5 7.5 25 42.5 25 12.5 37.5 25 42.5 37.5 37.5 
1 RRT 3.03572 0.33154 2.4496 259.7 151.87 7.5 25 12.5 12.5 25 7.5 37.5 12.5 25 25 42.5 25 12.5 37.5 25 42.5 37.5 37.5 
1 RRT 1.46101 0.33166 0.87295 342.42 204.66 25 42.5 12.5 12.5 25 7.5 37.5 12.5 7.5 25 25 25 42.5 25 12.5 37.5 37.5 37.5 
1 RRT 1.15292 0.3218 0.58402 153.31 100.74 37.5 12.5 12.5 12.5 25 7.5 7.5 25 25 25 42.5 25 12.5 37.5 25 42.5 37.5 37.5 
1 RRT 1.18075 0.33346 0.59481 342.68 203.34 25 25 12.5 12.5 25 7.5 37.5 12.5 7.5 25 42.5 25 12.5 37.5 25 42.5 37.5 37.5 
1 RRT 1.673 0.33099 1.0895 303.96 199.48 25 25 12.5 12.5 25 7.5 37.5 12.5 7.5 25 42.5 25 12.5 37.5 25 42.5 37.5 37.5 
1 RRT 1.10441 0.33498 0.51151 292.15 189.97 25 7.5 12.5 12.5 37.5 12.5 7.5 25 25 25 42.5 25 12.5 37.5 25 42.5 37.5 37.5 
1 RRT 1.51947 0.33944 0.92346 381.35 242.15 37.5 37.5 12.5 12.5 25 7.5 37.5 12.5 7.5 25 25 25 42.5 25 12.5 37.5 25 42.5 
1 RRT 1.47769 0.34181 0.87742 173.93 104.97 25 25 12.5 12.5 25 7.5 37.5 12.5 7.5 25 42.5 25 12.5 37.5 25 42.5 37.5 37.5 
1 RRT 1.21453 0.33061 0.63193 196.41 133.86 25 25 12.5 12.5 25 7.5 37.5 12.5 7.5 25 42.5 25 12.5 37.5 25 42.5 37.5 37.5 
1 RRT 1.3118 0.34104 0.71019 185.51 121 42.5 25 12.5 12.5 25 7.5 37.5 12.5 7.5 25 25 25 12.5 37.5 25 42.5 37.5 37.5 
1 RRT 1.01624 0.32107 0.44855 288.4 165.28 25 25 12.5 12.5 25 7.5 37.5 12.5 7.5 25 42.5 25 12.5 37.5 25 42.5 37.5 37.5 
1 RRT 1.13579 0.33034 0.55153 288.84 196.4 37.5 37.5 12.5 12.5 25 7.5 37.5 12.5 7.5 25 25 25 42.5 25 12.5 37.5 25 42.5 
1 RRT 1.90739 0.3519 1.2933 383.25 272.37 42.5 25 12.5 12.5 25 7.5 37.5 12.5 7.5 25 25 25 12.5 37.5 25 42.5 37.5 37.5 
1 RRT 1.23509 0.33516 0.64563 191.29 126.3 7.5 25 12.5 12.5 25 7.5 37.5 12.5 25 25 42.5 25 12.5 37.5 25 42.5 37.5 37.5 
1 RRT 1.64544 0.34828 1.0395 295.92 183.19 25 25 12.5 12.5 25 7.5 37.5 12.5 7.5 25 42.5 25 12.5 37.5 25 42.5 37.5 37.5 
1 RRT 1.0322 0.33068 0.4497 226.68 134.67 25 7.5 12.5 12.5 37.5 12.5 7.5 25 25 25 42.5 25 12.5 37.5 25 42.5 37.5 37.5 
1 RRT 1.10055 0.34925 0.48266 303.68 176.49 25 42.5 12.5 12.5 25 7.5 37.5 12.5 7.5 25 25 25 42.5 25 12.5 37.5 37.5 37.5 
1 RRT 1.67336 0.43622 0.92028 194.81 132.31 12.5 12.5 25 7.5 37.5 12.5 7.5 25 25 25 42.5 25 12.5 37.5 25 42.5 37.5 37.5 
1 RRT 1.06543 0.33869 0.46844 249.38 161.66 25 42.5 12.5 12.5 25 7.5 37.5 12.5 7.5 25 25 25 42.5 25 12.5 37.5 37.5 37.5 
1 RRT 1.17687 0.3323 0.59343 310.96 181.18 37.5 12.5 12.5 12.5 25 7.5 7.5 25 25 25 42.5 25 12.5 37.5 25 42.5 37.5 37.5 
1 RRT 0.928131 0.31758 0.36303 211.34 121.77 7.5 25 12.5 12.5 25 7.5 37.5 12.5 25 25 42.5 25 12.5 37.5 25 42.5 37.5 37.5 
1 RRT 2.91374 0.33901 2.3127 277.75 188.9 37.5 12.5 12.5 12.5 25 7.5 7.5 25 25 25 42.5 25 12.5 37.5 25 42.5 37.5 37.5 
1 RRT 0.943047 0.32512 0.36989 195.18 118.09 7.5 25 12.5 12.5 25 7.5 37.5 12.5 25 25 42.5 25 12.5 37.5 25 42.5 37.5 37.5 
1 RRT 0.966231 0.33442 0.37802 196.52 118.4 12.5 12.5 25 7.5 37.5 12.5 7.5 25 25 25 42.5 25 12.5 37.5 25 42.5 37.5 37.5 
1 RRT 1.43465 0.32329 0.86609 334.31 193.6 37.5 12.5 12.5 12.5 25 7.5 7.5 25 25 25 42.5 25 12.5 37.5 25 42.5 37.5 37.5 
1 RRT 2.0303 0.32948 1.451 332.21 233.4 12.5 37.5 12.5 12.5 25 7.5 37.5 12.5 7.5 25 25 25 42.5 25 25 42.5 37.5 37.5 
1 RRT 1.12682 0.33046 0.54313 158.01 102.4 25 7.5 12.5 12.5 37.5 12.5 7.5 25 25 25 42.5 25 12.5 37.5 25 42.5 37.5 37.5 
1 RRT 1.16332 0.33608 0.57228 261.13 165.86 12.5 37.5 12.5 12.5 25 7.5 37.5 12.5 7.5 25 25 25 42.5 25 25 42.5 37.5 37.5 
1 RRT 1.27327 0.33424 0.68356 268.28 158.84 42.5 25 12.5 12.5 25 7.5 37.5 12.5 7.5 25 25 25 12.5 37.5 25 42.5 37.5 37.5 
1 RRT 1.51751 0.33815 0.92205 370.95 236.23 25 42.5 12.5 12.5 25 7.5 37.5 12.5 7.5 25 25 25 42.5 25 12.5 37.5 37.5 37.5 
1 RRT 1.39927 0.43523 0.6494 350.78 217.43 25 42.5 12.5 12.5 25 7.5 37.5 12.5 7.5 25 25 25 42.5 25 12.5 37.5 37.5 37.5 
1 RRT 1.05905 0.31983 0.49099 328.46 221.53 25 7.5 12.5 12.5 37.5 12.5 7.5 25 25 25 42.5 25 12.5 37.5 25 42.5 37.5 37.5 
1 RRT 0.987032 0.32837 0.40709 235.94 140.6 7.5 25 12.5 12.5 25 7.5 37.5 12.5 25 25 42.5 25 12.5 37.5 25 42.5 37.5 37.5 
1 RRT 2.12808 0.34155 1.524 338.81 211.77 12.5 12.5 25 7.5 37.5 12.5 7.5 25 25 25 42.5 25 12.5 37.5 25 42.5 37.5 37.5 
1 RRT 1.27304 0.33579 0.67984 272.24 180.14 37.5 12.5 12.5 12.5 25 7.5 7.5 25 25 25 42.5 25 12.5 37.5 25 42.5 37.5 37.5 
1 RRT 2.30724 0.32716 1.7276 302.97 200.27 7.5 25 12.5 12.5 25 7.5 37.5 12.5 25 25 42.5 25 12.5 37.5 25 42.5 37.5 37.5 
1 RRT 1.04412 0.33107 0.45895 295.05 180.41 37.5 37.5 12.5 12.5 25 7.5 37.5 12.5 7.5 25 25 25 42.5 25 12.5 37.5 25 42.5 
1 RRT 2.22314 0.42628 1.4805 345.52 199.24 7.5 25 12.5 12.5 25 7.5 37.5 12.5 25 25 42.5 25 12.5 37.5 25 42.5 37.5 37.5 
1 RRT 2.21117 0.33643 1.6198 266.31 165.5 37.5 37.5 12.5 12.5 25 7.5 37.5 12.5 7.5 25 25 25 42.5 25 12.5 37.5 25 42.5 
1 RRT 1.29658 0.3231 0.72672 273.19 163.47 12.5 37.5 12.5 12.5 25 7.5 37.5 12.5 7.5 25 25 25 42.5 25 25 42.5 37.5 37.5 
1 RRT 1.37699 0.333 0.78936 207.72 116.79 25 25 12.5 12.5 25 7.5 37.5 12.5 7.5 25 42.5 25 12.5 37.5 25 42.5 37.5 37.5 
1 RRT 1.10485 0.33761 0.5099 218.39 126.73 25 25 12.5 12.5 25 7.5 37.5 12.5 7.5 25 42.5 25 12.5 37.5 25 42.5 37.5 37.5 
1 RRT 1.19107 0.3448 0.58152 396.57 231.46 12.5 37.5 12.5 12.5 25 7.5 37.5 12.5 7.5 25 25 25 42.5 25 25 42.5 37.5 37.5 
1 RRT 1.28379 0.4372 0.52474 195.16 102.71 37.5 37.5 12.5 12.5 25 7.5 37.5 12.5 7.5 25 25 25 42.5 25 12.5 37.5 25 42.5 
1 RRT 1.35013 0.44856 0.56843 273.28 153.91 25 7.5 12.5 12.5 37.5 12.5 7.5 25 25 25 42.5 25 12.5 37.5 25 42.5 37.5 37.5 
1 RRT 1.35114 0.44677 0.57679 189.83 120.01 12.5 37.5 12.5 12.5 25 7.5 37.5 12.5 7.5 25 25 25 42.5 25 25 42.5 37.5 37.5 
1 RRT 1.53835 0.32979 0.95631 260.2 151.96 25 42.5 12.5 12.5 25 7.5 37.5 12.5 7.5 25 25 25 42.5 25 12.5 37.5 37.5 37.5 
1 RRT 1.42631 0.43188 0.68013 322.3 191.55 25 25 12.5 12.5 25 7.5 37.5 12.5 7.5 25 42.5 25 12.5 37.5 25 42.5 37.5 37.5 
1 RRT 1.58392 0.45132 0.79917 307.15 198.59 7.5 25 12.5 12.5 25 7.5 37.5 12.5 25 25 42.5 25 12.5 37.5 25 42.5 37.5 37.5 
1 RRT 1.51998 0.43464 0.7655 235.84 141.59 25 25 12.5 12.5 25 7.5 37.5 12.5 7.5 25 42.5 25 12.5 37.5 25 42.5 37.5 37.5 
1 RRT 1.24962 0.42447 0.50967 283.53 161.58 7.5 25 12.5 12.5 25 7.5 37.5 12.5 25 25 42.5 25 12.5 37.5 25 42.5 37.5 37.5 
1 RRT 1.34914 0.4328 0.5946 278.78 155.7 25 25 12.5 12.5 25 7.5 37.5 12.5 7.5 25 42.5 25 12.5 37.5 25 42.5 37.5 37.5 
1 RRT 3.41986 0.44265 2.6573 363.06 216.12 42.5 25 12.5 12.5 25 7.5 37.5 12.5 7.5 25 25 25 12.5 37.5 25 42.5 37.5 37.5 
1 RRT 1.13242 0.32479 0.56002 280.06 155.38 25 7.5 12.5 12.5 37.5 12.5 7.5 25 25 25 42.5 25 12.5 37.5 25 42.5 37.5 37.5 
1 RRT 1.40895 0.31959 0.84356 264.9 188.19 42.5 25 12.5 12.5 25 7.5 37.5 12.5 7.5 25 25 25 12.5 37.5 25 42.5 37.5 37.5 
1 RRT 1.01359 0.32704 0.43487 228.37 159.55 25 42.5 12.5 12.5 25 7.5 37.5 12.5 7.5 25 25 25 42.5 25 12.5 37.5 37.5 37.5 
1 RRT 1.46883 0.33506 0.87869 238.34 124.75 12.5 37.5 12.5 12.5 25 7.5 37.5 12.5 7.5 25 25 25 42.5 25 25 42.5 37.5 37.5 
1 RRT 1.97696 0.33118 1.3899 418.31 245.48 25 7.5 12.5 12.5 37.5 12.5 7.5 25 25 25 42.5 25 12.5 37.5 25 42.5 37.5 37.5 
1 RRT 1.07416 0.31941 0.5092 346.38 212.85 37.5 37.5 12.5 12.5 25 7.5 37.5 12.5 7.5 25 25 25 42.5 25 12.5 37.5 25 42.5 
1 RRT 0.960338 0.33567 0.36694 179.83 92.718 25 25 12.5 12.5 25 7.5 37.5 12.5 7.5 25 42.5 25 12.5 37.5 25 42.5 37.5 37.5 
1 RRT 1.13803 0.32788 0.56136 243.52 173.79 25 7.5 12.5 12.5 37.5 12.5 7.5 25 25 25 42.5 25 12.5 37.5 25 42.5 37.5 37.5 
1 RRT 0.966725 0.33224 0.37887 189.51 120.3 42.5 25 12.5 12.5 25 7.5 37.5 12.5 7.5 25 25 25 12.5 37.5 25 42.5 37.5 37.5 
1 RRT 1.83989 0.33728 1.2438 357.03 218.16 42.5 25 12.5 12.5 25 7.5 37.5 12.5 7.5 25 25 25 12.5 37.5 25 42.5 37.5 37.5 
1 RRT 0.96443 0.32803 0.38644 214.62 135.45 42.5 25 12.5 12.5 25 7.5 37.5 12.5 7.5 25 25 25 12.5 37.5 25 42.5 37.5 37.5 
1 RRT 1.60619 0.34443 0.99746 243.4 139.61 25 25 12.5 12.5 25 7.5 37.5 12.5 7.5 25 42.5 25 12.5 37.5 25 42.5 37.5 37.5 
1 RRT 1.15094 0.34254 0.54643 343.77 206.07 37.5 12.5 12.5 12.5 25 7.5 7.5 25 25 25 42.5 25 12.5 37.5 25 42.5 37.5 37.5 
1 RRT 0.965284 0.33205 0.38009 200.97 115.52 12.5 12.5 25 7.5 37.5 12.5 7.5 25 25 25 42.5 25 12.5 37.5 25 42.5 37.5 37.5 
1 RRT 1.11963 0.39057 0.42211 163.6 105.59 12.5 12.5 25 7.5 37.5 12.5 7.5 25 25 25 42.5 25 12.5 37.5 25 42.5 37.5 37.5 
1 RRT 2.5498 0.33327 1.9619 252.21 174.71 25 42.5 12.5 12.5 25 7.5 37.5 12.5 7.5 25 25 25 42.5 25 12.5 37.5 37.5 37.5 
1 RRT 1.44721 0.4268 0.70531 288.64 177.01 25 42.5 12.5 12.5 25 7.5 37.5 12.5 7.5 25 25 25 42.5 25 12.5 37.5 37.5 37.5 
1 RRT 1.4286 0.44144 0.65807 203.72 150.74 12.5 37.5 12.5 12.5 25 7.5 37.5 12.5 7.5 25 25 25 42.5 25 25 42.5 37.5 37.5 
1 RRT 1.46354 0.43094 0.70776 186.97 111.15 12.5 37.5 12.5 12.5 25 7.5 37.5 12.5 7.5 25 25 25 42.5 25 25 42.5 37.5 37.5 
1 RRT 1.70461 0.44242 0.93511 295.31 190.09 25 7.5 12.5 12.5 37.5 12.5 7.5 25 25 25 42.5 25 12.5 37.5 25 42.5 37.5 37.5 
1 RRT 1.13173 0.3348 0.54065 413.93 268.87 42.5 25 12.5 12.5 25 7.5 37.5 12.5 7.5 25 25 25 12.5 37.5 25 42.5 37.5 37.5 
1 RRT 1.02567 0.34345 0.41865 371.36 219.15 12.5 37.5 12.5 12.5 25 7.5 37.5 12.5 7.5 25 25 25 42.5 25 25 42.5 37.5 37.5 
1 RRT 2.48427 0.33333 1.8973 230.33 161.79 25 25 12.5 12.5 25 7.5 37.5 12.5 7.5 25 42.5 25 12.5 37.5 25 42.5 37.5 37.5 
1 RRT 0.983383 0.32596 0.40522 271.86 183.81 7.5 25 12.5 12.5 25 7.5 37.5 12.5 25 25 42.5 25 12.5 37.5 25 42.5 37.5 37.5 
1 RRT 1.01101 0.32467 0.43982 181.27 113.66 25 25 12.5 12.5 25 7.5 37.5 12.5 7.5 25 42.5 25 12.5 37.5 25 42.5 37.5 37.5 
1 RRT 1.16301 0.31802 0.5984 184.51 109.4 25 7.5 12.5 12.5 37.5 12.5 7.5 25 25 25 42.5 25 12.5 37.5 25 42.5 37.5 37.5 
1 RRT 1.3462 0.32701 0.76816 288.58 171.47 37.5 12.5 12.5 12.5 25 7.5 7.5 25 25 25 42.5 25 12.5 37.5 25 42.5 37.5 37.5 
1 RRT 1.09774 0.34608 0.48963 324.06 216.23 42.5 25 12.5 12.5 25 7.5 37.5 12.5 7.5 25 25 25 12.5 37.5 25 42.5 37.5 37.5 
1 RRT 1.30055 0.33374 0.71073 320.31 178.65 12.5 12.5 25 7.5 37.5 12.5 7.5 25 25 25 42.5 25 12.5 37.5 25 42.5 37.5 37.5 
1 RRT 1.03201 0.33003 0.44776 195.15 112.52 37.5 12.5 12.5 12.5 25 7.5 7.5 25 25 25 42.5 25 12.5 37.5 25 42.5 37.5 37.5 
1 RRT 1.37425 0.33677 0.77928 324.23 198.43 7.5 25 12.5 12.5 25 7.5 37.5 12.5 25 25 42.5 25 12.5 37.5 25 42.5 37.5 37.5 
1 RRT 1.14049 0.33308 0.55211 314.74 186.53 7.5 25 12.5 12.5 25 7.5 37.5 12.5 25 25 42.5 25 12.5 37.5 25 42.5 37.5 37.5 
1 RRT 1.53285 0.35068 0.90915 192.25 130 12.5 37.5 12.5 12.5 25 7.5 37.5 12.5 7.5 25 25 25 42.5 25 25 42.5 37.5 37.5 
1 RRT 1.0919 0.3388 0.49286 223.98 132.2 37.5 37.5 12.5 12.5 25 7.5 37.5 12.5 7.5 25 25 25 42.5 25 12.5 37.5 25 42.5 
1 RRT 1.22566 0.34295 0.62417 206.51 160.7 12.5 37.5 12.5 12.5 25 7.5 37.5 12.5 7.5 25 25 25 42.5 25 25 42.5 37.5 37.5 
1 RRT 1.48116 0.32654 0.90524 287.13 169.24 7.5 25 12.5 12.5 25 7.5 37.5 12.5 25 25 42.5 25 12.5 37.5 25 42.5 37.5 37.5 
1 RRT 1.20081 0.33495 0.60954 264.82 171.62 37.5 37.5 12.5 12.5 25 7.5 37.5 12.5 7.5 25 25 25 42.5 25 12.5 37.5 25 42.5 
1 RRT 2.55351 0.44002 1.7803 351.28 213.24 12.5 12.5 25 7.5 37.5 12.5 7.5 25 25 25 42.5 25 12.5 37.5 25 42.5 37.5 37.5 
1 RRT 3.12707 0.43993 2.357 362.77 241.6 12.5 37.5 12.5 12.5 25 7.5 37.5 12.5 7.5 25 25 25 42.5 25 25 42.5 37.5 37.5 
1 RRT 2.8296 0.3415 2.2267 496.79 312.48 37.5 12.5 12.5 12.5 25 7.5 7.5 25 25 25 42.5 25 12.5 37.5 25 42.5 37.5 37.5 
1 RRT 1.092 0.32581 0.5125 364.75 249 42.5 25 12.5 12.5 25 7.5 37.5 12.5 7.5 25 25 25 12.5 37.5 25 42.5 37.5 37.5 
1 RRT 1.35941 0.32541 0.78483 317.02 167.78 7.5 25 12.5 12.5 25 7.5 37.5 12.5 25 25 42.5 25 12.5 37.5 25 42.5 37.5 37.5 
1 RRT 1.00756 0.32028 0.43999 259.87 144.83 37.5 12.5 12.5 12.5 25 7.5 7.5 25 25 25 42.5 25 12.5 37.5 25 42.5 37.5 37.5 
1 RRT 1.18239 0.32712 0.60243 390.93 249.02 25 7.5 12.5 12.5 37.5 12.5 7.5 25 25 25 42.5 25 12.5 37.5 25 42.5 37.5 37.5 
1 RRT 1.14179 0.32658 0.56558 349.04 228.77 25 42.5 12.5 12.5 25 7.5 37.5 12.5 7.5 25 25 25 42.5 25 12.5 37.5 37.5 37.5 
1 RRT 1.05989 0.31494 0.5017 322.81 204.59 42.5 25 12.5 12.5 25 7.5 37.5 12.5 7.5 25 25 25 12.5 37.5 25 42.5 37.5 37.5 
1 RRT 1.06117 0.32887 0.48144 317.37 191.48 37.5 12.5 12.5 12.5 25 7.5 7.5 25 25 25 42.5 25 12.5 37.5 25 42.5 37.5 37.5 
1 RRT 1.00225 0.32461 0.42798 317.82 205.42 7.5 25 12.5 12.5 25 7.5 37.5 12.5 25 25 42.5 25 12.5 37.5 25 42.5 37.5 37.5 
1 RRT 1.08662 0.3752 0.40972 171.48 122.2 25 25 12.5 12.5 25 7.5 37.5 12.5 7.5 25 42.5 25 12.5 37.5 25 42.5 37.5 37.5 
1 RRT 1.00848 0.33564 0.41669 209.17 134.68 12.5 37.5 12.5 12.5 25 7.5 37.5 12.5 7.5 25 25 25 42.5 25 25 42.5 37.5 37.5 
1 RRT 2.19658 0.33256 1.609 432.63 258.43 37.5 37.5 12.5 12.5 25 7.5 37.5 12.5 7.5 25 25 25 42.5 25 12.5 37.5 25 42.5 
1 RRT 1.49886 0.32566 0.92069 368.76 237.63 37.5 12.5 12.5 12.5 25 7.5 7.5 25 25 25 42.5 25 12.5 37.5 25 42.5 37.5 37.5 
1 RRT 1.05961 0.33443 0.47205 375.13 221.93 25 7.5 12.5 12.5 37.5 12.5 7.5 25 25 25 42.5 25 12.5 37.5 25 42.5 37.5 37.5 
1 RRT 1.03352 0.32698 0.45492 243.05 141.02 12.5 12.5 25 7.5 37.5 12.5 7.5 25 25 25 42.5 25 12.5 37.5 25 42.5 37.5 37.5 
1 RRT 1.56186 0.34086 0.96236 278.03 175.39 37.5 12.5 12.5 12.5 25 7.5 7.5 25 25 25 42.5 25 12.5 37.5 25 42.5 37.5 37.5 
1 RRT 1.29707 0.33847 0.70335 361.95 195.8 42.5 25 12.5 12.5 25 7.5 37.5 12.5 7.5 25 25 25 12.5 37.5 25 42.5 37.5 37.5 
1 RRT 1.38655 0.32853 0.80545 322.46 187.31 12.5 12.5 25 7.5 37.5 12.5 7.5 25 25 25 42.5 25 12.5 37.5 25 42.5 37.5 37.5 
1 RRT 2.50291 0.43674 1.746 286.43 187.48 37.5 12.5 12.5 12.5 25 7.5 7.5 25 25 25 42.5 25 12.5 37.5 25 42.5 37.5 37.5 
1 RRT 1.20554 0.33974 0.60481 262.11 149.37 25 42.5 12.5 12.5 25 7.5 37.5 12.5 7.5 25 25 25 42.5 25 12.5 37.5 37.5 37.5 
1 RRT 0.971201 0.328 0.39335 177.76 98.453 12.5 37.5 12.5 12.5 25 7.5 37.5 12.5 7.5 25 25 25 42.5 25 25 42.5 37.5 37.5 
1 RRT 1.07888 0.34698 0.46942 266.11 155.89 7.5 25 12.5 12.5 25 7.5 37.5 12.5 25 25 42.5 25 12.5 37.5 25 42.5 37.5 37.5 
1 RRT 1.16585 0.3225 0.59454 562.33 342.08 12.5 37.5 12.5 12.5 25 7.5 37.5 12.5 7.5 25 25 25 42.5 25 25 42.5 37.5 37.5 
1 RRT 0.997669 0.32557 0.42138 288.54 179.13 7.5 25 12.5 12.5 25 7.5 37.5 12.5 25 25 42.5 25 12.5 37.5 25 42.5 37.5 37.5 
1 RRT 0.983874 0.33117 0.40059 257.87 146.09 37.5 12.5 12.5 12.5 25 7.5 7.5 25 25 25 42.5 25 12.5 37.5 25 42.5 37.5 37.5 
1 RRT 1.632 0.33195 1.047 247.15 148.44 37.5 37.5 12.5 12.5 25 7.5 37.5 12.5 7.5 25 25 25 42.5 25 12.5 37.5 25 42.5 
1 RRT 1.04459 0.33966 0.44837 344.87 217.62 25 42.5 12.5 12.5 25 7.5 37.5 12.5 7.5 25 25 25 42.5 25 12.5 37.5 37.5 37.5 
1 RRT 2.25138 0.33253 1.6671 215.46 153.93 25 42.5 12.5 12.5 25 7.5 37.5 12.5 7.5 25 25 25 42.5 25 12.5 37.5 37.5 37.5 
1 RRT 1.17932 0.33135 0.59413 251.18 169.6 12.5 37.5 12.5 12.5 25 7.5 37.5 12.5 7.5 25 25 25 42.5 25 25 42.5 37.5 37.5 
1 RRT 1.20747 0.35027 0.57775 349.31 213.09 25 42.5 12.5 12.5 25 7.5 37.5 12.5 7.5 25 25 25 42.5 25 12.5 37.5 37.5 37.5 
1 RRT 1.94038 0.3229 1.367 389.78 238.28 12.5 37.5 12.5 12.5 25 7.5 37.5 12.5 7.5 25 25 25 42.5 25 25 42.5 37.5 37.5 
1 RRT 1.08245 0.32654 0.50428 230.94 133.99 25 25 12.5 12.5 25 7.5 37.5 12.5 7.5 25 42.5 25 12.5 37.5 25 42.5 37.5 37.5 
1 RRT 1.21985 0.33812 0.62259 261.86 164.82 42.5 25 12.5 12.5 25 7.5 37.5 12.5 7.5 25 25 25 12.5 37.5 25 42.5 37.5 37.5 
1 RRT 3.58095 0.33295 2.9939 246.37 156.54 12.5 37.5 12.5 12.5 25 7.5 37.5 12.5 7.5 25 25 25 42.5 25 25 42.5 37.5 37.5 
1 RRT 1.01873 0.33641 0.42571 269.98 160.05 25 25 12.5 12.5 25 7.5 37.5 12.5 7.5 25 42.5 25 12.5 37.5 25 42.5 37.5 37.5 
1 RRT 1.30911 0.33566 0.71871 337.48 184.05 25 7.5 12.5 12.5 37.5 12.5 7.5 25 25 25 42.5 25 12.5 37.5 25 42.5 37.5 37.5 
1 RRT 2.63691 0.34765 2.0234 298.62 185.18 25 7.5 12.5 12.5 37.5 12.5 7.5 25 25 25 42.5 25 12.5 37.5 25 42.5 37.5 37.5 
1 RRT 1.0213 0.32055 0.45385 206.62 120.83 7.5 25 12.5 12.5 25 7.5 37.5 12.5 25 25 42.5 25 12.5 37.5 25 42.5 37.5 37.5 
1 RRT 1.27147 0.32925 0.68717 322.45 174.04 25 42.5 12.5 12.5 25 7.5 37.5 12.5 7.5 25 25 25 42.5 25 12.5 37.5 37.5 37.5 
1 RRT 0.936813 0.32209 0.36762 222.39 150.08 25 25 12.5 12.5 25 7.5 37.5 12.5 7.5 25 42.5 25 12.5 37.5 25 42.5 37.5 37.5 
1 RRT 0.961397 0.33029 0.37779 220.39 131.93 25 42.5 12.5 12.5 25 7.5 37.5 12.5 7.5 25 25 25 42.5 25 12.5 37.5 37.5 37.5 
1 RRT 1.06862 0.33383 0.47865 269.49 159.97 7.5 25 12.5 12.5 25 7.5 37.5 12.5 25 25 42.5 25 12.5 37.5 25 42.5 37.5 37.5 
1 RRT 0.967663 0.32841 0.38692 215.59 124.3 42.5 25 12.5 12.5 25 7.5 37.5 12.5 7.5 25 25 25 12.5 37.5 25 42.5 37.5 37.5 
1 RRT 1.7373 0.44 0.97106 278.83 179.3 37.5 37.5 12.5 12.5 25 7.5 37.5 12.5 7.5 25 25 25 42.5 25 12.5 37.5 25 42.5 
1 RRT 0.972255 0.32488 0.40047 285.25 186.81 12.5 37.5 12.5 12.5 25 7.5 37.5 12.5 7.5 25 25 25 42.5 25 25 42.5 37.5 37.5 
1 RRT 0.968241 0.31694 0.40715 265.51 155.98 37.5 12.5 12.5 12.5 25 7.5 7.5 25 25 25 42.5 25 12.5 37.5 25 42.5 37.5 37.5 
0 RRT 10.5583 0.31425 10.002 0 -1 25 42.5 12.5 12.5 25 7.5 37.5 12.5 7.5 25 25 25 42.5 25 12.5 37.5 37.5 37.5 
1 RRT 0.92811 0.32406 0.36041 218.76 133.63 37.5 37.5 12.5 12.5 25 7.5 37.5 12.5 7.5 25 25 25 42.5 25 12.5 37.5 25 42.5 
1 RRT 1.27266 0.42765 0.5252 267.86 170.81 12.5 37.5 12.5 12.5 25 7.5 37.5 12.5 7.5 25 25 25 42.5 25 25 42.5 37.5 37.5 
1 RRT 1.47744 0.33382 0.89105 235.53 148.37 25 7.5 12.5 12.5 37.5 12.5 7.5 25 25 25 42.5 25 12.5 37.5 25 42.5 37.5 37.5 
1 RRT 1.65689 0.32436 1.0846 350.67 207.3 12.5 37.5 12.5 12.5 25 7.5 37.5 12.5 7.5 25 25 25 42.5 25 25 42.5 37.5 37.5 
1 RRT 2.04426 0.33489 1.455 212.56 140.81 37.5 37.5 12.5 12.5 25 7.5 37.5 12.5 7.5 25 25 25 42.5 25 12.5 37.5 25 42.5 
1 RRT 1.18511 0.33045 0.60186 456.62 245.97 37.5 12.5 12.5 12.5 25 7.5 7.5 25 25 25 42.5 25 12.5 37.5 25 42.5 37.5 37.5 
1 RRT 1.50015 0.33701 0.90675 340.64 217.74 25 25 12.5 12.5 25 7.5 37.5 12.5 7.5 25 42.5 25 12.5 37.5 25 42.5 37.5 37.5 
1 RRT 3.12397 0.33638 2.5323 486.48 292.03 37.5 37.5 12.5 12.5 25 7.5 37.5 12.5 7.5 25 25 25 42.5 25 12.5 37.5 25 42.5 
1 RRT 1.09818 0.32445 0.52615 308.93 218.69 37.5 12.5 12.5 12.5 25 7.5 7.5 25 25 25 42.5 25 12.5 37.5 25 42.5 37.5 37.5 
1 RRT 0.987705 0.3395 0.39241 217.93 141.01 25 7.5 12.5 12.5 37.5 12.5 7.5 25 25 25 42.5 25 12.5 37.5 25 42.5 37.5 37.5 
1 RRT 1.10627 0.32485 0.53407 349.82 192.1 37.5 37.5 12.5 12.5 25 7.5 37.5 12.5 7.5 25 25 25 42.5 25 12.5 37.5 25 42.5 
1 RRT 1.38299 0.43489 0.62576 312.27 205.65 42.5 25 12.5 12.5 25 7.5 37.5 12.5 7.5 25 25 25 12.5 37.5 25 42.5 37.5 37.5 
1 RRT 1.43266 0.42791 0.68997 186.18 117.83 25 42.5 12.5 12.5 25 7.5 37.5 12.5 7.5 25 25 25 42.5 25 12.5 37.5 37.5 37.5 
1 RRT 1.51438 0.33422 0.92718 289.87 166.69 12.5 37.5 12.5 12.5 25 7.5 37.5 12.5 7.5 25 25 25 42.5 25 25 42.5 37.5 37.5 
1 RRT 1.12259 0.33869 0.5266 353.54 231.93 37.5 37.5 12.5 12.5 25 7.5 37.5 12.5 7.5 25 25 25 42.5 25 12.5 37.5 25 42.5 
1 RRT 1.29199 0.34903 0.67505 309.86 195.63 25 25 12.5 12.5 25 7.5 37.5 12.5 7.5 25 42.5 25 12.5 37.5 25 42.5 37.5 37.5 
1 RRT 2.31739 0.32293 1.7479 353.35 229.54 7.5 25 12.5 12.5 25 7.5 37.5 12.5 25 25 42.5 25 12.5 37.5 25 42.5 37.5 37.5 
1 RRT 1.12187 0.32152 0.55473 329.49 203.5 7.5 25 12.5 12.5 25 7.5 37.5 12.5 25 25 42.5 25 12.5 37.5 25 42.5 37.5 37.5 
1 RRT 1.04659 0.31963 0.4794 283.13 164.07 12.5 37.5 12.5 12.5 25 7.5 37.5 12.5 7.5 25 25 25 42.5 25 25 42.5 37.5 37.5 
1 RRT 1.06901 0.32374 0.49946 239.91 153.52 42.5 25 12.5 12.5 25 7.5 37.5 12.5 7.5 25 25 25 12.5 37.5 25 42.5 37.5 37.5 
1 RRT 2.69874 0.3248 2.1298 678.43 397.01 37.5 12.5 12.5 12.5 25 7.5 7.5 25 25 25 42.5 25 12.5 37.5 25 42.5 37.5 37.5 
1 RRT 0.959503 0.3241 0.38828 250.33 143.63 25 42.5 12.5 12.5 25 7.5 37.5 12.5 7.5 25 25 25 42.5 25 12.5 37.5 37.5 37.5 
1 RRT 1.46251 0.32808 0.88791 193.1 142.91 42.5 25 12.5 12.5 25 7.5 37.5 12.5 7.5 25 25 25 12.5 37.5 25 42.5 37.5 37.5 
1 RRT 1.29313 0.3275 0.71442 353.65 209.06 12.5 37.5 12.5 12.5 25 7.5 37.5 12.5 7.5 25 25 25 42.5 25 25 42.5 37.5 37.5 
1 RRT 1.0351 0.32182 0.46817 285.94 192.28 7.5 25 12.5 12.5 25 7.5 37.5 12.5 25 25 42.5 25 12.5 37.5 25 42.5 37.5 37.5 
1 RRT 0.940438 0.32001 0.37542 213.48 131.1 25 25 12.5 12.5 25 7.5 37.5 12.5 7.5 25 42.5 25 12.5 37.5 25 42.5 37.5 37.5 
1 RRT 1.18104 0.32897 0.6017 210.92 143.31 12.5 37.5 12.5 12.5 25 7.5 37.5 12.5 7.5 25 25 25 42.5 25 25 42.5 37.5 37.5 
1 RRT 1.37081 0.3138 0.8149 353.14 223.3 25 42.5 12.5 12.5 25 7.5 37.5 12.5 7.5 25 25 25 42.5 25 12.5 37.5 37.5 37.5 
1 RRT 1.75616 0.32798 1.1771 376.81 235.01 12.5 12.5 25 7.5 37.5 12.5 7.5 25 25 25 42.5 25 12.5 37.5 25 42.5 37.5 37.5 
1 RRT 1.63536 0.33744 1.0406 320.25 213.91 42.5 25 12.5 12.5 25 7.5 37.5 12.5 7.5 25 25 25 12.5 37.5 25 42.5 37.5 37.5 
1 RRT 1.10668 0.32757 0.53041 324.58 179.14 12.5 12.5 25 7.5 37.5 12.5 7.5 25 25 25 42.5 25 12.5 37.5 25 42.5 37.5 37.5 
1 RRT 0.935148 0.32121 0.36696 187.11 121.25 12.5 37.5 12.5 12.5 25 7.5 37.5 12.5 7.5 25 25 25 42.5 25 25 42.5 37.5 37.5 
1 RRT 1.39135 0.32169 0.82411 273.47 185.98 12.5 37.5 12.5 12.5 25 7.5 37.5 12.5 7.5 25 25 25 42.5 25 25 42.5 37.5 37.5 
1 RRT 1.96513 0.32184 1.3953 320.72 209.79 12.5 12.5 25 7.5 37.5 12.5 7.5 25 25 25 42.5 25 12.5 37.5 25 42.5 37.5 37.5 
1 RRT 1.03125 0.34718 0.41916 213.97 119.95 25 42.5 12.5 12.5 25 7.5 37.5 12.5 7.5 25 25 25 42.5 25 12.5 37.5 37.5 37.5 
1 RRT 1.24859 0.33848 0.65903 277.06 190.46 37.5 12.5 12.5 12.5 25 7.5 7.5 25 25 25 42.5 25 12.5 37.5 25 42.5 37.5 37.5 
1 RRT 1.0221 0.32047 0.45711 207.59 146.28 25 42.5 12.5 12.5 25 7.5 37.5 12.5 7.5 25 25 25 42.5 25 12.5 37.5 37.5 37.5 
1 RRT 0.991831 0.34047 0.39364 250.29 152.44 25 25 12.5 12.5 25 7.5 37.5 12.5 7.5 25 42.5 25 12.5 37.5 25 42.5 37.5 37.5 
1 RRT 1.29248 0.42231 0.55754 303.55 167.79 12.5 12.5 25 7.5 37.5 12.5 7.5 25 25 25 42.5 25 12.5 37.5 25 42.5 37.5 37.5 
1 RRT 1.27676 0.3356 0.6848 275.52 171.54 37.5 12.5 12.5 12.5 25 7.5 7.5 25 25 25 42.5 25 12.5 37.5 25 42.5 37.5 37.5 
1 RRT 2.23656 0.43738 1.4829 313.29 194.38 12.5 37.5 12.5 12.5 25 7.5 37.5 12.5 7.5 25 25 25 42.5 25 25 42.5 37.5 37.5 
1 RRT 1.50631 0.32862 0.92598 275.13 181.79 25 7.5 12.5 12.5 37.5 12.5 7.5 25 25 25 42.5 25 12.5 37.5 25 42.5 37.5 37.5 
1 RRT 1.34949 0.33665 0.75639 237.38 145.17 42.5 25 12.5 12.5 25 7.5 37.5 12.5 7.5 25 25 25 12.5 37.5 25 42.5 37.5 37.5 
1 RRT 1.00922 0.32485 0.43678 275.07 181.42 25 25 12.5 12.5 25 7.5 37.5 12.5 7.5 25 42.5 25 12.5 37.5 25 42.5 37.5 37.5 
1 RRT 1.19474 0.31847 0.62921 449.54 275.67 7.5 25 12.5 12.5 25 7.5 37.5 12.5 25 25 42.5 25 12.5 37.5 25 42.5 37.5 37.5 
1 RRT 0.977789 0.32791 0.3999 251.29 143.33 25 42.5 12.5 12.5 25 7.5 37.5 12.5 7.5 25 25 25 42.5 25 12.5 37.5 37.5 37.5 
1 RRT 1.03211 0.32958 0.4497 381.34 213.78 25 25 12.5 12.5 25 7.5 37.5 12.5 7.5 25 42.5 25 12.5 37.5 25 42.5 37.5 37.5 
1 RRT 1.29244 0.3211 0.72337 352.36 225.82 37.5 12.5 12.5 12.5 25 7.5 7.5 25 25 25 42.5 25 12.5 37.5 25 42.5 37.5 37.5 
1 RRT 0.93133 0.31749 0.3673 207.87 124.81 12.5 12.5 25 7.5 37.5 12.5 7.5 25 25 25 42.5 25 12.5 37.5 25 42.5 37.5 37.5 
1 RRT 1.18046 0.33889 0.58166 284.19 189.61 37.5 12.5 12.5 12.5 25 7.5 7.5 25 25 25 42.5 25 12.5 37.5 25 42.5 37.5 37.5 
1 RRT 1.36548 0.3279 0.79022 343.5 202.22 42.5 25 12.5 12.5 25 7.5 37.5 12.5 7.5 25 25 25 12.5 37.5 25 42.5 37.5 37.5 
1 RRT 1.26357 0.33377 0.67447 445.15 276.16 37.5 37.5 12.5 12.5 25 7.5 37.5 12.5 7.5 25 25 25 42.5 25 12.5 37.5 25 42.5 
1 RRT 1.3857 0.34312 0.78054 214.27 132.15 7.5 25 12.5 12.5 25 7.5 37.5 12.5 25 25 42.5 25 12.5 37.5 25 42.5 37.5 37.5 
1 RRT 1.01858 0.32043 0.4518 290.08 173.34 7.5 25 12.5 12.5 25 7.5 37.5 12.5 25 25 42.5 25 12.5 37.5 25 42.5 37.5 37.5 
1 RRT 1.13225 0.34218 0.53396 290.17 182.36 7.5 25 12.5 12.5 25 7.5 37.5 12.5 25 25 42.5 25 12.5 37.5 25 42.5 37.5 37.5 
1 RRT 1.24438 0.33925 0.64725 264.56 162.21 37.5 12.5 12.5 12.5 25 7.5 7.5 25 25 25 42.5 25 12.5 37.5 25 42.5 37.5 37.5 
1 RRT 1.04869 0.31965 0.48534 345.34 212.21 12.5 37.5 12.5 12.5 25 7.5 37.5 12.5 7.5 25 25 25 42.5 25 25 42.5 37.5 37.5 
1 RRT 1.5432 0.33837 0.94813 302.97 173.77 25 7.5 12.5 12.5 37.5 12.5 7.5 25 25 25 42.5 25 12.5 37.5 25 42.5 37.5 37.5 
1 RRT 1.46787 0.33271 0.88298 524.64 308.34 25 42.5 12.5 12.5 25 7.5 37.5 12.5 7.5 25 25 25 42.5 25 12.5 37.5 37.5 37.5 
1 RRT 1.1604 0.32071 0.59208 212.9 137.84 12.5 37.5 12.5 12.5 25 7.5 37.5 12.5 7.5 25 25 25 42.5 25 25 42.5 37.5 37.5 
1 RRT 2.13392 0.44999 1.349 343.66 225.68 42.5 25 12.5 12.5 25 7.5 37.5 12.5 7.5 25 25 25 12.5 37.5 25 42.5 37.5 37.5 
1 RRT 1.56529 0.33063 0.98354 373.74 253.38 7.5 25 12.5 12.5 25 7.5 37.5 12.5 25 25 42.5 25 12.5 37.5 25 42.5 37.5 37.5 
1 RRT 1.1944 0.33117 0.61349 185.11 109.6 12.5 12.5 25 7.5 37.5 12.5 7.5 25 25 25 42.5 25 12.5 37.5 25 42.5 37.5 37.5 
1 RRT 1.09546 0.3245 0.5202 265.05 180.06 12.5 12.5 25 7.5 37.5 12.5 7.5 25 25 25 42.5 25 12.5 37.5 25 42.5 37.5 37.5 
1 RRT 1.13978 0.33219 0.55202 279.88 172.14 12.5 12.5 25 7.5 37.5 12.5 7.5 25 25 25 42.5 25 12.5 37.5 25 42.5 37.5 37.5 
1 RRT 1.77487 0.33193 1.1911 336.24 213.7 25 25 12.5 12.5 25 7.5 37.5 12.5 7.5 25 42.5 25 12.5 37.5 25 42.5 37.5 37.5 
1 RRT 1.32799 0.33726 0.73698 347.07 208.78 25 7.5 12.5 12.5 37.5 12.5 7.5 25 25 25 42.5 25 12.5 37.5 25 42.5 37.5 37.5 
1 RRT 1.42276 0.34866 0.80917 506.56 312.04 25 42.5 12.5 12.5 25 7.5 37.5 12.5 7.5 25 25 25 42.5 25 12.5 37.5 37.5 37.5 
1 RRT 0.957669 0.33395 0.37165 160.81 90.87 37.5 12.5 12.5 12.5 25 7.5 7.5 25 25 25 42.5 25 12.5 37.5 25 42.5 37.5 37.5 
1 RRT 0.98184 0.3292 0.40262 238.38 151.82 25 7.5 12.5 12.5 37.5 12.5 7.5 25 25 25 42.5 25 12.5 37.5 25 42.5 37.5 37.5 
1 RRT 1.73667 0.33305 1.15 304.37 199.34 12.5 12.5 25 7.5 37.5 12.5 7.5 25 25 25 42.5 25 12.5 37.5 25 42.5 37.5 37.5 
1 RRT 2.11741 0.34381 1.5132 226.98 147.35 25 25 12.5 12.5 25 7.5 37.5 12.5 7.5 25 42.5 25 12.5 37.5 25 42.5 37.5 37.5 
1 RRT 1.82139 0.33683 1.2293 478.4 312.2 7.5 25 12.5 12.5 25 7.5 37.5 12.5 25 25 42.5 25 12.5 37.5 25 42.5 37.5 37.5 
1 RRT 1.35632 0.41294 0.63652 189.96 111.17 12.5 37.5 12.5 12.5 25 7.5 37.5 12.5 7.5 25 25 25 42.5 25 25 42.5 37.5 37.5 
1 RRT 4.54906 0.33586 3.9562 434.56 283.89 37.5 12.5 12.5 12.5 25 7.5 7.5 25 25 25 42.5 25 12.5 37.5 25 42.5 37.5 37.5 
1 RRT 2.03484 0.33065 1.4525 242.98 160.43 7.5 25 12.5 12.5 25 7.5 37.5 12.5 25 25 42.5 25 12.5 37.5 25 42.5 37.5 37.5 
1 RRT 1.23093 0.41554 0.51105 209.85 129.42 7.5 25 12.5 12.5 25 7.5 37.5 12.5 25 25 42.5 25 12.5 37.5 25 42.5 37.5 37.5 
1 RRT 1.19061 0.36372 0.54686 190.76 121.27 25 7.5 12.5 12.5 37.5 12.5 7.5 25 25 25 42.5 25 12.5 37.5 25 42.5 37.5 37.5 
1 RRT 1.34198 0.41354 0.63093 274.51 174.79 25 42.5 12.5 12.5 25 7.5 37.5 12.5 7.5 25 25 25 42.5 25 12.5 37.5 37.5 37.5 
1 RRT 1.32626 0.44317 0.5539 251.25 158.74 12.5 37.5 12.5 12.5 25 7.5 37.5 12.5 7.5 25 25 25 42.5 25 25 42.5 37.5 37.5 
1 RRT 1.27217 0.32285 0.70317 344.33 228.85 37.5 37.5 12.5 12.5 25 7.5 37.5 12.5 7.5 25 25 25 42.5 25 12.5 37.5 25 42.5 
1 RRT 1.33043 0.40235 0.63257 264.77 173.25 25 7.5 12.5 12.5 37.5 12.5 7.5 25 25 25 42.5 25 12.5 37.5 25 42.5 37.5 37.5 
1 RRT 1.86291 0.37399 1.1974 198.83 111.87 42.5 25 12.5 12.5 25 7.5 37.5 12.5 7.5 25 25 25 12.5 37.5 25 42.5 37.5 37.5 
1 RRT 1.5642 0.43374 0.80526 223.05 156.48 12.5 37.5 12.5 12.5 25 7.5 37.5 12.5 7.5 25 25 25 42.5 25 25 42.5 37.5 37.5 
1 RRT 1.98435 0.42406 1.2465 272.47 154.68 25 42.5 12.5 12.5 25 7.5 37.5 12.5 7.5 25 25 25 42.5 25 12.5 37.5 37.5 37.5 
1 RRT 1.28091 0.43403 0.52303 190.68 112.96 37.5 12.5 12.5 12.5 25 7.5 7.5 25 25 25 42.5 25 12.5 37.5 25 42.5 37.5 37.5 
1 RRT 1.03908 0.36186 0.39955 191.13 127.47 25 7.5 12.5 12.5 37.5 12.5 7.5 25 25 25 42.5 25 12.5 37.5 25 42.5 37.5 37.5 
