1 RRT 4.95631 0.37946 4.317 420.05 285.25 46 17.5 4 4 17.5 4 32.5 4 46 4 4 17.5 17.5 17.5 32.5 17.5 4 33 17.5 33 32.5 33 46 33 4 46 17.5 46 32.5 46 46 46 
1 RRT 2.60484 0.38344 1.9641 473.72 351.63 17.5 17.5 4 4 17.5 4 32.5 4 46 4 4 17.5 32.5 17.5 46 17.5 4 33 17.5 33 32.5 33 46 33 4 46 17.5 46 32.5 46 46 46 
1 RRT 4.68283 0.40011 4.0151 534.98 349.44 46 33 4 4 17.5 4 32.5 4 46 4 4 17.5 17.5 17.5 32.5 17.5 46 17.5 4 33 17.5 33 32.5 33 4 46 17.5 46 32.5 46 46 46 
0 RRT 10.8265 0.38301 10.18 0 -1 46 4 4 4 17.5 4 32.5 4 4 17.5 17.5 17.5 32.5 17.5 46 17.5 4 33 17.5 33 32.5 33 46 33 4 46 17.5 46 32.5 46 46 46 
1 RRT 6.99835 0.38344 6.355 425.39 303.78 46 33 4 4 17.5 4 32.5 4 46 4 4 17.5 17.5 17.5 32.5 17.5 46 17.5 4 33 17.5 33 32.5 33 4 46 17.5 46 32.5 46 46 46 
1 RRT 3.55561 0.3891 2.8993 427.29 283.29 32.5 46 4 4 17.5 4 32.5 4 46 4 4 17.5 17.5 17.5 32.5 17.5 46 17.5 4 33 17.5 33 32.5 33 46 33 4 46 17.5 46 46 46 
1 RRT 7.98985 0.41422 7.2923 366.54 245.06 17.5 33 4 4 17.5 4 32.5 4 46 4 4 17.5 17.5 17.5 32.5 17.5 46 17.5 4 33 32.5 33 46 33 4 46 17.5 46 32.5 46 46 46 
1 RRT 7.26505 0.47124 6.4667 402.06 271.62 46 4 4 4 17.5 4 32.5 4 4 17.5 17.5 17.5 32.5 17.5 46 17.5 4 33 17.5 33 32.5 33 46 33 4 46 17.5 46 32.5 46 46 46 
1 RRT 2.89549 0.38165 2.2558 394.52 277.94 4 17.5 4 4 17.5 4 32.5 4 46 4 17.5 17.5 32.5 17.5 46 17.5 4 33 17.5 33 32.5 33 46 33 4 46 17.5 46 32.5 46 46 46 
1 RRT 5.70985 0.39381 5.0508 463.41 311.22 46 46 4 4 17.5 4 32.5 4 46 4 4 17.5 17.5 17.5 32.5 17.5 46 17.5 4 33 17.5 33 32.5 33 46 33 4 46 17.5 46 32.5 46 
1 RRT 7.04426 0.50718 6.2023 391.46 260.85 4 17.5 4 4 17.5 4 32.5 4 46 4 17.5 17.5 32.5 17.5 46 17.5 4 33 17.5 33 32.5 33 46 33 4 46 17.5 46 32.5 46 46 46 
0 RRT 10.829 0.39081 10.169 0 -1 17.5 46 4 4 17.5 4 32.5 4 46 4 4 17.5 17.5 17.5 32.5 17.5 46 17.5 4 33 17.5 33 32.5 33 46 33 4 46 32.5 46 46 46 
1 RRT 7.1261 0.49587 6.3063 487.32 306.92 32.5 17.5 4 4 17.5 4 32.5 4 46 4 4 17.5 17.5 17.5 46 17.5 4 33 17.5 33 32.5 33 46 33 4 46 17.5 46 32.5 46 46 46 
1 RRT 8.27594 0.38913 7.6218 512.04 358.12 46 46 4 4 17.5 4 32.5 4 46 4 4 17.5 17.5 17.5 32.5 17.5 46 17.5 4 33 17.5 33 32.5 33 46 33 4 46 17.5 46 32.5 46 
1 RRT 6.23146 0.39182 5.5727 399.08 251.78 46 4 4 4 17.5 4 32.5 4 4 17.5 17.5 17.5 32.5 17.5 46 17.5 4 33 17.5 33 32.5 33 46 33 4 46 17.5 46 32.5 46 46 46 
1 RRT 7.24877 0.39437 6.5877 398.37 245.72 46 33 4 4 17.5 4 32.5 4 46 4 4 17.5 17.5 17.5 32.5 17.5 46 17.5 4 33 17.5 33 32.5 33 4 46 17.5 46 32.5 46 46 46 
1 RRT 4.01677 0.40382 3.3397 434.76 268.92 4 17.5 4 4 17.5 4 32.5 4 46 4 17.5 17.5 32.5 17.5 46 17.5 4 33 17.5 33 32.5 33 46 33 4 46 17.5 46 32.5 46 46 46 
1 RRT 8.71319 0.39339 8.0547 526.38 364 17.5 33 4 4 17.5 4 32.5 4 46 4 4 17.5 17.5 17.5 32.5 17.5 46 17.5 4 33 32.5 33 46 33 4 46 17.5 46 32.5 46 46 46 
1 RRT 4.22144 0.50469 3.3816 438.97 293.9 32.5 17.5 4 4 17.5 4 32.5 4 46 4 4 17.5 17.5 17.5 46 17.5 4 33 17.5 33 32.5 33 46 33 4 46 17.5 46 32.5 46 46 46 
1 RRT 3.06314 0.37723 2.4303 402.38 292.12 4 46 4 4 17.5 4 32.5 4 46 4 4 17.5 17.5 17.5 32.5 17.5 46 17.5 4 33 17.5 33 32.5 33 46 33 17.5 46 32.5 46 46 46 
1 RRT 7.4017 0.41534 6.6922 554.63 388.08 17.5 46 4 4 17.5 4 32.5 4 46 4 4 17.5 17.5 17.5 32.5 17.5 46 17.5 4 33 17.5 33 32.5 33 46 33 4 46 32.5 46 46 46 
1 RRT 4.18653 0.39379 3.5257 407.41 259.36 32.5 46 4 4 17.5 4 32.5 4 46 4 4 17.5 17.5 17.5 32.5 17.5 46 17.5 4 33 17.5 33 32.5 33 46 33 4 46 17.5 46 46 46 
1 RRT 7.49198 0.39111 6.8368 551.62 350.61 46 46 4 4 17.5 4 32.5 4 46 4 4 17.5 17.5 17.5 32.5 17.5 46 17.5 4 33 17.5 33 32.5 33 46 33 4 46 17.5 46 32.5 46 
0 RRT 10.7873 0.38779 10.138 0 -1 46 33 4 4 17.5 4 32.5 4 46 4 4 17.5 17.5 17.5 32.5 17.5 46 17.5 4 33 17.5 33 32.5 33 4 46 17.5 46 32.5 46 46 46 
0 RRT 10.6808 0.39698 10.018 0 -1 46 17.5 4 4 17.5 4 32.5 4 46 4 4 17.5 17.5 17.5 32.5 17.5 4 33 17.5 33 32.5 33 46 33 4 46 17.5 46 32.5 46 46 46 
1 RRT 7.93777 0.4121 7.2554 486.01 317.13 46 17.5 4 4 17.5 4 32.5 4 46 4 4 17.5 17.5 17.5 32.5 17.5 4 33 17.5 33 32.5 33 46 33 4 46 17.5 46 32.5 46 46 46 
1 RRT 4.19639 0.44266 3.4366 490.4 327.62 17.5 46 4 4 17.5 4 32.5 4 46 4 4 17.5 17.5 17.5 32.5 17.5 46 17.5 4 33 17.5 33 32.5 33 46 33 4 46 32.5 46 46 46 
1 RRT 5.5817 0.39073 4.9207 634.08 412.58 4 17.5 4 4 17.5 4 32.5 4 46 4 17.5 17.5 32.5 17.5 46 17.5 4 33 17.5 33 32.5 33 46 33 4 46 17.5 46 32.5 46 46 46 
1 RRT 1.79749 0.38708 1.1491 401.58 266.8 17.5 17.5 4 4 17.5 4 32.5 4 46 4 4 17.5 32.5 17.5 46 17.5 4 33 17.5 33 32.5 33 46 33 4 46 17.5 46 32.5 46 46 46 
0 RRT 10.6562 0.39098 10.001 0 -1 32.5 4 4 4 17.5 4 46 4 4 17.5 17.5 17.5 32.5 17.5 46 17.5 4 33 17.5 33 32.5 33 46 33 4 46 17.5 46 32.5 46 46 46 
1 RRT 4.55128 0.38827 3.8991 577.82 384.07 46 17.5 4 4 17.5 4 32.5 4 46 4 4 17.5 17.5 17.5 32.5 17.5 4 33 17.5 33 32.5 33 46 33 4 46 17.5 46 32.5 46 46 46 
1 RRT 6.99016 0.39285 6.327 399.3 276.94 17.5 17.5 4 4 17.5 4 32.5 4 46 4 4 17.5 32.5 17.5 46 17.5 4 33 17.5 33 32.5 33 46 33 4 46 17.5 46 32.5 46 46 46 
1 RRT 8.92653 0.39294 8.263 418.61 303.01 17.5 4 4 4 32.5 4 46 4 4 17.5 17.5 17.5 32.5 17.5 46 17.5 4 33 17.5 33 32.5 33 46 33 4 46 17.5 46 32.5 46 46 46 
0 RRT 10.7645 0.41767 10.067 0 -1 4 4 17.5 4 32.5 4 46 4 4 17.5 17.5 17.5 32.5 17.5 46 17.5 4 33 17.5 33 32.5 33 46 33 4 46 17.5 46 32.5 46 46 46 
0 RRT 10.7234 0.38885 10.074 0 -1 46 33 4 4 17.5 4 32.5 4 46 4 4 17.5 17.5 17.5 32.5 17.5 46 17.5 4 33 17.5 33 32.5 33 4 46 17.5 46 32.5 46 46 46 
1 RRT 2.7127 0.39643 2.0449 417.87 276.46 46 4 4 4 17.5 4 32.5 4 4 17.5 17.5 17.5 32.5 17.5 46 17.5 4 33 17.5 33 32.5 33 46 33 4 46 17.5 46 32.5 46 46 46 
1 RRT 3.72094 0.37472 3.0869 474.06 316.78 4 17.5 4 4 17.5 4 32.5 4 46 4 17.5 17.5 32.5 17.5 46 17.5 4 33 17.5 33 32.5 33 46 33 4 46 17.5 46 32.5 46 46 46 
1 RRT 2.12517 0.40526 1.4446 503.59 357.57 32.5 46 4 4 17.5 4 32.5 4 46 4 4 17.5 17.5 17.5 32.5 17.5 46 17.5 4 33 17.5 33 32.5 33 46 33 4 46 17.5 46 46 46 
1 RRT 6.77723 0.39119 6.1234 411.1 257.29 32.5 4 4 4 17.5 4 46 4 4 17.5 17.5 17.5 32.5 17.5 46 17.5 4 33 17.5 33 32.5 33 46 33 4 46 17.5 46 32.5 46 46 46 
1 RRT 3.73679 0.39436 3.0793 395.02 250.23 17.5 46 4 4 17.5 4 32.5 4 46 4 4 17.5 17.5 17.5 32.5 17.5 46 17.5 4 33 17.5 33 32.5 33 46 33 4 46 32.5 46 46 46 
1 RRT 7.69413 0.39481 7.0305 516.88 340.07 17.5 33 4 4 17.5 4 32.5 4 46 4 4 17.5 17.5 17.5 32.5 17.5 46 17.5 4 33 32.5 33 46 33 4 46 17.5 46 32.5 46 46 46 
1 RRT 2.40592 0.40564 1.7225 368.64 273.32 46 33 4 4 17.5 4 32.5 4 46 4 4 17.5 17.5 17.5 32.5 17.5 46 17.5 4 33 17.5 33 32.5 33 4 46 17.5 46 32.5 46 46 46 
0 RRT 10.652 0.38554 10.001 0 -1 46 33 4 4 17.5 4 32.5 4 46 4 4 17.5 17.5 17.5 32.5 17.5 46 17.5 4 33 17.5 33 32.5 33 4 46 17.5 46 32.5 46 46 46 
1 RRT 6.31854 0.47593 5.5024 545.85 359.19 4 33 4 4 17.5 4 32.5 4 46 4 4 17.5 17.5 17.5 32.5 17.5 46 17.5 17.5 33 32.5 33 46 33 4 46 17.5 46 32.5 46 46 46 
1 RRT 5.99388 0.36844 5.371 525.44 354.96 32.5 17.5 4 4 17.5 4 32.5 4 46 4 4 17.5 17.5 17.5 46 17.5 4 33 17.5 33 32.5 33 46 33 4 46 17.5 46 32.5 46 46 46 
1 RRT 7.93686 0.39129 7.2776 413.43 300.94 32.5 17.5 4 4 17.5 4 32.5 4 46 4 4 17.5 17.5 17.5 46 17.5 4 33 17.5 33 32.5 33 46 33 4 46 17.5 46 32.5 46 46 46 
1 RRT 4.31853 0.48399 3.5072 464.52 297.75 46 17.5 4 4 17.5 4 32.5 4 46 4 4 17.5 17.5 17.5 32.5 17.5 4 33 17.5 33 32.5 33 46 33 4 46 17.5 46 32.5 46 46 46 
1 RRT 4.69748 0.49356 3.8707 568.66 381.07 17.5 46 4 4 17.5 4 32.5 4 46 4 4 17.5 17.5 17.5 32.5 17.5 46 17.5 4 33 17.5 33 32.5 33 46 33 4 46 32.5 46 46 46 
1 RRT 1.34487 0.3928 0.69508 357.29 222.42 46 4 4 4 17.5 4 32.5 4 4 17.5 17.5 17.5 32.5 17.5 46 17.5 4 33 17.5 33 32.5 33 46 33 4 46 17.5 46 32.5 46 46 46 
1 RRT 5.57262 0.39235 4.9158 496.13 344.63 32.5 33 4 4 17.5 4 32.5 4 46 4 4 17.5 17.5 17.5 32.5 17.5 46 17.5 4 33 17.5 33 46 33 4 46 17.5 46 32.5 46 46 46 
1 RRT 5.80905 0.50906 4.9585 415.27 223.25 17.5 33 4 4 17.5 4 32.5 4 46 4 4 17.5 17.5 17.5 32.5 17.5 46 17.5 4 33 32.5 33 46 33 4 46 17.5 46 32.5 46 46 46 
1 RRT 5.38585 0.3935 4.7196 386.08 257.16 46 4 4 4 17.5 4 32.5 4 4 17.5 17.5 17.5 32.5 17.5 46 17.5 4 33 17.5 33 32.5 33 46 33 4 46 17.5 46 32.5 46 46 46 
1 RRT 6.68239 0.39561 6.016 704.68 466.07 32.5 46 4 4 17.5 4 32.5 4 46 4 4 17.5 17.5 17.5 32.5 17.5 46 17.5 4 33 17.5 33 32.5 33 46 33 4 46 17.5 46 46 46 
1 RRT 6.93745 0.38709 6.2859 363.6 248.18 4 33 4 4 17.5 4 32.5 4 46 4 4 17.5 17.5 17.5 32.5 17.5 46 17.5 17.5 33 32.5 33 46 33 4 46 17.5 46 32.5 46 46 46 
1 RRT 9.47673 0.39102 8.8203 450.9 305.54 46 46 4 4 17.5 4 32.5 4 46 4 4 17.5 17.5 17.5 32.5 17.5 46 17.5 4 33 17.5 33 32.5 33 46 33 4 46 17.5 46 32.5 46 
1 RRT 7.22247 0.39281 6.5622 514.51 371.25 4 33 4 4 17.5 4 32.5 4 46 4 4 17.5 17.5 17.5 32.5 17.5 46 17.5 17.5 33 32.5 33 46 33 4 46 17.5 46 32.5 46 46 46 
1 RRT 3.57784 0.37174 2.9496 455.13 281.37 4 33 4 4 17.5 4 32.5 4 46 4 4 17.5 17.5 17.5 32.5 17.5 46 17.5 17.5 33 32.5 33 46 33 4 46 17.5 46 32.5 46 46 46 
1 RRT 1.30933 0.39401 0.64876 457.66 267.65 46 17.5 4 4 17.5 4 32.5 4 46 4 4 17.5 17.5 17.5 32.5 17.5 4 33 17.5 33 32.5 33 46 33 4 46 17.5 46 32.5 46 46 46 
0 RRT 10.7328 0.40454 10.059 0 -1 4 46 4 4 17.5 4 32.5 4 46 4 4 17.5 17.5 17.5 32.5 17.5 46 17.5 4 33 17.5 33 32.5 33 46 33 17.5 46 32.5 46 46 46 
1 RRT 8.72004 0.38679 8.0662 406.69 269.85 46 46 4 4 17.5 4 32.5 4 46 4 4 17.5 17.5 17.5 32.5 17.5 46 17.5 4 33 17.5 33 32.5 33 46 33 4 46 17.5 46 32.5 46 
1 RRT 7.01857 0.39862 6.3447 511.6 330.41 32.5 4 4 4 17.5 4 46 4 4 17.5 17.5 17.5 32.5 17.5 46 17.5 4 33 17.5 33 32.5 33 46 33 4 46 17.5 46 32.5 46 46 46 
0 RRT 10.7588 0.42178 10.04 0 -1 17.5 33 4 4 17.5 4 32.5 4 46 4 4 17.5 17.5 17.5 32.5 17.5 46 17.5 4 33 32.5 33 46 33 4 46 17.5 46 32.5 46 46 46 
1 RRT 5.37506 0.40126 4.7038 546.26 333.08 32.5 4 4 4 17.5 4 46 4 4 17.5 17.5 17.5 32.5 17.5 46 17.5 4 33 17.5 33 32.5 33 46 33 4 46 17.5 46 32.5 46 46 46 
1 RRT 7.9591 0.48916 7.1383 543.05 376.82 46 46 4 4 17.5 4 32.5 4 46 4 4 17.5 17.5 17.5 32.5 17.5 46 17.5 4 33 17.5 33 32.5 33 46 33 4 46 17.5 46 32.5 46 
1 RRT 7.82827 0.4032 7.1524 437.4 285.18 17.5 33 4 4 17.5 4 32.5 4 46 4 4 17.5 17.5 17.5 32.5 17.5 46 17.5 4 33 32.5 33 46 33 4 46 17.5 46 32.5 46 46 46 
1 RRT 4.11735 0.40806 3.4281 476.68 304.96 17.5 33 4 4 17.5 4 32.5 4 46 4 4 17.5 17.5 17.5 32.5 17.5 46 17.5 4 33 32.5 33 46 33 4 46 17.5 46 32.5 46 46 46 
0 RRT 10.7104 0.39338 10.051 0 -1 4 17.5 4 4 17.5 4 32.5 4 46 4 17.5 17.5 32.5 17.5 46 17.5 4 33 17.5 33 32.5 33 46 33 4 46 17.5 46 32.5 46 46 46 
1 RRT 9.01757 0.40768 8.333 487.97 332.08 32.5 33 4 4 17.5 4 32.5 4 46 4 4 17.5 17.5 17.5 32.5 17.5 46 17.5 4 33 17.5 33 46 33 4 46 17.5 46 32.5 46 46 46 
1 RRT 4.0874 0.39876 3.4265 436.12 281.1 32.5 17.5 4 4 17.5 4 32.5 4 46 4 4 17.5 17.5 17.5 46 17.5 4 33 17.5 33 32.5 33 46 33 4 46 17.5 46 32.5 46 46 46 
1 RRT 4.86749 0.39734 4.2011 440.52 336.65 17.5 4 4 4 32.5 4 46 4 4 17.5 17.5 17.5 32.5 17.5 46 17.5 4 33 17.5 33 32.5 33 46 33 4 46 17.5 46 32.5 46 46 46 
1 RRT 5.93181 0.40565 5.2517 394.95 272.76 46 17.5 4 4 17.5 4 32.5 4 46 4 4 17.5 17.5 17.5 32.5 17.5 4 33 17.5 33 32.5 33 46 33 4 46 17.5 46 32.5 46 46 46 
1 RRT 4.02349 0.38454 3.3755 433.01 285.2 17.5 17.5 4 4 17.5 4 32.5 4 46 4 4 17.5 32.5 17.5 46 17.5 4 33 17.5 33 32.5 33 46 33 4 46 17.5 46 32.5 46 46 46 
1 RRT 1.70415 0.37557 1.0724 362.41 260.04 32.5 46 4 4 17.5 4 32.5 4 46 4 4 17.5 17.5 17.5 32.5 17.5 46 17.5 4 33 17.5 33 32.5 33 46 33 4 46 17.5 46 46 46 
1 RRT 2.79393 0.39148 2.1376 444.42 312.21 17.5 17.5 4 4 17.5 4 32.5 4 46 4 4 17.5 32.5 17.5 46 17.5 4 33 17.5 33 32.5 33 46 33 4 46 17.5 46 32.5 46 46 46 
1 RRT 7.22903 0.37952 6.5931 315.59 186.44 4 33 4 4 17.5 4 32.5 4 46 4 4 17.5 17.5 17.5 32.5 17.5 46 17.5 17.5 33 32.5 33 46 33 4 46 17.5 46 32.5 46 46 46 
0 RRT 10.8232 0.38823 10.17 0 -1 32.5 46 4 4 17.5 4 32.5 4 46 4 4 17.5 17.5 17.5 32.5 17.5 46 17.5 4 33 17.5 33 32.5 33 46 33 4 46 17.5 46 46 46 
1 RRT 6.63735 0.40808 5.9517 445.04 290.31 32.5 4 4 4 17.5 4 46 4 4 17.5 17.5 17.5 32.5 17.5 46 17.5 4 33 17.5 33 32.5 33 46 33 4 46 17.5 46 32.5 46 46 46 
1 RRT 5.70531 0.41306 5.0156 400.07 278.98 32.5 46 4 4 17.5 4 32.5 4 46 4 4 17.5 17.5 17.5 32.5 17.5 46 17.5 4 33 17.5 33 32.5 33 46 33 4 46 17.5 46 46 46 
1 RRT 1.91002 0.38017 1.2709 603.96 383.02 46 33 4 4 17.5 4 32.5 4 46 4 4 17.5 17.5 17.5 32.5 17.5 46 17.5 4 33 17.5 33 32.5 33 4 46 17.5 46 32.5 46 46 46 
1 RRT 2.05335 0.48389 1.2493 311.67 199.32 17.5 33 4 4 17.5 4 32.5 4 46 4 4 17.5 17.5 17.5 32.5 17.5 46 17.5 4 33 32.5 33 46 33 4 46 17.5 46 32.5 46 46 46 
1 RRT 7.0527 0.48697 6.2379 578.67 402.06 46 33 4 4 17.5 4 32.5 4 46 4 4 17.5 17.5 17.5 32.5 17.5 46 17.5 4 33 17.5 33 32.5 33 4 46 17.5 46 32.5 46 46 46 
1 RRT 5.127 0.40244 4.4517 395.41 261.16 32.5 17.5 4 4 17.5 4 32.5 4 46 4 4 17.5 17.5 17.5 46 17.5 4 33 17.5 33 32.5 33 46 33 4 46 17.5 46 32.5 46 46 46 
1 RRT 3.18135 0.44565 2.4127 477.07 307.48 32.5 33 4 4 17.5 4 32.5 4 46 4 4 17.5 17.5 17.5 32.5 17.5 46 17.5 4 33 17.5 33 46 33 4 46 17.5 46 32.5 46 46 46 
1 RRT 7.64259 0.45863 6.8556 430.34 316.9 32.5 4 4 4 17.5 4 46 4 4 17.5 17.5 17.5 32.5 17.5 46 17.5 4 33 17.5 33 32.5 33 46 33 4 46 17.5 46 32.5 46 46 46 
1 RRT 3.16005 0.48139 2.3555 388.8 245.37 32.5 46 4 4 17.5 4 32.5 4 46 4 4 17.5 17.5 17.5 32.5 17.5 46 17.5 4 33 17.5 33 32.5 33 46 33 4 46 17.5 46 46 46 
1 RRT 5.89504 0.47931 5.0962 449.85 315.83 17.5 17.5 4 4 17.5 4 32.5 4 46 4 4 17.5 32.5 17.5 46 17.5 4 33 17.5 33 32.5 33 46 33 4 46 17.5 46 32.5 46 46 46 
1 RRT 5.24463 0.38978 4.5867 357.39 253.33 32.5 46 4 4 17.5 4 32.5 4 46 4 4 17.5 17.5 17.5 32.5 17.5 46 17.5 4 33 17.5 33 32.5 33 46 33 4 46 17.5 46 46 46 
1 RRT 2.13651 0.40536 1.453 411.2 295.57 46 33 4 4 17.5 4 32.5 4 46 4 4 17.5 17.5 17.5 32.5 17.5 46 17.5 4 33 17.5 33 32.5 33 4 46 17.5 46 32.5 46 46 46 
0 RRT 10.7324 0.41896 10.031 0 -1 4 46 4 4 17.5 4 32.5 4 46 4 4 17.5 17.5 17.5 32.5 17.5 46 17.5 4 33 17.5 33 32.5 33 46 33 17.5 46 32.5 46 46 46 
1 RRT 6.02545 0.39599 5.3653 535.78 408.93 32.5 33 4 4 17.5 4 32.5 4 46 4 4 17.5 17.5 17.5 32.5 17.5 46 17.5 4 33 17.5 33 46 33 4 46 17.5 46 32.5 46 46 46 
0 RRT 11.0117 0.47137 10.212 0 -1 32.5 33 4 4 17.5 4 32.5 4 46 4 4 17.5 17.5 17.5 32.5 17.5 46 17.5 4 33 17.5 33 46 33 4 46 17.5 46 32.5 46 46 46 
1 RRT 9.89706 0.38071 9.2554 515.84 365.86 32.5 17.5 4 4 17.5 4 32.5 4 46 4 4 17.5 17.5 17.5 46 17.5 4 33 17.5 33 32.5 33 46 33 4 46 17.5 46 32.5 46 46 46 
1 RRT 4.03653 0.40424 3.3574 459.24 267.29 46 46 4 4 17.5 4 32.5 4 46 4 4 17.5 17.5 17.5 32.5 17.5 46 17.5 4 33 17.5 33 32.5 33 46 33 4 46 17.5 46 32.5 46 
1 RRT 7.3431 0.47205 6.5471 571.08 419.25 4 4 17.5 4 32.5 4 46 4 4 17.5 17.5 17.5 32.5 17.5 46 17.5 4 33 17.5 33 32.5 33 46 33 4 46 17.5 46 32.5 46 46 46 
1 RRT 2.54095 0.39902 1.8666 372.47 252.26 32.5 17.5 4 4 17.5 4 32.5 4 46 4 4 17.5 17.5 17.5 46 17.5 4 33 17.5 33 32.5 33 46 33 4 46 17.5 46 32.5 46 46 46 
0 RRT 10.6792 0.37865 10.04 0 -1 4 17.5 4 4 17.5 4 32.5 4 46 4 17.5 17.5 32.5 17.5 46 17.5 4 33 17.5 33 32.5 33 46 33 4 46 17.5 46 32.5 46 46 46 
1 RRT 5.92879 0.41052 5.2437 389.03 275.38 4 33 4 4 17.5 4 32.5 4 46 4 4 17.5 17.5 17.5 32.5 17.5 46 17.5 17.5 33 32.5 33 46 33 4 46 17.5 46 32.5 46 46 46 
0 RRT 10.6846 0.38911 10.033 0 -1 17.5 33 4 4 17.5 4 32.5 4 46 4 4 17.5 17.5 17.5 32.5 17.5 46 17.5 4 33 32.5 33 46 33 4 46 17.5 46 32.5 46 46 46 
1 RRT 4.84144 0.38903 4.1847 468.37 323.35 4 4 17.5 4 32.5 4 46 4 4 17.5 17.5 17.5 32.5 17.5 46 17.5 4 33 17.5 33 32.5 33 46 33 4 46 17.5 46 32.5 46 46 46 
1 RRT 2.29088 0.38431 1.6478 374.19 239.93 32.5 17.5 4 4 17.5 4 32.5 4 46 4 4 17.5 17.5 17.5 46 17.5 4 33 17.5 33 32.5 33 46 33 4 46 17.5 46 32.5 46 46 46 
1 RRT 5.58526 0.37582 4.9526 344.52 219.08 46 33 4 4 17.5 4 32.5 4 46 4 4 17.5 17.5 17.5 32.5 17.5 46 17.5 4 33 17.5 33 32.5 33 4 46 17.5 46 32.5 46 46 46 
1 RRT 4.39318 0.40582 3.7187 474.5 315.92 46 17.5 4 4 17.5 4 32.5 4 46 4 4 17.5 17.5 17.5 32.5 17.5 4 33 17.5 33 32.5 33 46 33 4 46 17.5 46 32.5 46 46 46 
1 RRT 5.3261 0.39522 4.6581 371.79 261.91 17.5 46 4 4 17.5 4 32.5 4 46 4 4 17.5 17.5 17.5 32.5 17.5 46 17.5 4 33 17.5 33 32.5 33 46 33 4 46 32.5 46 46 46 
1 RRT 7.69174 0.39352 7.0332 565.58 363.21 46 33 4 4 17.5 4 32.5 4 46 4 4 17.5 17.5 17.5 32.5 17.5 46 17.5 4 33 17.5 33 32.5 33 4 46 17.5 46 32.5 46 46 46 
1 RRT 2.24782 0.38165 1.6079 392.37 280.12 17.5 17.5 4 4 17.5 4 32.5 4 46 4 4 17.5 32.5 17.5 46 17.5 4 33 17.5 33 32.5 33 46 33 4 46 17.5 46 32.5 46 46 46 
1 RRT 4.82612 0.38584 4.1753 384.61 262.1 4 4 17.5 4 32.5 4 46 4 4 17.5 17.5 17.5 32.5 17.5 46 17.5 4 33 17.5 33 32.5 33 46 33 4 46 17.5 46 32.5 46 46 46 
1 RRT 5.60742 0.39146 4.9491 642.45 450.74 32.5 33 4 4 17.5 4 32.5 4 46 4 4 17.5 17.5 17.5 32.5 17.5 46 17.5 4 33 17.5 33 46 33 4 46 17.5 46 32.5 46 46 46 
1 RRT 4.53668 0.43893 3.7884 583.17 354.37 4 46 4 4 17.5 4 32.5 4 46 4 4 17.5 17.5 17.5 32.5 17.5 46 17.5 4 33 17.5 33 32.5 33 46 33 17.5 46 32.5 46 46 46 
1 RRT 5.34785 0.50313 4.5042 556.75 366.15 32.5 17.5 4 4 17.5 4 32.5 4 46 4 4 17.5 17.5 17.5 46 17.5 4 33 17.5 33 32.5 33 46 33 4 46 17.5 46 32.5 46 46 46 
1 RRT 6.07274 0.39433 5.4117 414.56 265.86 17.5 33 4 4 17.5 4 32.5 4 46 4 4 17.5 17.5 17.5 32.5 17.5 46 17.5 4 33 32.5 33 46 33 4 46 17.5 46 32.5 46 46 46 
1 RRT 3.63158 0.3895 2.9763 500.21 316.26 17.5 46 4 4 17.5 4 32.5 4 46 4 4 17.5 17.5 17.5 32.5 17.5 46 17.5 4 33 17.5 33 32.5 33 46 33 4 46 32.5 46 46 46 
1 RRT 8.04019 0.39822 7.3724 605.28 389.41 17.5 4 4 4 32.5 4 46 4 4 17.5 17.5 17.5 32.5 17.5 46 17.5 4 33 17.5 33 32.5 33 46 33 4 46 17.5 46 32.5 46 46 46 
1 RRT 9.77291 0.49038 8.9591 704.03 468.71 4 17.5 4 4 17.5 4 32.5 4 46 4 17.5 17.5 32.5 17.5 46 17.5 4 33 17.5 33 32.5 33 46 33 4 46 17.5 46 32.5 46 46 46 
1 RRT 4.86085 0.38448 4.2147 384.41 295.5 17.5 17.5 4 4 17.5 4 32.5 4 46 4 4 17.5 32.5 17.5 46 17.5 4 33 17.5 33 32.5 33 46 33 4 46 17.5 46 32.5 46 46 46 
1 RRT 2.92224 0.41702 2.2312 330.07 227.42 32.5 46 4 4 17.5 4 32.5 4 46 4 4 17.5 17.5 17.5 32.5 17.5 46 17.5 4 33 17.5 33 32.5 33 46 33 4 46 17.5 46 46 46 
1 RRT 6.73173 0.39655 6.0668 324.22 229.28 46 33 4 4 17.5 4 32.5 4 46 4 4 17.5 17.5 17.5 32.5 17.5 46 17.5 4 33 17.5 33 32.5 33 4 46 17.5 46 32.5 46 46 46 
1 RRT 4.09378 0.39386 3.4344 457.39 309.59 17.5 17.5 4 4 17.5 4 32.5 4 46 4 4 17.5 32.5 17.5 46 17.5 4 33 17.5 33 32.5 33 46 33 4 46 17.5 46 32.5 46 46 46 
0 RRT 10.7862 0.38917 10.132 0 -1 17.5 33 4 4 17.5 4 32.5 4 46 4 4 17.5 17.5 17.5 32.5 17.5 46 17.5 4 33 32.5 33 46 33 4 46 17.5 46 32.5 46 46 46 
1 RRT 5.27161 0.37712 4.6368 545.1 387.78 32.5 17.5 4 4 17.5 4 32.5 4 46 4 4 17.5 17.5 17.5 46 17.5 4 33 17.5 33 32.5 33 46 33 4 46 17.5 46 32.5 46 46 46 
1 RRT 1.47927 0.38092 0.83684 380.1 248.45 4 33 4 4 17.5 4 32.5 4 46 4 4 17.5 17.5 17.5 32.5 17.5 46 17.5 17.5 33 32.5 33 46 33 4 46 17.5 46 32.5 46 46 46 
1 RRT 5.85279 0.39092 5.1943 383 271.76 46 33 4 4 17.5 4 32.5 4 46 4 4 17.5 17.5 17.5 32.5 17.5 46 17.5 4 33 17.5 33 32.5 33 4 46 17.5 46 32.5 46 46 46 
1 RRT 7.26784 0.3933 6.608 455.86 311.6 4 33 4 4 17.5 4 32.5 4 46 4 4 17.5 17.5 17.5 32.5 17.5 46 17.5 17.5 33 32.5 33 46 33 4 46 17.5 46 32.5 46 46 46 
0 RRT 10.7402 0.39089 10.086 0 -1 17.5 4 4 4 32.5 4 46 4 4 17.5 17.5 17.5 32.5 17.5 46 17.5 4 33 17.5 33 32.5 33 46 33 4 46 17.5 46 32.5 46 46 46 
0 RRT 10.6609 0.38782 10.01 0 -1 17.5 4 4 4 32.5 4 46 4 4 17.5 17.5 17.5 32.5 17.5 46 17.5 4 33 17.5 33 32.5 33 46 33 4 46 17.5 46 32.5 46 46 46 
0 RRT 10.7875 0.42714 10.068 0 -1 4 46 4 4 17.5 4 32.5 4 46 4 4 17.5 17.5 17.5 32.5 17.5 46 17.5 4 33 17.5 33 32.5 33 46 33 17.5 46 32.5 46 46 46 
1 RRT 4.04876 0.40556 3.3748 400.52 252.24 4 17.5 4 4 17.5 4 32.5 4 46 4 17.5 17.5 32.5 17.5 46 17.5 4 33 17.5 33 32.5 33 46 33 4 46 17.5 46 32.5 46 46 46 
1 RRT 3.3947 0.3932 2.7334 495.95 317.17 46 46 4 4 17.5 4 32.5 4 46 4 4 17.5 17.5 17.5 32.5 17.5 46 17.5 4 33 17.5 33 32.5 33 46 33 4 46 17.5 46 32.5 46 
0 RRT 10.7912 0.3973 10.127 0 -1 46 17.5 4 4 17.5 4 32.5 4 46 4 4 17.5 17.5 17.5 32.5 17.5 4 33 17.5 33 32.5 33 46 33 4 46 17.5 46 32.5 46 46 46 
1 RRT 5.45924 0.37805 4.824 440.6 301.5 4 4 17.5 4 32.5 4 46 4 4 17.5 17.5 17.5 32.5 17.5 46 17.5 4 33 17.5 33 32.5 33 46 33 4 46 17.5 46 32.5 46 46 46 
1 RRT 4.31618 0.37412 3.6914 527.39 336.47 17.5 33 4 4 17.5 4 32.5 4 46 4 4 17.5 17.5 17.5 32.5 17.5 46 17.5 4 33 32.5 33 46 33 4 46 17.5 46 32.5 46 46 46 
1 RRT 9.74568 0.40029 9.0739 514.69 355.06 17.5 17.5 4 4 17.5 4 32.5 4 46 4 4 17.5 32.5 17.5 46 17.5 4 33 17.5 33 32.5 33 46 33 4 46 17.5 46 32.5 46 46 46 
0 RRT 10.6912 0.38594 10.041 0 -1 4 4 17.5 4 32.5 4 46 4 4 17.5 17.5 17.5 32.5 17.5 46 17.5 4 33 17.5 33 32.5 33 46 33 4 46 17.5 46 32.5 46 46 46 
0 RRT 10.7508 0.38124 10.11 0 -1 4 46 4 4 17.5 4 32.5 4 46 4 4 17.5 17.5 17.5 32.5 17.5 46 17.5 4 33 17.5 33 32.5 33 46 33 17.5 46 32.5 46 46 46 
1 RRT 2.32909 0.39212 1.6705 369.5 268.23 46 46 4 4 17.5 4 32.5 4 46 4 4 17.5 17.5 17.5 32.5 17.5 46 17.5 4 33 17.5 33 32.5 33 46 33 4 46 17.5 46 32.5 46 
1 RRT 2.02417 0.38895 1.3766 403.96 260.02 4 46 4 4 17.5 4 32.5 4 46 4 4 17.5 17.5 17.5 32.5 17.5 46 17.5 4 33 17.5 33 32.5 33 46 33 17.5 46 32.5 46 46 46 
1 RRT 2.33525 0.3782 1.6991 552.27 332.49 32.5 4 4 4 17.5 4 46 4 4 17.5 17.5 17.5 32.5 17.5 46 17.5 4 33 17.5 33 32.5 33 46 33 4 46 17.5 46 32.5 46 46 46 
1 RRT 2.34897 0.39318 1.6885 325.42 222.39 17.5 4 4 4 32.5 4 46 4 4 17.5 17.5 17.5 32.5 17.5 46 17.5 4 33 17.5 33 32.5 33 46 33 4 46 17.5 46 32.5 46 46 46 
1 RRT 6.95024 0.39125 6.295 438.71 287.15 4 17.5 4 4 17.5 4 32.5 4 46 4 17.5 17.5 32.5 17.5 46 17.5 4 33 17.5 33 32.5 33 46 33 4 46 17.5 46 32.5 46 46 46 
1 RRT 5.30424 0.49748 4.4805 594.61 435.16 46 4 4 4 17.5 4 32.5 4 4 17.5 17.5 17.5 32.5 17.5 46 17.5 4 33 17.5 33 32.5 33 46 33 4 46 17.5 46 32.5 46 46 46 
1 RRT 6.91942 0.38708 6.2707 415.29 269.67 46 46 4 4 17.5 4 32.5 4 46 4 4 17.5 17.5 17.5 32.5 17.5 46 17.5 4 33 17.5 33 32.5 33 46 33 4 46 17.5 46 32.5 46 
0 RRT 10.7852 0.4234 10.074 0 -1 17.5 17.5 4 4 17.5 4 32.5 4 46 4 4 17.5 32.5 17.5 46 17.5 4 33 17.5 33 32.5 33 46 33 4 46 17.5 46 32.5 46 46 46 
0 RRT 10.8777 0.39189 10.222 0 -1 32.5 46 4 4 17.5 4 32.5 4 46 4 4 17.5 17.5 17.5 32.5 17.5 46 17.5 4 33 17.5 33 32.5 33 46 33 4 46 17.5 46 46 46 
1 RRT 2.30828 0.38746 1.6551 377.56 260.62 32.5 17.5 4 4 17.5 4 32.5 4 46 4 4 17.5 17.5 17.5 46 17.5 4 33 17.5 33 32.5 33 46 33 4 46 17.5 46 32.5 46 46 46 
1 RRT 2.27149 0.38522 1.6238 345.41 208.96 17.5 33 4 4 17.5 4 32.5 4 46 4 4 17.5 17.5 17.5 32.5 17.5 46 17.5 4 33 32.5 33 46 33 4 46 17.5 46 32.5 46 46 46 
1 RRT 7.07164 0.3953 6.4089 509.84 323.37 32.5 33 4 4 17.5 4 32.5 4 46 4 4 17.5 17.5 17.5 32.5 17.5 46 17.5 4 33 17.5 33 46 33 4 46 17.5 46 32.5 46 46 46 
1 RRT 10.165 0.39236 9.5046 523.32 340.76 17.5 4 4 4 32.5 4 46 4 4 17.5 17.5 17.5 32.5 17.5 46 17.5 4 33 17.5 33 32.5 33 46 33 4 46 17.5 46 32.5 46 46 46 
1 RRT 5.78725 0.41272 5.1009 452.02 304.82 17.5 4 4 4 32.5 4 46 4 4 17.5 17.5 17.5 32.5 17.5 46 17.5 4 33 17.5 33 32.5 33 46 33 4 46 17.5 46 32.5 46 46 46 
1 RRT 4.95227 0.40999 4.2764 347.13 218.8 46 17.5 4 4 17.5 4 32.5 4 46 4 4 17.5 17.5 17.5 32.5 17.5 4 33 17.5 33 32.5 33 46 33 4 46 17.5 46 32.5 46 46 46 
1 RRT 5.81868 0.49036 4.9847 491.74 352.12 32.5 33 4 4 17.5 4 32.5 4 46 4 4 17.5 17.5 17.5 32.5 17.5 46 17.5 4 33 17.5 33 46 33 4 46 17.5 46 32.5 46 46 46 
1 RRT 5.76847 0.3945 5.1063 449.28 290.13 4 17.5 4 4 17.5 4 32.5 4 46 4 17.5 17.5 32.5 17.5 46 17.5 4 33 17.5 33 32.5 33 46 33 4 46 17.5 46 32.5 46 46 46 
0 RRT 10.7664 0.40724 10.092 0 -1 4 33 4 4 17.5 4 32.5 4 46 4 4 17.5 17.5 17.5 32.5 17.5 46 17.5 17.5 33 32.5 33 46 33 4 46 17.5 46 32.5 46 46 46 
1 RRT 2.54822 0.38268 1.9032 328.41 219.3 4 4 17.5 4 32.5 4 46 4 4 17.5 17.5 17.5 32.5 17.5 46 17.5 4 33 17.5 33 32.5 33 46 33 4 46 17.5 46 32.5 46 46 46 
1 RRT 4.96158 0.38481 4.3154 374.93 245.75 17.5 46 4 4 17.5 4 32.5 4 46 4 4 17.5 17.5 17.5 32.5 17.5 46 17.5 4 33 17.5 33 32.5 33 46 33 4 46 32.5 46 46 46 
1 RRT 8.5412 0.5048 7.6958 414.48 275.99 4 33 4 4 17.5 4 32.5 4 46 4 4 17.5 17.5 17.5 32.5 17.5 46 17.5 17.5 33 32.5 33 46 33 4 46 17.5 46 32.5 46 46 46 
0 RRT 10.8301 0.39048 10.173 0 -1 32.5 17.5 4 4 17.5 4 32.5 4 46 4 4 17.5 17.5 17.5 46 17.5 4 33 17.5 33 32.5 33 46 33 4 46 17.5 46 32.5 46 46 46 
1 RRT 8.94413 0.3892 8.2893 523.18 336.66 4 33 4 4 17.5 4 32.5 4 46 4 4 17.5 17.5 17.5 32.5 17.5 46 17.5 17.5 33 32.5 33 46 33 4 46 17.5 46 32.5 46 46 46 
0 RRT 10.8117 0.40148 10.14 0 -1 17.5 17.5 4 4 17.5 4 32.5 4 46 4 4 17.5 32.5 17.5 46 17.5 4 33 17.5 33 32.5 33 46 33 4 46 17.5 46 32.5 46 46 46 
1 RRT 3.60058 0.39035 2.9395 767.24 527.98 32.5 33 4 4 17.5 4 32.5 4 46 4 4 17.5 17.5 17.5 32.5 17.5 46 17.5 4 33 17.5 33 46 33 4 46 17.5 46 32.5 46 46 46 
1 RRT 1.68188 0.39285 1.0223 487.57 286.48 4 17.5 4 4 17.5 4 32.5 4 46 4 17.5 17.5 32.5 17.5 46 17.5 4 33 17.5 33 32.5 33 46 33 4 46 17.5 46 32.5 46 46 46 
1 RRT 5.71808 0.37961 5.0809 440.88 283.95 46 17.5 4 4 17.5 4 32.5 4 46 4 4 17.5 17.5 17.5 32.5 17.5 4 33 17.5 33 32.5 33 46 33 4 46 17.5 46 32.5 46 46 46 
1 RRT 8.87987 0.38474 8.2304 393.72 278.76 4 46 4 4 17.5 4 32.5 4 46 4 4 17.5 17.5 17.5 32.5 17.5 46 17.5 4 33 17.5 33 32.5 33 46 33 17.5 46 32.5 46 46 46 
0 RRT 10.7863 0.38998 10.128 0 -1 17.5 33 4 4 17.5 4 32.5 4 46 4 4 17.5 17.5 17.5 32.5 17.5 46 17.5 4 33 32.5 33 46 33 4 46 17.5 46 32.5 46 46 46 
0 RRT 10.6445 0.38222 10 0 -1 4 4 17.5 4 32.5 4 46 4 4 17.5 17.5 17.5 32.5 17.5 46 17.5 4 33 17.5 33 32.5 33 46 33 4 46 17.5 46 32.5 46 46 46 
1 RRT 3.14421 0.39129 2.4883 456.06 269.05 17.5 46 4 4 17.5 4 32.5 4 46 4 4 17.5 17.5 17.5 32.5 17.5 46 17.5 4 33 17.5 33 32.5 33 46 33 4 46 32.5 46 46 46 
1 RRT 5.38826 0.38884 4.736 497.66 327.92 32.5 33 4 4 17.5 4 32.5 4 46 4 4 17.5 17.5 17.5 32.5 17.5 46 17.5 4 33 17.5 33 46 33 4 46 17.5 46 32.5 46 46 46 
0 RRT 10.6736 0.40297 10.001 0 -1 32.5 33 4 4 17.5 4 32.5 4 46 4 4 17.5 17.5 17.5 32.5 17.5 46 17.5 4 33 17.5 33 46 33 4 46 17.5 46 32.5 46 46 46 
1 RRT 8.16654 0.40848 7.4787 463.09 317.87 32.5 17.5 4 4 17.5 4 32.5 4 46 4 4 17.5 17.5 17.5 46 17.5 4 33 17.5 33 32.5 33 46 33 4 46 17.5 46 32.5 46 46 46 
1 RRT 2.88893 0.41201 2.2021 523.82 373.35 46 46 4 4 17.5 4 32.5 4 46 4 4 17.5 17.5 17.5 32.5 17.5 46 17.5 4 33 17.5 33 32.5 33 46 33 4 46 17.5 46 32.5 46 
1 RRT 2.19782 0.38956 1.5435 458.11 290.19 32.5 17.5 4 4 17.5 4 32.5 4 46 4 4 17.5 17.5 17.5 46 17.5 4 33 17.5 33 32.5 33 46 33 4 46 17.5 46 32.5 46 46 46 
1 RRT 4.05224 0.38024 3.4105 624.74 411.08 17.5 33 4 4 17.5 4 32.5 4 46 4 4 17.5 17.5 17.5 32.5 17.5 46 17.5 4 33 32.5 33 46 33 4 46 17.5 46 32.5 46 46 46 
0 RRT 10.8627 0.42138 10.166 0 -1 17.5 33 4 4 17.5 4 32.5 4 46 4 4 17.5 17.5 17.5 32.5 17.5 46 17.5 4 33 32.5 33 46 33 4 46 17.5 46 32.5 46 46 46 
1 RRT 10.1996 0.49907 9.3713 488.92 338.67 4 33 4 4 17.5 4 32.5 4 46 4 4 17.5 17.5 17.5 32.5 17.5 46 17.5 17.5 33 32.5 33 46 33 4 46 17.5 46 32.5 46 46 46 
1 RRT 8.55405 0.40771 7.8601 600.16 435.55 4 17.5 4 4 17.5 4 32.5 4 46 4 17.5 17.5 32.5 17.5 46 17.5 4 33 17.5 33 32.5 33 46 33 4 46 17.5 46 32.5 46 46 46 
1 RRT 5.65044 0.37631 5.0149 463.74 318.26 17.5 46 4 4 17.5 4 32.5 4 46 4 4 17.5 17.5 17.5 32.5 17.5 46 17.5 4 33 17.5 33 32.5 33 46 33 4 46 32.5 46 46 46 
1 RRT 3.44789 0.38748 2.8 498.47 327.98 32.5 17.5 4 4 17.5 4 32.5 4 46 4 4 17.5 17.5 17.5 46 17.5 4 33 17.5 33 32.5 33 46 33 4 46 17.5 46 32.5 46 46 46 
1 RRT 3.85673 0.37146 3.2276 465.14 320.68 17.5 17.5 4 4 17.5 4 32.5 4 46 4 4 17.5 32.5 17.5 46 17.5 4 33 17.5 33 32.5 33 46 33 4 46 17.5 46 32.5 46 46 46 
1 RRT 2.47559 0.37921 1.8379 510.42 351.76 46 46 4 4 17.5 4 32.5 4 46 4 4 17.5 17.5 17.5 32.5 17.5 46 17.5 4 33 17.5 33 32.5 33 46 33 4 46 17.5 46 32.5 46 
1 RRT 7.30463 0.42636 6.5889 583.35 383.49 17.5 17.5 4 4 17.5 4 32.5 4 46 4 4 17.5 32.5 17.5 46 17.5 4 33 17.5 33 32.5 33 46 33 4 46 17.5 46 32.5 46 46 46 
1 RRT 9.74893 0.42513 9.0386 510.72 343.5 46 46 4 4 17.5 4 32.5 4 46 4 4 17.5 17.5 17.5 32.5 17.5 46 17.5 4 33 17.5 33 32.5 33 46 33 4 46 17.5 46 32.5 46 
1 RRT 6.7895 0.49223 5.9666 445.54 307.27 32.5 4 4 4 17.5 4 46 4 4 17.5 17.5 17.5 32.5 17.5 46 17.5 4 33 17.5 33 32.5 33 46 33 4 46 17.5 46 32.5 46 46 46 
1 RRT 10.0761 0.39061 9.4167 565.43 371.16 32.5 46 4 4 17.5 4 32.5 4 46 4 4 17.5 17.5 17.5 32.5 17.5 46 17.5 4 33 17.5 33 32.5 33 46 33 4 46 17.5 46 46 46 
1 RRT 7.28369 0.41252 6.5912 575.23 427.63 17.5 4 4 4 32.5 4 46 4 4 17.5 17.5 17.5 32.5 17.5 46 17.5 4 33 17.5 33 32.5 33 46 33 4 46 17.5 46 32.5 46 46 46 
1 RRT 2.43677 0.4225 1.7101 575.61 362.11 46 46 4 4 17.5 4 32.5 4 46 4 4 17.5 17.5 17.5 32.5 17.5 46 17.5 4 33 17.5 33 32.5 33 46 33 4 46 17.5 46 32.5 46 
1 RRT 2.00533 0.38203 1.3641 579.05 378.44 32.5 17.5 4 4 17.5 4 32.5 4 46 4 4 17.5 17.5 17.5 46 17.5 4 33 17.5 33 32.5 33 46 33 4 46 17.5 46 32.5 46 46 46 
0 RRT 10.6675 0.39431 10.008 0 -1 4 33 4 4 17.5 4 32.5 4 46 4 4 17.5 17.5 17.5 32.5 17.5 46 17.5 17.5 33 32.5 33 46 33 4 46 17.5 46 32.5 46 46 46 
1 RRT 6.29616 0.39382 5.6338 362.7 227.53 17.5 17.5 4 4 17.5 4 32.5 4 46 4 4 17.5 32.5 17.5 46 17.5 4 33 17.5 33 32.5 33 46 33 4 46 17.5 46 32.5 46 46 46 
0 RRT 10.7085 0.39008 10.053 0 -1 4 46 4 4 17.5 4 32.5 4 46 4 4 17.5 17.5 17.5 32.5 17.5 46 17.5 4 33 17.5 33 32.5 33 46 33 17.5 46 32.5 46 46 46 
1 RRT 5.94024 0.38775 5.2884 356.54 245.08 17.5 46 4 4 17.5 4 32.5 4 46 4 4 17.5 17.5 17.5 32.5 17.5 46 17.5 4 33 17.5 33 32.5 33 46 33 4 46 32.5 46 46 46 
1 RRT 7.22287 0.39605 6.5593 456.14 305.77 17.5 4 4 4 32.5 4 46 4 4 17.5 17.5 17.5 32.5 17.5 46 17.5 4 33 17.5 33 32.5 33 46 33 4 46 17.5 46 32.5 46 46 46 
1 RRT 1.83813 0.39264 1.1772 397.82 277.46 32.5 4 4 4 17.5 4 46 4 4 17.5 17.5 17.5 32.5 17.5 46 17.5 4 33 17.5 33 32.5 33 46 33 4 46 17.5 46 32.5 46 46 46 
1 RRT 2.9032 0.39125 2.2457 430.4 315.94 4 4 17.5 4 32.5 4 46 4 4 17.5 17.5 17.5 32.5 17.5 46 17.5 4 33 17.5 33 32.5 33 46 33 4 46 17.5 46 32.5 46 46 46 
1 RRT 9.11903 0.39035 8.4645 502.13 328.06 46 46 4 4 17.5 4 32.5 4 46 4 4 17.5 17.5 17.5 32.5 17.5 46 17.5 4 33 17.5 33 32.5 33 46 33 4 46 17.5 46 32.5 46 
1 RRT 5.60695 0.37903 4.9708 371.21 243.53 17.5 4 4 4 32.5 4 46 4 4 17.5 17.5 17.5 32.5 17.5 46 17.5 4 33 17.5 33 32.5 33 46 33 4 46 17.5 46 32.5 46 46 46 
1 RRT 8.58768 0.38802 7.9373 451.84 295.1 4 4 17.5 4 32.5 4 46 4 4 17.5 17.5 17.5 32.5 17.5 46 17.5 4 33 17.5 33 32.5 33 46 33 4 46 17.5 46 32.5 46 46 46 
1 RRT 4.55962 0.39136 3.9052 438.26 281.28 32.5 4 4 4 17.5 4 46 4 4 17.5 17.5 17.5 32.5 17.5 46 17.5 4 33 17.5 33 32.5 33 46 33 4 46 17.5 46 32.5 46 46 46 
1 RRT 1.47207 0.39663 0.80843 387.94 255.74 32.5 4 4 4 17.5 4 46 4 4 17.5 17.5 17.5 32.5 17.5 46 17.5 4 33 17.5 33 32.5 33 46 33 4 46 17.5 46 32.5 46 46 46 
0 RRT 10.664 0.38596 10.013 0 -1 4 4 17.5 4 32.5 4 46 4 4 17.5 17.5 17.5 32.5 17.5 46 17.5 4 33 17.5 33 32.5 33 46 33 4 46 17.5 46 32.5 46 46 46 
1 RRT 1.58227 0.44025 0.82357 343.17 234.68 17.5 46 4 4 17.5 4 32.5 4 46 4 4 17.5 17.5 17.5 32.5 17.5 46 17.5 4 33 17.5 33 32.5 33 46 33 4 46 32.5 46 46 46 
1 RRT 8.28957 0.41054 7.6021 443.41 314.34 4 33 4 4 17.5 4 32.5 4 46 4 4 17.5 17.5 17.5 32.5 17.5 46 17.5 17.5 33 32.5 33 46 33 4 46 17.5 46 32.5 46 46 46 
1 RRT 3.92928 0.40736 3.247 474.83 297.35 4 17.5 4 4 17.5 4 32.5 4 46 4 17.5 17.5 32.5 17.5 46 17.5 4 33 17.5 33 32.5 33 46 33 4 46 17.5 46 32.5 46 46 46 
1 RRT 6.88298 0.39305 6.2236 485.09 307 32.5 46 4 4 17.5 4 32.5 4 46 4 4 17.5 17.5 17.5 32.5 17.5 46 17.5 4 33 17.5 33 32.5 33 46 33 4 46 17.5 46 46 46 
0 RRT 10.8755 0.52619 10.002 0 -1 17.5 46 4 4 17.5 4 32.5 4 46 4 4 17.5 17.5 17.5 32.5 17.5 46 17.5 4 33 17.5 33 32.5 33 46 33 4 46 32.5 46 46 46 
1 RRT 7.0561 0.42008 6.3452 488.53 349.7 32.5 33 4 4 17.5 4 32.5 4 46 4 4 17.5 17.5 17.5 32.5 17.5 46 17.5 4 33 17.5 33 46 33 4 46 17.5 46 32.5 46 46 46 
0 RRT 10.6699 0.40016 10.001 0 -1 4 17.5 4 4 17.5 4 32.5 4 46 4 17.5 17.5 32.5 17.5 46 17.5 4 33 17.5 33 32.5 33 46 33 4 46 17.5 46 32.5 46 46 46 
1 RRT 4.61887 0.4177 3.9248 536.44 349.78 4 4 17.5 4 32.5 4 46 4 4 17.5 17.5 17.5 32.5 17.5 46 17.5 4 33 17.5 33 32.5 33 46 33 4 46 17.5 46 32.5 46 46 46 
1 RRT 9.27889 0.39777 8.6139 667.29 444.72 46 4 4 4 17.5 4 32.5 4 4 17.5 17.5 17.5 32.5 17.5 46 17.5 4 33 17.5 33 32.5 33 46 33 4 46 17.5 46 32.5 46 46 46 
1 RRT 2.91929 0.37669 2.2842 348.04 237.7 32.5 17.5 4 4 17.5 4 32.5 4 46 4 4 17.5 17.5 17.5 46 17.5 4 33 17.5 33 32.5 33 46 33 4 46 17.5 46 32.5 46 46 46 
1 RRT 4.93965 0.38326 4.2966 437.3 295.87 4 4 17.5 4 32.5 4 46 4 4 17.5 17.5 17.5 32.5 17.5 46 17.5 4 33 17.5 33 32.5 33 46 33 4 46 17.5 46 32.5 46 46 46 
0 RRT 10.6879 0.38986 10.041 0 -1 46 4 4 4 17.5 4 32.5 4 4 17.5 17.5 17.5 32.5 17.5 46 17.5 4 33 17.5 33 32.5 33 46 33 4 46 17.5 46 32.5 46 46 46 
1 RRT 9.00282 0.38581 8.3513 554.63 344.61 32.5 33 4 4 17.5 4 32.5 4 46 4 4 17.5 17.5 17.5 32.5 17.5 46 17.5 4 33 17.5 33 46 33 4 46 17.5 46 32.5 46 46 46 
0 RRT 10.6988 0.397 10.037 0 -1 46 17.5 4 4 17.5 4 32.5 4 46 4 4 17.5 17.5 17.5 32.5 17.5 4 33 17.5 33 32.5 33 46 33 4 46 17.5 46 32.5 46 46 46 
1 RRT 3.59476 0.50956 2.7486 366.25 240.74 17.5 46 4 4 17.5 4 32.5 4 46 4 4 17.5 17.5 17.5 32.5 17.5 46 17.5 4 33 17.5 33 32.5 33 46 33 4 46 32.5 46 46 46 
1 RRT 8.62183 0.38977 7.9663 612.24 380.69 32.5 4 4 4 17.5 4 46 4 4 17.5 17.5 17.5 32.5 17.5 46 17.5 4 33 17.5 33 32.5 33 46 33 4 46 17.5 46 32.5 46 46 46 
1 RRT 3.21525 0.39469 2.5509 404.6 244.84 17.5 33 4 4 17.5 4 32.5 4 46 4 4 17.5 17.5 17.5 32.5 17.5 46 17.5 4 33 32.5 33 46 33 4 46 17.5 46 32.5 46 46 46 
0 RRT 10.7962 0.39245 10.137 0 -1 46 4 4 4 17.5 4 32.5 4 4 17.5 17.5 17.5 32.5 17.5 46 17.5 4 33 17.5 33 32.5 33 46 33 4 46 17.5 46 32.5 46 46 46 
1 RRT 9.25588 0.3898 8.5978 427.54 302.93 4 4 17.5 4 32.5 4 46 4 4 17.5 17.5 17.5 32.5 17.5 46 17.5 4 33 17.5 33 32.5 33 46 33 4 46 17.5 46 32.5 46 46 46 
1 RRT 5.36359 0.40914 4.6774 374.4 264.66 4 4 17.5 4 32.5 4 46 4 4 17.5 17.5 17.5 32.5 17.5 46 17.5 4 33 17.5 33 32.5 33 46 33 4 46 17.5 46 32.5 46 46 46 
1 RRT 2.28606 0.37618 1.6548 445.84 287.72 32.5 33 4 4 17.5 4 32.5 4 46 4 4 17.5 17.5 17.5 32.5 17.5 46 17.5 4 33 17.5 33 46 33 4 46 17.5 46 32.5 46 46 46 
0 RRT 10.7803 0.39815 10.12 0 -1 32.5 33 4 4 17.5 4 32.5 4 46 4 4 17.5 17.5 17.5 32.5 17.5 46 17.5 4 33 17.5 33 46 33 4 46 17.5 46 32.5 46 46 46 
1 RRT 2.85757 0.3847 2.209 527.8 343.29 17.5 33 4 4 17.5 4 32.5 4 46 4 4 17.5 17.5 17.5 32.5 17.5 46 17.5 4 33 32.5 33 46 33 4 46 17.5 46 32.5 46 46 46 
0 RRT 10.6624 0.39415 10.001 0 -1 17.5 46 4 4 17.5 4 32.5 4 46 4 4 17.5 17.5 17.5 32.5 17.5 46 17.5 4 33 17.5 33 32.5 33 46 33 4 46 32.5 46 46 46 
1 RRT 6.49792 0.39063 5.8428 510.24 323.63 4 33 4 4 17.5 4 32.5 4 46 4 4 17.5 17.5 17.5 32.5 17.5 46 17.5 17.5 33 32.5 33 46 33 4 46 17.5 46 32.5 46 46 46 
1 RRT 6.7089 0.38373 6.0621 531.91 333.37 46 17.5 4 4 17.5 4 32.5 4 46 4 4 17.5 17.5 17.5 32.5 17.5 4 33 17.5 33 32.5 33 46 33 4 46 17.5 46 32.5 46 46 46 
1 RRT 3.65483 0.38447 3.0094 465.69 291.91 4 46 4 4 17.5 4 32.5 4 46 4 4 17.5 17.5 17.5 32.5 17.5 46 17.5 4 33 17.5 33 32.5 33 46 33 17.5 46 32.5 46 46 46 
1 RRT 7.03771 0.38268 6.3944 440.52 345.18 32.5 46 4 4 17.5 4 32.5 4 46 4 4 17.5 17.5 17.5 32.5 17.5 46 17.5 4 33 17.5 33 32.5 33 46 33 4 46 17.5 46 46 46 
1 RRT 1.40826 0.38298 0.76567 387.27 237.43 32.5 46 4 4 17.5 4 32.5 4 46 4 4 17.5 17.5 17.5 32.5 17.5 46 17.5 4 33 17.5 33 32.5 33 46 33 4 46 17.5 46 46 46 
0 RRT 10.7324 0.38512 10.082 0 -1 4 33 4 4 17.5 4 32.5 4 46 4 4 17.5 17.5 17.5 32.5 17.5 46 17.5 17.5 33 32.5 33 46 33 4 46 17.5 46 32.5 46 46 46 
1 RRT 5.51043 0.51849 4.6455 486.33 352.53 4 4 17.5 4 32.5 4 46 4 4 17.5 17.5 17.5 32.5 17.5 46 17.5 4 33 17.5 33 32.5 33 46 33 4 46 17.5 46 32.5 46 46 46 
0 RRT 10.8632 0.41729 10.152 0 -1 17.5 17.5 4 4 17.5 4 32.5 4 46 4 4 17.5 32.5 17.5 46 17.5 4 33 17.5 33 32.5 33 46 33 4 46 17.5 46 32.5 46 46 46 
1 RRT 3.91787 0.39058 3.2602 480.69 329.95 32.5 4 4 4 17.5 4 46 4 4 17.5 17.5 17.5 32.5 17.5 46 17.5 4 33 17.5 33 32.5 33 46 33 4 46 17.5 46 32.5 46 46 46 
1 RRT 2.14337 0.38569 1.4951 387.75 258.63 4 4 17.5 4 32.5 4 46 4 4 17.5 17.5 17.5 32.5 17.5 46 17.5 4 33 17.5 33 32.5 33 46 33 4 46 17.5 46 32.5 46 46 46 
0 RRT 10.6681 0.39811 10.001 0 -1 32.5 4 4 4 17.5 4 46 4 4 17.5 17.5 17.5 32.5 17.5 46 17.5 4 33 17.5 33 32.5 33 46 33 4 46 17.5 46 32.5 46 46 46 
1 RRT 7.21789 0.39192 6.5635 809.24 531.87 4 46 4 4 17.5 4 32.5 4 46 4 4 17.5 17.5 17.5 32.5 17.5 46 17.5 4 33 17.5 33 32.5 33 46 33 17.5 46 32.5 46 46 46 
1 RRT 5.04029 0.40134 4.3633 385.2 266.39 46 33 4 4 17.5 4 32.5 4 46 4 4 17.5 17.5 17.5 32.5 17.5 46 17.5 4 33 17.5 33 32.5 33 4 46 17.5 46 32.5 46 46 46 
1 RRT 8.60203 0.3927 7.9458 593.67 385.56 4 4 17.5 4 32.5 4 46 4 4 17.5 17.5 17.5 32.5 17.5 46 17.5 4 33 17.5 33 32.5 33 46 33 4 46 17.5 46 32.5 46 46 46 
1 RRT 4.36084 0.39599 3.6996 459.5 311.45 4 46 4 4 17.5 4 32.5 4 46 4 4 17.5 17.5 17.5 32.5 17.5 46 17.5 4 33 17.5 33 32.5 33 46 33 17.5 46 32.5 46 46 46 
0 RRT 10.7895 0.40117 10.118 0 -1 32.5 46 4 4 17.5 4 32.5 4 46 4 4 17.5 17.5 17.5 32.5 17.5 46 17.5 4 33 17.5 33 32.5 33 46 33 4 46 17.5 46 46 46 
1 RRT 7.11556 0.38835 6.4655 415.8 291.92 46 33 4 4 17.5 4 32.5 4 46 4 4 17.5 17.5 17.5 32.5 17.5 46 17.5 4 33 17.5 33 32.5 33 4 46 17.5 46 32.5 46 46 46 
1 RRT 3.87044 0.37604 3.2385 360.41 250.78 32.5 4 4 4 17.5 4 46 4 4 17.5 17.5 17.5 32.5 17.5 46 17.5 4 33 17.5 33 32.5 33 46 33 4 46 17.5 46 32.5 46 46 46 
1 RRT 4.85366 0.39922 4.1845 526.34 372.05 32.5 4 4 4 17.5 4 46 4 4 17.5 17.5 17.5 32.5 17.5 46 17.5 4 33 17.5 33 32.5 33 46 33 4 46 17.5 46 32.5 46 46 46 
1 RRT 2.88648 0.40238 2.2093 386.62 271.82 17.5 4 4 4 32.5 4 46 4 4 17.5 17.5 17.5 32.5 17.5 46 17.5 4 33 17.5 33 32.5 33 46 33 4 46 17.5 46 32.5 46 46 46 
1 RRT 4.28648 0.37346 3.6603 526.53 338.11 4 33 4 4 17.5 4 32.5 4 46 4 4 17.5 17.5 17.5 32.5 17.5 46 17.5 17.5 33 32.5 33 46 33 4 46 17.5 46 32.5 46 46 46 
1 RRT 7.34221 0.39738 6.677 461.6 296.42 32.5 46 4 4 17.5 4 32.5 4 46 4 4 17.5 17.5 17.5 32.5 17.5 46 17.5 4 33 17.5 33 32.5 33 46 33 4 46 17.5 46 46 46 
1 RRT 5.55082 0.40465 4.8784 407.12 242.86 17.5 17.5 4 4 17.5 4 32.5 4 46 4 4 17.5 32.5 17.5 46 17.5 4 33 17.5 33 32.5 33 46 33 4 46 17.5 46 32.5 46 46 46 
1 RRT 5.70123 0.38327 5.0574 325.11 194.72 32.5 33 4 4 17.5 4 32.5 4 46 4 4 17.5 17.5 17.5 32.5 17.5 46 17.5 4 33 17.5 33 46 33 4 46 17.5 46 32.5 46 46 46 
1 RRT 3.8598 0.50446 3.0101 388.76 239.09 4 4 17.5 4 32.5 4 46 4 4 17.5 17.5 17.5 32.5 17.5 46 17.5 4 33 17.5 33 32.5 33 46 33 4 46 17.5 46 32.5 46 46 46 
1 RRT 2.92908 0.39886 2.2551 355.42 217.39 32.5 17.5 4 4 17.5 4 32.5 4 46 4 4 17.5 17.5 17.5 46 17.5 4 33 17.5 33 32.5 33 46 33 4 46 17.5 46 32.5 46 46 46 
1 RRT 5.55903 0.41126 4.8718 489.13 338.08 46 4 4 4 17.5 4 32.5 4 4 17.5 17.5 17.5 32.5 17.5 46 17.5 4 33 17.5 33 32.5 33 46 33 4 46 17.5 46 32.5 46 46 46 
1 RRT 1.79355 0.38756 1.1401 433.47 298.48 32.5 33 4 4 17.5 4 32.5 4 46 4 4 17.5 17.5 17.5 32.5 17.5 46 17.5 4 33 17.5 33 46 33 4 46 17.5 46 32.5 46 46 46 
1 RRT 7.88319 0.41865 7.1821 486.09 336.95 46 46 4 4 17.5 4 32.5 4 46 4 4 17.5 17.5 17.5 32.5 17.5 46 17.5 4 33 17.5 33 32.5 33 46 33 4 46 17.5 46 32.5 46 
1 RRT 4.62315 0.39657 3.9556 491.78 335.37 32.5 4 4 4 17.5 4 46 4 4 17.5 17.5 17.5 32.5 17.5 46 17.5 4 33 17.5 33 32.5 33 46 33 4 46 17.5 46 32.5 46 46 46 
1 RRT 4.71153 0.39202 4.0485 430.92 261.71 17.5 17.5 4 4 17.5 4 32.5 4 46 4 4 17.5 32.5 17.5 46 17.5 4 33 17.5 33 32.5 33 46 33 4 46 17.5 46 32.5 46 46 46 
1 RRT 6.61531 0.48068 5.8167 486.83 313.91 32.5 17.5 4 4 17.5 4 32.5 4 46 4 4 17.5 17.5 17.5 46 17.5 4 33 17.5 33 32.5 33 46 33 4 46 17.5 46 32.5 46 46 46 
1 RRT 3.52892 0.40103 2.8448 405.95 250.97 46 33 4 4 17.5 4 32.5 4 46 4 4 17.5 17.5 17.5 32.5 17.5 46 17.5 4 33 17.5 33 32.5 33 4 46 17.5 46 32.5 46 46 46 
1 RRT 3.47955 0.39235 2.821 506.49 349.52 17.5 17.5 4 4 17.5 4 32.5 4 46 4 4 17.5 32.5 17.5 46 17.5 4 33 17.5 33 32.5 33 46 33 4 46 17.5 46 32.5 46 46 46 
0 RRT 10.8713 0.48561 10.064 0 -1 32.5 33 4 4 17.5 4 32.5 4 46 4 4 17.5 17.5 17.5 32.5 17.5 46 17.5 4 33 17.5 33 46 33 4 46 17.5 46 32.5 46 46 46 
1 RRT 5.74989 0.38535 5.1011 492.94 300.9 32.5 17.5 4 4 17.5 4 32.5 4 46 4 4 17.5 17.5 17.5 46 17.5 4 33 17.5 33 32.5 33 46 33 4 46 17.5 46 32.5 46 46 46 
1 RRT 2.0838 0.3884 1.429 389 267.31 32.5 4 4 4 17.5 4 46 4 4 17.5 17.5 17.5 32.5 17.5 46 17.5 4 33 17.5 33 32.5 33 46 33 4 46 17.5 46 32.5 46 46 46 
1 RRT 6.63898 0.40102 5.9663 469.92 290.32 17.5 17.5 4 4 17.5 4 32.5 4 46 4 4 17.5 32.5 17.5 46 17.5 4 33 17.5 33 32.5 33 46 33 4 46 17.5 46 32.5 46 46 46 
1 RRT 4.89264 0.40807 4.2017 489.01 335.62 17.5 17.5 4 4 17.5 4 32.5 4 46 4 4 17.5 32.5 17.5 46 17.5 4 33 17.5 33 32.5 33 46 33 4 46 17.5 46 32.5 46 46 46 
1 RRT 5.1132 0.49495 4.2726 417.87 291.53 32.5 4 4 4 17.5 4 46 4 4 17.5 17.5 17.5 32.5 17.5 46 17.5 4 33 17.5 33 32.5 33 46 33 4 46 17.5 46 32.5 46 46 46 
1 RRT 2.93965 0.38077 2.3028 384.36 262.29 17.5 33 4 4 17.5 4 32.5 4 46 4 4 17.5 17.5 17.5 32.5 17.5 46 17.5 4 33 32.5 33 46 33 4 46 17.5 46 32.5 46 46 46 
1 RRT 5.46887 0.39424 4.8099 414.11 287.83 4 46 4 4 17.5 4 32.5 4 46 4 4 17.5 17.5 17.5 32.5 17.5 46 17.5 4 33 17.5 33 32.5 33 46 33 17.5 46 32.5 46 46 46 
0 RRT 10.6936 0.39548 10.029 0 -1 46 4 4 4 17.5 4 32.5 4 4 17.5 17.5 17.5 32.5 17.5 46 17.5 4 33 17.5 33 32.5 33 46 33 4 46 17.5 46 32.5 46 46 46 
1 RRT 1.85189 0.49028 1.0322 361.7 238.6 17.5 33 4 4 17.5 4 32.5 4 46 4 4 17.5 17.5 17.5 32.5 17.5 46 17.5 4 33 32.5 33 46 33 4 46 17.5 46 32.5 46 46 46 
0 RRT 10.9704 0.50212 10.131 0 -1 46 4 4 4 17.5 4 32.5 4 4 17.5 17.5 17.5 32.5 17.5 46 17.5 4 33 17.5 33 32.5 33 46 33 4 46 17.5 46 32.5 46 46 46 
0 RRT 10.7507 0.38502 10.104 0 -1 46 46 4 4 17.5 4 32.5 4 46 4 4 17.5 17.5 17.5 32.5 17.5 46 17.5 4 33 17.5 33 32.5 33 46 33 4 46 17.5 46 32.5 46 
1 RRT 4.32876 0.39657 3.6613 365.32 248.18 46 4 4 4 17.5 4 32.5 4 4 17.5 17.5 17.5 32.5 17.5 46 17.5 4 33 17.5 33 32.5 33 46 33 4 46 17.5 46 32.5 46 46 46 
0 RRT 10.6518 0.38937 10.001 0 -1 4 4 17.5 4 32.5 4 46 4 4 17.5 17.5 17.5 32.5 17.5 46 17.5 4 33 17.5 33 32.5 33 46 33 4 46 17.5 46 32.5 46 46 46 
1 RRT 6.1339 0.44268 5.4057 452.5 300.23 32.5 4 4 4 17.5 4 46 4 4 17.5 17.5 17.5 32.5 17.5 46 17.5 4 33 17.5 33 32.5 33 46 33 4 46 17.5 46 32.5 46 46 46 
1 RRT 2.87559 0.38422 2.2263 437.34 285.98 32.5 46 4 4 17.5 4 32.5 4 46 4 4 17.5 17.5 17.5 32.5 17.5 46 17.5 4 33 17.5 33 32.5 33 46 33 4 46 17.5 46 46 46 
1 RRT 3.92035 0.49656 3.0919 393.43 246.06 17.5 46 4 4 17.5 4 32.5 4 46 4 4 17.5 17.5 17.5 32.5 17.5 46 17.5 4 33 17.5 33 32.5 33 46 33 4 46 32.5 46 46 46 
1 RRT 4.97802 0.39663 4.3163 702.81 473.02 46 4 4 4 17.5 4 32.5 4 4 17.5 17.5 17.5 32.5 17.5 46 17.5 4 33 17.5 33 32.5 33 46 33 4 46 17.5 46 32.5 46 46 46 
1 RRT 4.62975 0.37582 3.995 503.45 304.84 17.5 46 4 4 17.5 4 32.5 4 46 4 4 17.5 17.5 17.5 32.5 17.5 46 17.5 4 33 17.5 33 32.5 33 46 33 4 46 32.5 46 46 46 
1 RRT 4.41905 0.39237 3.7599 445.49 289.57 4 33 4 4 17.5 4 32.5 4 46 4 4 17.5 17.5 17.5 32.5 17.5 46 17.5 17.5 33 32.5 33 46 33 4 46 17.5 46 32.5 46 46 46 
1 RRT 6.86645 0.38871 6.2111 536.46 345.93 17.5 46 4 4 17.5 4 32.5 4 46 4 4 17.5 17.5 17.5 32.5 17.5 46 17.5 4 33 17.5 33 32.5 33 46 33 4 46 32.5 46 46 46 
1 RRT 4.26607 0.38762 3.611 551.15 326.95 32.5 17.5 4 4 17.5 4 32.5 4 46 4 4 17.5 17.5 17.5 46 17.5 4 33 17.5 33 32.5 33 46 33 4 46 17.5 46 32.5 46 46 46 
1 RRT 3.56762 0.40813 2.887 414.48 281.37 17.5 46 4 4 17.5 4 32.5 4 46 4 4 17.5 17.5 17.5 32.5 17.5 46 17.5 4 33 17.5 33 32.5 33 46 33 4 46 32.5 46 46 46 
1 RRT 2.72659 0.38896 2.0785 454.01 285.38 4 4 17.5 4 32.5 4 46 4 4 17.5 17.5 17.5 32.5 17.5 46 17.5 4 33 17.5 33 32.5 33 46 33 4 46 17.5 46 32.5 46 46 46 
1 RRT 7.21321 0.38083 6.5681 609.79 406.73 46 33 4 4 17.5 4 32.5 4 46 4 4 17.5 17.5 17.5 32.5 17.5 46 17.5 4 33 17.5 33 32.5 33 4 46 17.5 46 32.5 46 46 46 
1 RRT 3.51395 0.39718 2.8521 372.29 247.9 32.5 33 4 4 17.5 4 32.5 4 46 4 4 17.5 17.5 17.5 32.5 17.5 46 17.5 4 33 17.5 33 46 33 4 46 17.5 46 32.5 46 46 46 
0 RRT 10.706 0.42172 10.001 0 -1 32.5 46 4 4 17.5 4 32.5 4 46 4 4 17.5 17.5 17.5 32.5 17.5 46 17.5 4 33 17.5 33 32.5 33 46 33 4 46 17.5 46 46 46 
1 RRT 3.21497 0.40381 2.5392 464.73 312.35 46 33 4 4 17.5 4 32.5 4 46 4 4 17.5 17.5 17.5 32.5 17.5 46 17.5 4 33 17.5 33 32.5 33 4 46 17.5 46 32.5 46 46 46 
1 RRT 0.831329 0.28873 0.3332 310.12 154.7 32.5 4 4 4 17.5 4 46 4 4 17.5 17.5 17.5 32.5 17.5 46 17.5 4 33 17.5 33 32.5 33 46 33 4 46 17.5 46 32.5 46 46 46 
