1 RRT 7.33437 0.43529 6.5702 165.77 97.777 16 17.5 34 17.5 17.5 33 32.5 33 
1 RRT 6.16978 0.34172 5.5597 236.26 144.23 16 17.5 34 17.5 17.5 33 32.5 33 
1 RRT 2.26587 0.40194 1.5387 163.36 111.2 17.5 33 16 17.5 34 17.5 32.5 33 
1 RRT 5.83531 0.42119 5.0913 204.63 133.77 32.5 33 16 17.5 34 17.5 17.5 33 
1 RRT 8.41627 0.41929 7.6798 206.77 137.12 16 17.5 34 17.5 17.5 33 32.5 33 
1 RRT 6.84625 0.40952 6.1042 176.51 116.98 16 17.5 34 17.5 17.5 33 32.5 33 
1 RRT 3.65839 0.35074 3.0304 167.61 121.13 34 17.5 16 17.5 17.5 33 32.5 33 
1 RRT 8.35655 0.39487 7.6412 283.25 222.38 17.5 33 16 17.5 34 17.5 32.5 33 
1 RRT 6.90095 0.34516 6.2884 213.12 126.73 34 17.5 16 17.5 17.5 33 32.5 33 
1 RRT 3.11073 0.33914 2.5037 272.95 204.39 32.5 33 16 17.5 34 17.5 17.5 33 
1 RRT 2.36279 0.36033 1.7126 173.9 128.2 16 17.5 34 17.5 17.5 33 32.5 33 
1 RRT 4.44659 0.43578 3.6777 197.65 142.54 32.5 33 16 17.5 34 17.5 17.5 33 
1 RRT 2.73208 0.33443 2.1356 177.99 107.37 34 17.5 16 17.5 17.5 33 32.5 33 
1 RRT 6.44992 0.3454 5.8351 235.54 176.35 17.5 33 16 17.5 34 17.5 32.5 33 
1 RRT 3.91136 0.33971 3.3063 261.77 170.85 17.5 33 16 17.5 34 17.5 32.5 33 
1 RRT 3.53826 0.33159 2.9437 158.69 100.65 32.5 33 16 17.5 34 17.5 17.5 33 
1 RRT 6.62121 0.43115 5.8623 200.83 133.57 34 17.5 16 17.5 17.5 33 32.5 33 
1 RRT 3.45136 0.35028 2.8287 193.15 122.79 32.5 33 16 17.5 34 17.5 17.5 33 
1 RRT 3.56302 0.34084 2.9551 308.24 185.72 16 17.5 34 17.5 17.5 33 32.5 33 
1 RRT 4.50995 0.33649 3.906 276.59 200.27 16 17.5 34 17.5 17.5 33 32.5 33 
1 RRT 3.03837 0.3361 2.4371 221.86 151.06 17.5 33 16 17.5 34 17.5 32.5 33 
1 RRT 2.47971 0.33135 1.8864 231.67 143.14 17.5 33 16 17.5 34 17.5 32.5 33 
1 RRT 1.43456 0.34657 0.81587 215.78 148.01 16 17.5 34 17.5 17.5 33 32.5 33 
0 RRT 10.7117 0.40156 10.002 0 -1 17.5 33 16 17.5 34 17.5 32.5 33 
0 RRT 10.6546 0.35268 10.026 0 -1 17.5 33 16 17.5 34 17.5 32.5 33 
1 RRT 2.19402 0.33568 1.594 169.15 116.09 16 17.5 34 17.5 17.5 33 32.5 33 
1 RRT 6.35216 0.3396 5.749 340.59 225.27 34 17.5 16 17.5 17.5 33 32.5 33 
1 RRT 1.76142 0.32932 1.1722 171.31 117.02 16 17.5 34 17.5 17.5 33 32.5 33 
1 RRT 2.02978 0.33918 1.4256 155.83 125.6 16 17.5 34 17.5 17.5 33 32.5 33 
0 RRT 10.6539 0.34825 10.032 0 -1 34 17.5 16 17.5 17.5 33 32.5 33 
1 RRT 2.68945 0.34204 2.0795 271.84 197 34 17.5 16 17.5 17.5 33 32.5 33 
1 RRT 4.79298 0.34472 4.1804 226.45 148.7 32.5 33 16 17.5 34 17.5 17.5 33 
1 RRT 2.33351 0.42891 1.5761 194.48 135.36 34 17.5 16 17.5 17.5 33 32.5 33 
1 RRT 3.08699 0.34519 2.469 231.53 147.38 32.5 33 16 17.5 34 17.5 17.5 33 
1 RRT 6.28985 0.33378 5.6937 256.08 185.25 17.5 33 16 17.5 34 17.5 32.5 33 
1 RRT 2.82032 0.34281 2.2097 216.55 143.75 34 17.5 16 17.5 17.5 33 32.5 33 
1 RRT 1.09194 0.33511 0.49028 205.68 129.29 32.5 33 16 17.5 34 17.5 17.5 33 
1 RRT 8.77789 0.34351 8.1653 196.5 174.05 32.5 33 16 17.5 34 17.5 17.5 33 
1 RRT 5.91333 0.34464 5.2972 176.06 130.28 34 17.5 16 17.5 17.5 33 32.5 33 
0 RRT 10.6759 0.33582 10.074 0 -1 34 17.5 16 17.5 17.5 33 32.5 33 
1 RRT 2.00787 0.32787 1.4206 317.09 217.9 16 17.5 34 17.5 17.5 33 32.5 33 
1 RRT 2.5423 0.33539 1.9448 222.89 145.23 16 17.5 34 17.5 17.5 33 32.5 33 
1 RRT 2.30048 0.3506 1.6786 257.07 162.53 16 17.5 34 17.5 17.5 33 32.5 33 
1 RRT 5.86203 0.34011 5.2563 294.81 199.46 32.5 33 16 17.5 34 17.5 17.5 33 
1 RRT 9.19763 0.32643 8.6159 205.4 141.37 17.5 33 16 17.5 34 17.5 32.5 33 
0 RRT 10.6802 0.33439 10.083 0 -1 32.5 33 16 17.5 34 17.5 17.5 33 
1 RRT 5.83429 0.34446 5.2204 324.96 239.31 32.5 33 16 17.5 34 17.5 17.5 33 
1 RRT 5.32386 0.42206 4.577 255.45 206.52 32.5 33 16 17.5 34 17.5 17.5 33 
1 RRT 1.56939 0.35299 0.9434 173.39 106.99 16 17.5 34 17.5 17.5 33 32.5 33 
1 RRT 5.52372 0.33684 4.9215 173.47 117.87 16 17.5 34 17.5 17.5 33 32.5 33 
1 RRT 2.1293 0.33744 1.5287 208.84 132.95 16 17.5 34 17.5 17.5 33 32.5 33 
1 RRT 2.03567 0.32727 1.4499 272.34 180.39 34 17.5 16 17.5 17.5 33 32.5 33 
1 RRT 2.45053 0.36968 1.7809 269.69 183.14 17.5 33 16 17.5 34 17.5 32.5 33 
1 RRT 3.43049 0.33486 2.8317 251 175.43 17.5 33 16 17.5 34 17.5 32.5 33 
1 RRT 5.48099 0.3553 4.8509 266.11 153.63 17.5 33 16 17.5 34 17.5 32.5 33 
1 RRT 6.80199 0.44445 6.0212 187.41 117.36 16 17.5 34 17.5 17.5 33 32.5 33 
1 RRT 1.71777 0.33952 1.1128 205.21 137.31 32.5 33 16 17.5 34 17.5 17.5 33 
1 RRT 3.33333 0.35329 2.7068 240.13 154.99 32.5 33 16 17.5 34 17.5 17.5 33 
1 RRT 2.15495 0.33498 1.5591 162.16 92.133 17.5 33 16 17.5 34 17.5 32.5 33 
1 RRT 5.56169 0.34174 4.952 226.49 155.08 34 17.5 16 17.5 17.5 33 32.5 33 
1 RRT 4.34267 0.34967 3.7208 192.21 127.66 32.5 33 16 17.5 34 17.5 17.5 33 
1 RRT 3.87981 0.33654 3.2814 236.08 160.64 34 17.5 16 17.5 17.5 33 32.5 33 
1 RRT 7.52086 0.34489 6.9058 158.57 118.38 34 17.5 16 17.5 17.5 33 32.5 33 
1 RRT 8.13646 0.33735 7.533 274.93 220.06 16 17.5 34 17.5 17.5 33 32.5 33 
1 RRT 4.25016 0.34318 3.6373 200.11 122.91 34 17.5 16 17.5 17.5 33 32.5 33 
1 RRT 2.99243 0.33689 2.3893 318.57 214.38 34 17.5 16 17.5 17.5 33 32.5 33 
1 RRT 2.82006 0.34824 2.1944 200.35 159.37 34 17.5 16 17.5 17.5 33 32.5 33 
1 RRT 3.93979 0.34188 3.331 212.82 164.63 16 17.5 34 17.5 17.5 33 32.5 33 
1 RRT 4.05165 0.33568 3.4493 229.55 161.72 16 17.5 34 17.5 17.5 33 32.5 33 
1 RRT 9.53759 0.34444 8.9221 172.09 113.01 16 17.5 34 17.5 17.5 33 32.5 33 
1 RRT 2.77083 0.34036 2.1652 206.49 134.5 34 17.5 16 17.5 17.5 33 32.5 33 
1 RRT 10.3193 0.32944 9.7296 298.21 196.86 32.5 33 16 17.5 34 17.5 17.5 33 
1 RRT 2.41838 0.33562 1.8173 273.27 198.17 17.5 33 16 17.5 34 17.5 32.5 33 
1 RRT 3.99205 0.34487 3.3791 268.86 174.58 32.5 33 16 17.5 34 17.5 17.5 33 
1 RRT 6.62361 0.35765 5.9876 222.93 150.7 17.5 33 16 17.5 34 17.5 32.5 33 
1 RRT 2.41024 0.3216 1.8343 154.34 105.46 32.5 33 16 17.5 34 17.5 17.5 33 
1 RRT 7.22356 0.34226 6.6118 257.99 161.7 34 17.5 16 17.5 17.5 33 32.5 33 
1 RRT 1.98349 0.34416 1.3684 197.8 146.43 16 17.5 34 17.5 17.5 33 32.5 33 
1 RRT 1.56149 0.34099 0.95462 161.94 105.94 16 17.5 34 17.5 17.5 33 32.5 33 
1 RRT 1.19799 0.32984 0.60731 177.18 109.04 34 17.5 16 17.5 17.5 33 32.5 33 
1 RRT 3.70486 0.3454 3.0887 185.86 115 17.5 33 16 17.5 34 17.5 32.5 33 
1 RRT 1.32431 0.33324 0.72705 162.32 111.79 34 17.5 16 17.5 17.5 33 32.5 33 
1 RRT 4.16508 0.34139 3.5559 221.7 138.5 32.5 33 16 17.5 34 17.5 17.5 33 
1 RRT 2.76408 0.34582 2.1482 200.04 133.55 17.5 33 16 17.5 34 17.5 32.5 33 
1 RRT 7.57519 0.34253 6.9636 239.61 177.37 32.5 33 16 17.5 34 17.5 17.5 33 
1 RRT 2.71311 0.33388 2.1177 234.48 157.5 17.5 33 16 17.5 34 17.5 32.5 33 
1 RRT 1.88248 0.34157 1.2725 194.17 131.12 34 17.5 16 17.5 17.5 33 32.5 33 
1 RRT 4.07876 0.33677 3.4776 209.48 148.97 34 17.5 16 17.5 17.5 33 32.5 33 
1 RRT 4.60122 0.32874 4.0115 235.97 151.67 32.5 33 16 17.5 34 17.5 17.5 33 
1 RRT 3.64965 0.32894 3.0604 329.91 218.69 17.5 33 16 17.5 34 17.5 32.5 33 
1 RRT 2.23166 0.35726 1.5884 210.32 137.15 34 17.5 16 17.5 17.5 33 32.5 33 
1 RRT 2.8464 0.43229 2.0829 197.37 108.3 34 17.5 16 17.5 17.5 33 32.5 33 
1 RRT 1.46322 0.33422 0.86779 214.14 169.01 17.5 33 16 17.5 34 17.5 32.5 33 
1 RRT 2.78265 0.33866 2.1801 184.55 137.17 34 17.5 16 17.5 17.5 33 32.5 33 
1 RRT 3.4579 0.3404 2.85 260.16 166.67 32.5 33 16 17.5 34 17.5 17.5 33 
1 RRT 5.02056 0.32773 4.4325 196.32 143.49 17.5 33 16 17.5 34 17.5 32.5 33 
1 RRT 7.87245 0.33689 7.2708 296.69 211.54 16 17.5 34 17.5 17.5 33 32.5 33 
1 RRT 3.13662 0.34562 2.5203 186.97 118.15 16 17.5 34 17.5 17.5 33 32.5 33 
1 RRT 4.34257 0.33542 3.7434 184.08 127.45 32.5 33 16 17.5 34 17.5 17.5 33 
1 RRT 2.47586 0.33525 1.8757 189.51 102.93 32.5 33 16 17.5 34 17.5 17.5 33 
1 RRT 10.5308 0.33313 9.9335 365.55 224.91 17.5 33 16 17.5 34 17.5 32.5 33 
1 RRT 4.83544 0.34181 4.2278 243.75 154.81 32.5 33 16 17.5 34 17.5 17.5 33 
1 RRT 8.78116 0.34558 8.1632 276.29 173.9 34 17.5 16 17.5 17.5 33 32.5 33 
1 RRT 4.87503 0.33222 4.2797 216.24 137.28 16 17.5 34 17.5 17.5 33 32.5 33 
1 RRT 10.1071 0.33873 9.5035 338.72 234.03 34 17.5 16 17.5 17.5 33 32.5 33 
1 RRT 3.01496 0.3519 2.3858 171.64 127.84 16 17.5 34 17.5 17.5 33 32.5 33 
1 RRT 4.09077 0.42996 3.3315 185.92 119.25 32.5 33 16 17.5 34 17.5 17.5 33 
1 RRT 2.8781 0.3536 2.2476 192.88 135.23 34 17.5 16 17.5 17.5 33 32.5 33 
1 RRT 3.41716 0.34121 2.8078 205.29 125.78 32.5 33 16 17.5 34 17.5 17.5 33 
1 RRT 4.44676 0.34685 3.8313 278.09 174.64 34 17.5 16 17.5 17.5 33 32.5 33 
1 RRT 2.77291 0.33084 2.1812 187.25 141.72 16 17.5 34 17.5 17.5 33 32.5 33 
1 RRT 1.15563 0.32764 0.56919 169.5 114.17 17.5 33 16 17.5 34 17.5 32.5 33 
1 RRT 1.1018 0.33689 0.50292 213.99 134.49 17.5 33 16 17.5 34 17.5 32.5 33 
1 RRT 1.63416 0.33172 1.0411 200.96 169.73 32.5 33 16 17.5 34 17.5 17.5 33 
1 RRT 1.33686 0.34374 0.72754 146.85 93.278 17.5 33 16 17.5 34 17.5 32.5 33 
1 RRT 4.94169 0.39856 4.2211 267.95 190.53 17.5 33 16 17.5 34 17.5 32.5 33 
1 RRT 1.42185 0.32968 0.83164 199.76 121.71 17.5 33 16 17.5 34 17.5 32.5 33 
1 RRT 1.98768 0.33175 1.392 280.24 183.91 32.5 33 16 17.5 34 17.5 17.5 33 
1 RRT 1.95214 0.32782 1.3646 166 120.55 16 17.5 34 17.5 17.5 33 32.5 33 
1 RRT 4.56924 0.34128 3.959 217.02 150.47 32.5 33 16 17.5 34 17.5 17.5 33 
1 RRT 1.79834 0.34245 1.1863 192.04 119.38 34 17.5 16 17.5 17.5 33 32.5 33 
1 RRT 6.83018 0.35721 6.1955 275.8 191.73 32.5 33 16 17.5 34 17.5 17.5 33 
1 RRT 7.92412 0.34014 7.3169 203.77 163.38 16 17.5 34 17.5 17.5 33 32.5 33 
0 RRT 10.7617 0.3394 10.155 0 -1 16 17.5 34 17.5 17.5 33 32.5 33 
1 RRT 10.0416 0.34542 9.4281 168.85 118.52 32.5 33 16 17.5 34 17.5 17.5 33 
1 RRT 6.96837 0.33503 6.3715 262.21 157.27 32.5 33 16 17.5 34 17.5 17.5 33 
1 RRT 4.5543 0.3445 3.9388 189.48 126.17 17.5 33 16 17.5 34 17.5 32.5 33 
1 RRT 2.80594 0.3422 2.1943 300.12 189.91 34 17.5 16 17.5 17.5 33 32.5 33 
1 RRT 1.35541 0.3314 0.75994 159.64 96.89 32.5 33 16 17.5 34 17.5 17.5 33 
1 RRT 2.65155 0.34033 2.0443 189.9 132.47 34 17.5 16 17.5 17.5 33 32.5 33 
1 RRT 4.37843 0.33555 3.7815 196.58 129.4 17.5 33 16 17.5 34 17.5 32.5 33 
1 RRT 3.17663 0.33855 2.5765 228.08 144.92 16 17.5 34 17.5 17.5 33 32.5 33 
1 RRT 8.4714 0.34159 7.8633 213.93 141.47 16 17.5 34 17.5 17.5 33 32.5 33 
1 RRT 4.99728 0.33947 4.393 255.46 181.91 16 17.5 34 17.5 17.5 33 32.5 33 
1 RRT 3.56229 0.34046 2.9558 262.02 187.95 17.5 33 16 17.5 34 17.5 32.5 33 
1 RRT 5.26996 0.34006 4.6649 351.54 227.59 16 17.5 34 17.5 17.5 33 32.5 33 
1 RRT 7.79294 0.35694 7.1598 224.15 146.5 16 17.5 34 17.5 17.5 33 32.5 33 
1 RRT 4.8802 0.34505 4.2635 178.69 107.94 34 17.5 16 17.5 17.5 33 32.5 33 
1 RRT 6.74922 0.40498 6.0161 205.74 159.54 17.5 33 16 17.5 34 17.5 32.5 33 
1 RRT 6.56264 0.34587 5.9451 209.09 135.06 32.5 33 16 17.5 34 17.5 17.5 33 
1 RRT 1.96022 0.3524 1.3347 229.07 170.35 34 17.5 16 17.5 17.5 33 32.5 33 
1 RRT 4.8244 0.3395 4.2201 196 123.6 16 17.5 34 17.5 17.5 33 32.5 33 
1 RRT 4.88761 0.40436 4.1633 194.9 123.31 16 17.5 34 17.5 17.5 33 32.5 33 
1 RRT 6.33268 0.33361 5.7345 156.46 121.62 16 17.5 34 17.5 17.5 33 32.5 33 
1 RRT 9.05963 0.34596 8.4434 177.24 124.91 34 17.5 16 17.5 17.5 33 32.5 33 
1 RRT 4.6481 0.34533 4.0337 323.48 199.67 32.5 33 16 17.5 34 17.5 17.5 33 
1 RRT 2.5017 0.35207 1.8756 207.05 142.62 32.5 33 16 17.5 34 17.5 17.5 33 
1 RRT 6.47893 0.35311 5.8455 255.32 179.96 32.5 33 16 17.5 34 17.5 17.5 33 
1 RRT 3.87644 0.35088 3.252 222.76 141.27 34 17.5 16 17.5 17.5 33 32.5 33 
1 RRT 1.63198 0.41258 0.90355 165.05 104.15 34 17.5 16 17.5 17.5 33 32.5 33 
1 RRT 4.69694 0.35264 4.0706 220.12 131.32 16 17.5 34 17.5 17.5 33 32.5 33 
1 RRT 4.91239 0.33301 4.3196 239.85 179.91 17.5 33 16 17.5 34 17.5 32.5 33 
1 RRT 2.91751 0.33603 2.3158 249.22 174.63 34 17.5 16 17.5 17.5 33 32.5 33 
1 RRT 3.84882 0.38921 3.1443 192.88 117.63 34 17.5 16 17.5 17.5 33 32.5 33 
1 RRT 7.03538 0.34499 6.4205 265.06 180.14 32.5 33 16 17.5 34 17.5 17.5 33 
1 RRT 1.47229 0.33594 0.86998 189.73 132.32 17.5 33 16 17.5 34 17.5 32.5 33 
1 RRT 1.82073 0.33993 1.2143 243.82 144.45 17.5 33 16 17.5 34 17.5 32.5 33 
1 RRT 9.01266 0.35083 8.3871 259.48 164.63 34 17.5 16 17.5 17.5 33 32.5 33 
1 RRT 2.94915 0.33177 2.3548 199.15 142.43 32.5 33 16 17.5 34 17.5 17.5 33 
1 RRT 4.8699 0.34103 4.2615 320.68 186.29 32.5 33 16 17.5 34 17.5 17.5 33 
0 RRT 10.8099 0.34973 10.188 0 -1 34 17.5 16 17.5 17.5 33 32.5 33 
1 RRT 3.99754 0.34605 3.3786 173.77 111.8 34 17.5 16 17.5 17.5 33 32.5 33 
1 RRT 4.88949 0.34679 4.2714 237.98 152.98 16 17.5 34 17.5 17.5 33 32.5 33 
1 RRT 7.42012 0.34135 6.8138 273.24 161.09 32.5 33 16 17.5 34 17.5 17.5 33 
1 RRT 4.35195 0.3329 3.7581 198.38 137.81 16 17.5 34 17.5 17.5 33 32.5 33 
1 RRT 4.74752 0.37288 4.0758 235.91 163.3 16 17.5 34 17.5 17.5 33 32.5 33 
1 RRT 4.96391 0.37392 4.2907 253.41 165.07 34 17.5 16 17.5 17.5 33 32.5 33 
1 RRT 2.86983 0.43609 2.1052 180.85 127.4 17.5 33 16 17.5 34 17.5 32.5 33 
1 RRT 4.16426 0.33305 3.5693 338.11 215.88 32.5 33 16 17.5 34 17.5 17.5 33 
1 RRT 6.79181 0.33235 6.1977 204.07 155.78 34 17.5 16 17.5 17.5 33 32.5 33 
0 RRT 10.6219 0.33952 10.015 0 -1 17.5 33 16 17.5 34 17.5 32.5 33 
1 RRT 3.37464 0.3454 2.759 406.99 268.02 17.5 33 16 17.5 34 17.5 32.5 33 
1 RRT 2.3456 0.33757 1.7418 166.68 108.14 34 17.5 16 17.5 17.5 33 32.5 33 
1 RRT 5.81423 0.356 5.1825 184.94 122.13 17.5 33 16 17.5 34 17.5 32.5 33 
1 RRT 7.68634 0.32788 7.0997 226.23 163.84 17.5 33 16 17.5 34 17.5 32.5 33 
1 RRT 5.62056 0.34477 5.0058 227.24 164.38 32.5 33 16 17.5 34 17.5 17.5 33 
1 RRT 8.04595 0.33805 7.4421 299.62 188.25 34 17.5 16 17.5 17.5 33 32.5 33 
1 RRT 4.95271 0.341 4.3438 200.66 134.66 32.5 33 16 17.5 34 17.5 17.5 33 
1 RRT 4.79957 0.33888 4.194 217.19 154.51 16 17.5 34 17.5 17.5 33 32.5 33 
1 RRT 6.57536 0.35145 5.9486 218.7 168.74 32.5 33 16 17.5 34 17.5 17.5 33 
1 RRT 2.35147 0.34128 1.7447 253.49 163.4 32.5 33 16 17.5 34 17.5 17.5 33 
1 RRT 6.04925 0.35516 5.4204 244.06 155.04 17.5 33 16 17.5 34 17.5 32.5 33 
1 RRT 7.5162 0.34493 6.9027 186.26 125.52 17.5 33 16 17.5 34 17.5 32.5 33 
1 RRT 2.66591 0.35211 2.0389 174.89 122.1 34 17.5 16 17.5 17.5 33 32.5 33 
1 RRT 2.54331 0.33407 1.9453 188.25 105 34 17.5 16 17.5 17.5 33 32.5 33 
1 RRT 4.0808 0.33212 3.486 201.84 140.18 32.5 33 16 17.5 34 17.5 17.5 33 
1 RRT 3.92345 0.3392 3.3169 273.64 170.18 17.5 33 16 17.5 34 17.5 32.5 33 
1 RRT 6.00036 0.42866 5.2547 250.91 169.65 34 17.5 16 17.5 17.5 33 32.5 33 
1 RRT 4.66715 0.34486 4.0535 317.78 223.56 32.5 33 16 17.5 34 17.5 17.5 33 
1 RRT 8.4167 0.33554 7.8192 142.24 88.685 34 17.5 16 17.5 17.5 33 32.5 33 
1 RRT 2.59045 0.34065 1.9827 191.97 131.19 17.5 33 16 17.5 34 17.5 32.5 33 
1 RRT 3.24277 0.34673 2.6264 242.09 188.72 16 17.5 34 17.5 17.5 33 32.5 33 
1 RRT 5.32613 0.34084 4.7194 257.51 181.57 32.5 33 16 17.5 34 17.5 17.5 33 
1 RRT 3.72848 0.36072 3.0883 274.71 181.94 32.5 33 16 17.5 34 17.5 17.5 33 
1 RRT 5.38058 0.33275 4.7844 167.18 106.1 34 17.5 16 17.5 17.5 33 32.5 33 
1 RRT 4.15222 0.33812 3.5505 269.75 174.5 32.5 33 16 17.5 34 17.5 17.5 33 
0 RRT 10.8978 0.43883 10.124 0 -1 32.5 33 16 17.5 34 17.5 17.5 33 
1 RRT 2.30912 0.33228 1.7158 169.83 112.47 16 17.5 34 17.5 17.5 33 32.5 33 
1 RRT 4.63717 0.43899 3.8663 231.83 151.07 34 17.5 16 17.5 17.5 33 32.5 33 
1 RRT 3.95309 0.35971 3.3106 217.39 138.07 16 17.5 34 17.5 17.5 33 32.5 33 
1 RRT 7.70041 0.3519 7.0771 278.78 191.79 34 17.5 16 17.5 17.5 33 32.5 33 
1 RRT 2.60919 0.44589 1.8234 200.21 139.84 34 17.5 16 17.5 17.5 33 32.5 33 
1 RRT 3.48817 0.34561 2.8744 236.73 153.2 17.5 33 16 17.5 34 17.5 32.5 33 
1 RRT 3.11771 0.332 2.5246 276.98 173.12 34 17.5 16 17.5 17.5 33 32.5 33 
1 RRT 5.30237 0.33361 4.705 258.52 195.48 32.5 33 16 17.5 34 17.5 17.5 33 
1 RRT 4.95819 0.33317 4.3611 199.7 133.07 34 17.5 16 17.5 17.5 33 32.5 33 
1 RRT 4.65129 0.33446 4.054 208.75 172 17.5 33 16 17.5 34 17.5 32.5 33 
1 RRT 2.11254 0.33202 1.5164 186.28 124.91 16 17.5 34 17.5 17.5 33 32.5 33 
1 RRT 5.65246 0.32945 5.0618 316.85 190.4 17.5 33 16 17.5 34 17.5 32.5 33 
1 RRT 3.43885 0.33965 2.8357 212.66 148.1 17.5 33 16 17.5 34 17.5 32.5 33 
0 RRT 10.7443 0.34006 10.137 0 -1 32.5 33 16 17.5 34 17.5 17.5 33 
1 RRT 1.73621 0.33476 1.1368 180.6 119.86 34 17.5 16 17.5 17.5 33 32.5 33 
1 RRT 2.91549 0.41366 2.1856 221.41 164.27 17.5 33 16 17.5 34 17.5 32.5 33 
1 RRT 2.20223 0.33447 1.6037 173.45 112.94 34 17.5 16 17.5 17.5 33 32.5 33 
1 RRT 4.4186 0.33431 3.8205 201.91 134.1 17.5 33 16 17.5 34 17.5 32.5 33 
1 RRT 3.80668 0.34072 3.1977 243.34 146.84 34 17.5 16 17.5 17.5 33 32.5 33 
1 RRT 1.22989 0.33892 0.62354 180.94 134.56 17.5 33 16 17.5 34 17.5 32.5 33 
0 RRT 10.6728 0.34528 10.059 0 -1 16 17.5 34 17.5 17.5 33 32.5 33 
1 RRT 1.60184 0.34595 0.98686 283.63 165.12 17.5 33 16 17.5 34 17.5 32.5 33 
1 RRT 4.36441 0.3342 3.7667 210.67 159 34 17.5 16 17.5 17.5 33 32.5 33 
1 RRT 2.22967 0.3576 1.5919 221.19 143.26 32.5 33 16 17.5 34 17.5 17.5 33 
1 RRT 6.76051 0.3372 6.1604 248.93 166.05 16 17.5 34 17.5 17.5 33 32.5 33 
1 RRT 8.19228 0.3561 7.5622 240.76 179.41 17.5 33 16 17.5 34 17.5 32.5 33 
1 RRT 3.95175 0.41345 3.2226 200.85 126.66 16 17.5 34 17.5 17.5 33 32.5 33 
1 RRT 3.38419 0.36806 2.7249 211.6 148.84 17.5 33 16 17.5 34 17.5 32.5 33 
1 RRT 5.02761 0.42301 4.2803 214.67 125.53 34 17.5 16 17.5 17.5 33 32.5 33 
1 RRT 3.19504 0.33094 2.6018 232.11 135.03 32.5 33 16 17.5 34 17.5 17.5 33 
1 RRT 3.44106 0.334 2.8441 306.95 200.75 17.5 33 16 17.5 34 17.5 32.5 33 
1 RRT 4.65935 0.42889 3.9065 169.42 102.42 16 17.5 34 17.5 17.5 33 32.5 33 
1 RRT 9.57207 0.34673 8.9499 213.06 152.74 16 17.5 34 17.5 17.5 33 32.5 33 
1 RRT 7.21418 0.35244 6.5899 261.93 190.24 32.5 33 16 17.5 34 17.5 17.5 33 
1 RRT 2.97988 0.34388 2.3678 257.34 174.33 32.5 33 16 17.5 34 17.5 17.5 33 
1 RRT 3.35467 0.32951 2.7656 279.06 171.77 34 17.5 16 17.5 17.5 33 32.5 33 
1 RRT 2.62816 0.35013 2.0036 155.37 119.85 16 17.5 34 17.5 17.5 33 32.5 33 
1 RRT 3.97485 0.33437 3.3788 291.1 184.4 34 17.5 16 17.5 17.5 33 32.5 33 
1 RRT 2.33262 0.33818 1.7311 238.84 170.44 16 17.5 34 17.5 17.5 33 32.5 33 
0 RRT 10.6013 0.33386 10.001 0 -1 17.5 33 16 17.5 34 17.5 32.5 33 
1 RRT 5.24699 0.32851 4.6583 214.92 127.39 34 17.5 16 17.5 17.5 33 32.5 33 
1 RRT 4.30774 0.40505 3.5767 191.78 140.41 16 17.5 34 17.5 17.5 33 32.5 33 
1 RRT 9.30377 0.36487 8.6457 323.97 220.37 16 17.5 34 17.5 17.5 33 32.5 33 
1 RRT 2.24772 0.33873 1.6419 189.5 142.01 16 17.5 34 17.5 17.5 33 32.5 33 
1 RRT 2.50113 0.4177 1.7597 238.19 147.26 32.5 33 16 17.5 34 17.5 17.5 33 
1 RRT 1.25187 0.34863 0.62879 233.67 147.3 32.5 33 16 17.5 34 17.5 17.5 33 
1 RRT 2.30347 0.33751 1.7001 185.21 122.68 17.5 33 16 17.5 34 17.5 32.5 33 
1 RRT 2.82477 0.33716 2.2199 192.52 134.72 34 17.5 16 17.5 17.5 33 32.5 33 
1 RRT 3.58319 0.41628 2.8482 203.27 131.87 16 17.5 34 17.5 17.5 33 32.5 33 
1 RRT 6.9955 0.34015 6.3842 284.39 188.09 16 17.5 34 17.5 17.5 33 32.5 33 
1 RRT 3.15637 0.34249 2.5463 175.18 112.69 34 17.5 16 17.5 17.5 33 32.5 33 
1 RRT 2.89641 0.33341 2.3001 254.53 177.07 17.5 33 16 17.5 34 17.5 32.5 33 
1 RRT 7.831 0.33843 7.227 253.01 177.77 34 17.5 16 17.5 17.5 33 32.5 33 
1 RRT 1.38009 0.36443 0.72536 239.05 154.4 16 17.5 34 17.5 17.5 33 32.5 33 
1 RRT 1.60177 0.34115 0.98962 167.38 115.2 32.5 33 16 17.5 34 17.5 17.5 33 
1 RRT 3.5038 0.391 2.7991 211.51 153.1 17.5 33 16 17.5 34 17.5 32.5 33 
1 RRT 4.66417 0.38914 3.9628 189.07 113.95 32.5 33 16 17.5 34 17.5 17.5 33 
1 RRT 1.57229 0.33753 0.97015 200.45 122.04 17.5 33 16 17.5 34 17.5 32.5 33 
1 RRT 1.80042 0.33758 1.1969 158.87 120.19 16 17.5 34 17.5 17.5 33 32.5 33 
1 RRT 7.53855 0.33388 6.9413 264.89 186.86 17.5 33 16 17.5 34 17.5 32.5 33 
1 RRT 4.68579 0.3357 4.0858 280.39 191.68 17.5 33 16 17.5 34 17.5 32.5 33 
1 RRT 9.30083 0.45163 8.5066 316.43 209.24 34 17.5 16 17.5 17.5 33 32.5 33 
1 RRT 3.39762 0.37077 2.7256 159.12 97.288 16 17.5 34 17.5 17.5 33 32.5 33 
1 RRT 2.05031 0.33606 1.452 202.19 132.53 34 17.5 16 17.5 17.5 33 32.5 33 
1 RRT 3.64374 0.33785 3.0467 175.19 125.61 34 17.5 16 17.5 17.5 33 32.5 33 
1 RRT 1.65794 0.34379 1.0391 216.73 137.95 32.5 33 16 17.5 34 17.5 17.5 33 
1 RRT 9.47832 0.4453 8.6919 283.62 179.65 16 17.5 34 17.5 17.5 33 32.5 33 
1 RRT 6.85949 0.35419 6.2323 333.35 231.61 17.5 33 16 17.5 34 17.5 32.5 33 
0 RRT 10.8978 0.4506 10.103 0 -1 32.5 33 16 17.5 34 17.5 17.5 33 
1 RRT 6.17332 0.34318 5.5594 209.57 142.65 34 17.5 16 17.5 17.5 33 32.5 33 
1 RRT 1.77096 0.43072 1.0104 259.73 160.99 34 17.5 16 17.5 17.5 33 32.5 33 
1 RRT 1.51279 0.33093 0.92201 142.49 83.38 34 17.5 16 17.5 17.5 33 32.5 33 
1 RRT 1.5402 0.32248 0.96076 191.78 130.62 16 17.5 34 17.5 17.5 33 32.5 33 
1 RRT 4.68415 0.33218 4.0898 272.73 168.99 32.5 33 16 17.5 34 17.5 17.5 33 
1 RRT 3.60465 0.33708 3.0059 242.24 159.25 32.5 33 16 17.5 34 17.5 17.5 33 
1 RRT 2.76215 0.34576 2.1452 188.81 123.95 32.5 33 16 17.5 34 17.5 17.5 33 
1 RRT 2.13039 0.33364 1.5358 222.39 161.16 16 17.5 34 17.5 17.5 33 32.5 33 
1 RRT 5.58823 0.3276 5.0014 256.54 151.51 34 17.5 16 17.5 17.5 33 32.5 33 
1 RRT 7.95981 0.34134 7.3544 419.33 268.94 17.5 33 16 17.5 34 17.5 32.5 33 
1 RRT 4.28085 0.34351 3.666 195.7 126 32.5 33 16 17.5 34 17.5 17.5 33 
1 RRT 4.42902 0.33303 3.8314 233.79 151.11 34 17.5 16 17.5 17.5 33 32.5 33 
1 RRT 4.04849 0.33233 3.4566 304.89 225.04 32.5 33 16 17.5 34 17.5 17.5 33 
0 RRT 10.6846 0.34306 10.073 0 -1 34 17.5 16 17.5 17.5 33 32.5 33 
1 RRT 5.29593 0.35125 4.6715 204.67 147.21 32.5 33 16 17.5 34 17.5 17.5 33 
1 RRT 2.31766 0.34443 1.7021 234 164.13 17.5 33 16 17.5 34 17.5 32.5 33 
1 RRT 4.86073 0.35154 4.2342 243.49 197.95 16 17.5 34 17.5 17.5 33 32.5 33 
1 RRT 1.20836 0.32439 0.62637 189.27 140.13 17.5 33 16 17.5 34 17.5 32.5 33 
1 RRT 2.03961 0.37146 1.3674 252.34 170.59 32.5 33 16 17.5 34 17.5 17.5 33 
1 RRT 4.47892 0.33199 3.8919 207.9 141.47 17.5 33 16 17.5 34 17.5 32.5 33 
1 RRT 5.83763 0.32769 5.2511 185.01 116.83 34 17.5 16 17.5 17.5 33 32.5 33 
1 RRT 1.08929 0.33077 0.49787 153.38 105.01 34 17.5 16 17.5 17.5 33 32.5 33 
1 RRT 4.5648 0.33755 3.961 192.52 133.69 17.5 33 16 17.5 34 17.5 32.5 33 
1 RRT 5.74711 0.34144 5.1373 203.71 148.77 34 17.5 16 17.5 17.5 33 32.5 33 
1 RRT 7.97038 0.33766 7.3666 185.55 125.46 32.5 33 16 17.5 34 17.5 17.5 33 
1 RRT 5.56085 0.34973 4.9386 327.15 223.99 16 17.5 34 17.5 17.5 33 32.5 33 
1 RRT 3.2818 0.34166 2.6727 202.86 118.76 32.5 33 16 17.5 34 17.5 17.5 33 
1 RRT 2.19743 0.33696 1.5974 173.15 115.33 34 17.5 16 17.5 17.5 33 32.5 33 
1 RRT 6.48158 0.32919 5.8959 242.88 163.5 17.5 33 16 17.5 34 17.5 32.5 33 
1 RRT 5.57072 0.33964 4.9645 214.55 152.62 17.5 33 16 17.5 34 17.5 32.5 33 
1 RRT 3.82954 0.3435 3.2165 209.31 130 17.5 33 16 17.5 34 17.5 32.5 33 
1 RRT 4.64815 0.32866 4.0602 254.35 167.68 32.5 33 16 17.5 34 17.5 17.5 33 
1 RRT 3.44273 0.33264 2.8476 236.09 155.28 34 17.5 16 17.5 17.5 33 32.5 33 
1 RRT 4.92668 0.33675 4.3285 265.32 186.73 17.5 33 16 17.5 34 17.5 32.5 33 
1 RRT 7.18059 0.35516 6.5552 258.56 186.13 34 17.5 16 17.5 17.5 33 32.5 33 
1 RRT 3.35696 0.33824 2.7526 279.8 186.98 16 17.5 34 17.5 17.5 33 32.5 33 
1 RRT 4.83936 0.34493 4.2258 260.16 179.01 16 17.5 34 17.5 17.5 33 32.5 33 
1 RRT 4.94723 0.42575 4.2009 151.44 97.044 17.5 33 16 17.5 34 17.5 32.5 33 
1 RRT 3.01303 0.34552 2.3989 166.96 105.39 17.5 33 16 17.5 34 17.5 32.5 33 
1 RRT 7.79674 0.3337 7.2002 241.66 174.22 17.5 33 16 17.5 34 17.5 32.5 33 
1 RRT 1.93164 0.43366 1.1667 148.44 97.02 16 17.5 34 17.5 17.5 33 32.5 33 
1 RRT 10.6155 0.34799 9.9955 181.21 121.48 34 17.5 16 17.5 17.5 33 32.5 33 
1 RRT 5.08608 0.42434 4.3388 175.4 121.55 32.5 33 16 17.5 34 17.5 17.5 33 
1 RRT 5.04512 0.32333 4.4679 191.31 134.58 16 17.5 34 17.5 17.5 33 32.5 33 
1 RRT 1.94483 0.33698 1.343 239.82 160.66 16 17.5 34 17.5 17.5 33 32.5 33 
1 RRT 5.01862 0.33725 4.416 210.83 125.54 17.5 33 16 17.5 34 17.5 32.5 33 
1 RRT 1.59035 0.42877 0.83432 162.5 100.93 34 17.5 16 17.5 17.5 33 32.5 33 
1 RRT 2.66519 0.34686 2.0472 145.46 103.24 16 17.5 34 17.5 17.5 33 32.5 33 
1 RRT 2.64687 0.42905 1.8934 141.78 94.153 16 17.5 34 17.5 17.5 33 32.5 33 
1 RRT 4.23496 0.43576 3.4679 341.33 217.03 32.5 33 16 17.5 34 17.5 17.5 33 
1 RRT 7.25215 0.34562 6.6383 282.11 172.84 34 17.5 16 17.5 17.5 33 32.5 33 
1 RRT 3.46749 0.4474 2.686 233.91 150.12 16 17.5 34 17.5 17.5 33 32.5 33 
1 RRT 3.74124 0.34791 3.1194 233.06 161 32.5 33 16 17.5 34 17.5 17.5 33 
0 RRT 10.7066 0.33637 10.106 0 -1 17.5 33 16 17.5 34 17.5 32.5 33 
1 RRT 7.38972 0.33906 6.785 265.12 185.66 34 17.5 16 17.5 17.5 33 32.5 33 
1 RRT 1.83102 0.35337 1.2046 280.1 183.61 16 17.5 34 17.5 17.5 33 32.5 33 
1 RRT 2.55078 0.32686 1.9649 211.56 154.28 32.5 33 16 17.5 34 17.5 17.5 33 
1 RRT 3.87254 0.33101 3.2847 225.09 152.39 17.5 33 16 17.5 34 17.5 32.5 33 
1 RRT 4.28217 0.42512 3.5134 201.67 130.31 32.5 33 16 17.5 34 17.5 17.5 33 
1 RRT 2.89569 0.45042 2.1033 179.31 113.57 16 17.5 34 17.5 17.5 33 32.5 33 
1 RRT 7.06103 0.41037 6.3197 242.55 166.29 32.5 33 16 17.5 34 17.5 17.5 33 
1 RRT 4.42435 0.44662 3.637 246.17 166.5 17.5 33 16 17.5 34 17.5 32.5 33 
1 RRT 3.31148 0.44041 2.5405 237.64 137.06 16 17.5 34 17.5 17.5 33 32.5 33 
1 RRT 2.97287 0.34206 2.3618 211.51 142.29 16 17.5 34 17.5 17.5 33 32.5 33 
1 RRT 5.97936 0.34533 5.3672 239.84 162.39 32.5 33 16 17.5 34 17.5 17.5 33 
1 RRT 5.6937 0.4023 4.98 267.74 190.3 32.5 33 16 17.5 34 17.5 17.5 33 
1 RRT 4.87243 0.40912 4.1511 197.62 133.23 32.5 33 16 17.5 34 17.5 17.5 33 
1 RRT 5.83724 0.35028 5.2166 216.28 135.2 17.5 33 16 17.5 34 17.5 32.5 33 
1 RRT 2.98516 0.33334 2.3898 253.05 175.16 34 17.5 16 17.5 17.5 33 32.5 33 
1 RRT 2.45325 0.33611 1.8543 176.4 130.7 32.5 33 16 17.5 34 17.5 17.5 33 
1 RRT 3.00392 0.34988 2.3819 246.28 153.25 32.5 33 16 17.5 34 17.5 17.5 33 
1 RRT 4.07338 0.34222 3.4627 235.88 159.16 17.5 33 16 17.5 34 17.5 32.5 33 
1 RRT 0.715218 0.24229 0.26556 100.59 47.342 32.5 33 16 17.5 34 17.5 17.5 33 
