1 RRT 4.38482 0.34856 3.7749 301.66 195.8 32.5 33 16 17.5 25 10 34 17.5 12.5 25 25 25 37.5 25 17.5 33 25 40 
1 RRT 1.83849 0.45625 1.049 263.17 159.22 25 10 16 17.5 34 17.5 12.5 25 25 25 37.5 25 17.5 33 25 40 32.5 33 
1 RRT 2.70056 0.34511 2.0971 250.91 172.18 37.5 25 16 17.5 25 10 34 17.5 12.5 25 25 25 17.5 33 25 40 32.5 33 
1 RRT 3.1867 0.34643 2.5817 329.85 231.41 25 40 16 17.5 25 10 34 17.5 12.5 25 25 25 37.5 25 17.5 33 32.5 33 
1 RRT 4.14245 0.36265 3.5078 393.4 270.32 17.5 33 16 17.5 25 10 34 17.5 12.5 25 25 25 37.5 25 25 40 32.5 33 
1 RRT 2.88351 0.34262 2.2841 328.1 227.19 17.5 33 16 17.5 25 10 34 17.5 12.5 25 25 25 37.5 25 25 40 32.5 33 
1 RRT 3.91625 0.35702 3.2929 256.38 161.89 34 17.5 16 17.5 25 10 12.5 25 25 25 37.5 25 17.5 33 25 40 32.5 33 
1 RRT 2.9246 0.35006 2.3144 350.36 213.77 32.5 33 16 17.5 25 10 34 17.5 12.5 25 25 25 37.5 25 17.5 33 25 40 
1 RRT 4.56247 0.34953 3.9529 312.34 213.31 17.5 33 16 17.5 25 10 34 17.5 12.5 25 25 25 37.5 25 25 40 32.5 33 
1 RRT 1.92413 0.35406 1.3074 245.99 152.1 25 40 16 17.5 25 10 34 17.5 12.5 25 25 25 37.5 25 17.5 33 32.5 33 
1 RRT 3.84954 0.35303 3.2327 273.52 176.07 17.5 33 16 17.5 25 10 34 17.5 12.5 25 25 25 37.5 25 25 40 32.5 33 
0 RRT 10.7454 0.35315 10.131 0 -1 12.5 25 16 17.5 25 10 34 17.5 25 25 37.5 25 17.5 33 25 40 32.5 33 
1 RRT 4.78567 0.45921 3.9931 307.22 195.02 37.5 25 16 17.5 25 10 34 17.5 12.5 25 25 25 17.5 33 25 40 32.5 33 
1 RRT 3.83286 0.34334 3.2316 214.58 121.67 16 17.5 25 10 34 17.5 12.5 25 25 25 37.5 25 17.5 33 25 40 32.5 33 
1 RRT 1.44799 0.34907 0.83863 351.93 222.56 25 40 16 17.5 25 10 34 17.5 12.5 25 25 25 37.5 25 17.5 33 32.5 33 
1 RRT 7.49391 0.34507 6.8923 307.17 234.08 12.5 25 16 17.5 25 10 34 17.5 25 25 37.5 25 17.5 33 25 40 32.5 33 
1 RRT 4.87666 0.34552 4.2752 240.56 180.82 25 25 16 17.5 25 10 34 17.5 12.5 25 37.5 25 17.5 33 25 40 32.5 33 
1 RRT 4.85484 0.35344 4.2366 265.46 152.74 34 17.5 16 17.5 25 10 12.5 25 25 25 37.5 25 17.5 33 25 40 32.5 33 
1 RRT 2.50695 0.34753 1.9024 202.66 135.45 32.5 33 16 17.5 25 10 34 17.5 12.5 25 25 25 37.5 25 17.5 33 25 40 
1 RRT 2.32017 0.3459 1.7162 187.06 114.82 12.5 25 16 17.5 25 10 34 17.5 25 25 37.5 25 17.5 33 25 40 32.5 33 
1 RRT 10.3206 0.46773 9.5142 263.88 176.36 12.5 25 16 17.5 25 10 34 17.5 25 25 37.5 25 17.5 33 25 40 32.5 33 
1 RRT 5.11214 0.35354 4.4959 299.24 192.24 12.5 25 16 17.5 25 10 34 17.5 25 25 37.5 25 17.5 33 25 40 32.5 33 
1 RRT 2.88206 0.33786 2.292 313.54 215.15 34 17.5 16 17.5 25 10 12.5 25 25 25 37.5 25 17.5 33 25 40 32.5 33 
1 RRT 5.88712 0.36134 5.2555 284.5 201.55 25 10 16 17.5 34 17.5 12.5 25 25 25 37.5 25 17.5 33 25 40 32.5 33 
1 RRT 4.04455 0.36401 3.4136 247.51 147.14 25 25 16 17.5 25 10 34 17.5 12.5 25 37.5 25 17.5 33 25 40 32.5 33 
1 RRT 8.02118 0.35182 7.4068 263.09 184.24 16 17.5 25 10 34 17.5 12.5 25 25 25 37.5 25 17.5 33 25 40 32.5 33 
1 RRT 3.43314 0.34506 2.8281 263.27 172.63 12.5 25 16 17.5 25 10 34 17.5 25 25 37.5 25 17.5 33 25 40 32.5 33 
1 RRT 4.42643 0.35362 3.8098 385.47 270.89 12.5 25 16 17.5 25 10 34 17.5 25 25 37.5 25 17.5 33 25 40 32.5 33 
1 RRT 2.23729 0.35641 1.6169 246.04 162.03 16 17.5 25 10 34 17.5 12.5 25 25 25 37.5 25 17.5 33 25 40 32.5 33 
1 RRT 2.41346 0.35244 1.8001 198.55 126.49 34 17.5 16 17.5 25 10 12.5 25 25 25 37.5 25 17.5 33 25 40 32.5 33 
1 RRT 3.81349 0.35569 3.1908 359.48 241.2 25 40 16 17.5 25 10 34 17.5 12.5 25 25 25 37.5 25 17.5 33 32.5 33 
1 RRT 3.26735 0.34213 2.6695 304.73 222.76 25 40 16 17.5 25 10 34 17.5 12.5 25 25 25 37.5 25 17.5 33 32.5 33 
1 RRT 2.92436 0.34032 2.3285 330.17 256.17 34 17.5 16 17.5 25 10 12.5 25 25 25 37.5 25 17.5 33 25 40 32.5 33 
1 RRT 8.89693 0.34462 8.2935 404.93 264.87 32.5 33 16 17.5 25 10 34 17.5 12.5 25 25 25 37.5 25 17.5 33 25 40 
1 RRT 1.90835 0.3515 1.2947 231.57 159.49 16 17.5 25 10 34 17.5 12.5 25 25 25 37.5 25 17.5 33 25 40 32.5 33 
1 RRT 10.5047 0.34618 9.9011 312.77 215.69 12.5 25 16 17.5 25 10 34 17.5 25 25 37.5 25 17.5 33 25 40 32.5 33 
1 RRT 2.9539 0.35843 2.3309 256.79 191.75 25 25 16 17.5 25 10 34 17.5 12.5 25 37.5 25 17.5 33 25 40 32.5 33 
1 RRT 1.85996 0.35167 1.2474 304.18 199.24 12.5 25 16 17.5 25 10 34 17.5 25 25 37.5 25 17.5 33 25 40 32.5 33 
0 RRT 10.6397 0.36758 10.001 0 -1 25 40 16 17.5 25 10 34 17.5 12.5 25 25 25 37.5 25 17.5 33 32.5 33 
1 RRT 2.30352 0.34592 1.6982 320.49 225.62 37.5 25 16 17.5 25 10 34 17.5 12.5 25 25 25 17.5 33 25 40 32.5 33 
1 RRT 1.96133 0.35507 1.3435 278.58 199.89 12.5 25 16 17.5 25 10 34 17.5 25 25 37.5 25 17.5 33 25 40 32.5 33 
1 RRT 4.28716 0.37159 3.6474 289.26 186.18 37.5 25 16 17.5 25 10 34 17.5 12.5 25 25 25 17.5 33 25 40 32.5 33 
1 RRT 3.39256 0.35044 2.7794 237.87 155.99 25 25 16 17.5 25 10 34 17.5 12.5 25 37.5 25 17.5 33 25 40 32.5 33 
1 RRT 8.92399 0.36706 8.2898 407.11 257.98 17.5 33 16 17.5 25 10 34 17.5 12.5 25 25 25 37.5 25 25 40 32.5 33 
1 RRT 1.14031 0.35062 0.52741 242.09 163.52 37.5 25 16 17.5 25 10 34 17.5 12.5 25 25 25 17.5 33 25 40 32.5 33 
1 RRT 1.76378 0.38132 1.0867 249.72 186.91 17.5 33 16 17.5 25 10 34 17.5 12.5 25 25 25 37.5 25 25 40 32.5 33 
1 RRT 9.80627 0.35434 9.1847 215 135.61 16 17.5 25 10 34 17.5 12.5 25 25 25 37.5 25 17.5 33 25 40 32.5 33 
1 RRT 5.81119 0.36502 5.1871 436.74 288.05 12.5 25 16 17.5 25 10 34 17.5 25 25 37.5 25 17.5 33 25 40 32.5 33 
1 RRT 4.5004 0.4487 3.725 300.61 200.83 17.5 33 16 17.5 25 10 34 17.5 12.5 25 25 25 37.5 25 25 40 32.5 33 
1 RRT 8.02415 0.34391 7.4232 447.64 277.05 25 25 16 17.5 25 10 34 17.5 12.5 25 37.5 25 17.5 33 25 40 32.5 33 
1 RRT 7.75203 0.36317 7.1191 480.42 317.71 37.5 25 16 17.5 25 10 34 17.5 12.5 25 25 25 17.5 33 25 40 32.5 33 
1 RRT 4.45235 0.44502 3.6868 342.12 233.4 32.5 33 16 17.5 25 10 34 17.5 12.5 25 25 25 37.5 25 17.5 33 25 40 
1 RRT 4.67155 0.36322 4.047 399.52 237.33 25 25 16 17.5 25 10 34 17.5 12.5 25 37.5 25 17.5 33 25 40 32.5 33 
1 RRT 5.01365 0.42203 4.2626 303.87 197.04 16 17.5 25 10 34 17.5 12.5 25 25 25 37.5 25 17.5 33 25 40 32.5 33 
1 RRT 3.19488 0.37313 2.5418 243.67 166.8 12.5 25 16 17.5 25 10 34 17.5 25 25 37.5 25 17.5 33 25 40 32.5 33 
1 RRT 6.68811 0.45762 5.9006 349.38 262.33 37.5 25 16 17.5 25 10 34 17.5 12.5 25 25 25 17.5 33 25 40 32.5 33 
1 RRT 1.4259 0.45371 0.64276 271.69 168.04 25 10 16 17.5 34 17.5 12.5 25 25 25 37.5 25 17.5 33 25 40 32.5 33 
1 RRT 2.49794 0.46533 1.6948 369.71 241.41 37.5 25 16 17.5 25 10 34 17.5 12.5 25 25 25 17.5 33 25 40 32.5 33 
1 RRT 1.2342 0.34748 0.62839 325.72 232.07 32.5 33 16 17.5 25 10 34 17.5 12.5 25 25 25 37.5 25 17.5 33 25 40 
1 RRT 3.7817 0.44069 2.9973 344.69 216.67 17.5 33 16 17.5 25 10 34 17.5 12.5 25 25 25 37.5 25 25 40 32.5 33 
1 RRT 5.26454 0.3636 4.6339 588.55 387.52 16 17.5 25 10 34 17.5 12.5 25 25 25 37.5 25 17.5 33 25 40 32.5 33 
1 RRT 2.86047 0.35244 2.2445 250.2 167.8 16 17.5 25 10 34 17.5 12.5 25 25 25 37.5 25 17.5 33 25 40 32.5 33 
1 RRT 1.59203 0.36052 0.96227 293.13 181.8 16 17.5 25 10 34 17.5 12.5 25 25 25 37.5 25 17.5 33 25 40 32.5 33 
1 RRT 1.41567 0.34271 0.81639 270.59 184.3 25 25 16 17.5 25 10 34 17.5 12.5 25 37.5 25 17.5 33 25 40 32.5 33 
1 RRT 4.41074 0.35661 3.7935 249.42 154.6 32.5 33 16 17.5 25 10 34 17.5 12.5 25 25 25 37.5 25 17.5 33 25 40 
1 RRT 1.33333 0.34061 0.73542 221.17 154.37 32.5 33 16 17.5 25 10 34 17.5 12.5 25 25 25 37.5 25 17.5 33 25 40 
1 RRT 5.53126 0.35048 4.9202 365.65 219.56 25 10 16 17.5 34 17.5 12.5 25 25 25 37.5 25 17.5 33 25 40 32.5 33 
1 RRT 3.00567 0.35538 2.3852 257.16 181.06 16 17.5 25 10 34 17.5 12.5 25 25 25 37.5 25 17.5 33 25 40 32.5 33 
1 RRT 1.75904 0.35416 1.1436 323.97 189.7 25 25 16 17.5 25 10 34 17.5 12.5 25 37.5 25 17.5 33 25 40 32.5 33 
1 RRT 4.04358 0.3621 3.4133 314.09 206.78 25 10 16 17.5 34 17.5 12.5 25 25 25 37.5 25 17.5 33 25 40 32.5 33 
1 RRT 3.83746 0.34882 3.2326 218.53 176.28 34 17.5 16 17.5 25 10 12.5 25 25 25 37.5 25 17.5 33 25 40 32.5 33 
1 RRT 2.60641 0.3429 2.0077 321.15 223.92 12.5 25 16 17.5 25 10 34 17.5 25 25 37.5 25 17.5 33 25 40 32.5 33 
0 RRT 10.9898 0.46183 10.192 0 -1 12.5 25 16 17.5 25 10 34 17.5 25 25 37.5 25 17.5 33 25 40 32.5 33 
1 RRT 4.58614 0.34629 3.981 220.88 136.55 25 10 16 17.5 34 17.5 12.5 25 25 25 37.5 25 17.5 33 25 40 32.5 33 
1 RRT 4.49065 0.3388 3.8971 250.01 177.71 37.5 25 16 17.5 25 10 34 17.5 12.5 25 25 25 17.5 33 25 40 32.5 33 
1 RRT 2.51838 0.34804 1.9103 299.56 201.07 37.5 25 16 17.5 25 10 34 17.5 12.5 25 25 25 17.5 33 25 40 32.5 33 
1 RRT 5.34302 0.36714 4.7063 339.55 230.21 34 17.5 16 17.5 25 10 12.5 25 25 25 37.5 25 17.5 33 25 40 32.5 33 
1 RRT 1.46242 0.34816 0.85357 274.17 200.68 12.5 25 16 17.5 25 10 34 17.5 25 25 37.5 25 17.5 33 25 40 32.5 33 
1 RRT 2.63883 0.3671 2.0002 276.55 185.22 25 25 16 17.5 25 10 34 17.5 12.5 25 37.5 25 17.5 33 25 40 32.5 33 
1 RRT 2.33423 0.3543 1.7164 237.09 174.38 17.5 33 16 17.5 25 10 34 17.5 12.5 25 25 25 37.5 25 25 40 32.5 33 
1 RRT 4.37967 0.35888 3.7513 274.69 195.91 34 17.5 16 17.5 25 10 12.5 25 25 25 37.5 25 17.5 33 25 40 32.5 33 
1 RRT 1.17181 0.34641 0.5625 336.88 207.38 34 17.5 16 17.5 25 10 12.5 25 25 25 37.5 25 17.5 33 25 40 32.5 33 
1 RRT 3.00251 0.34806 2.3912 255.81 150.39 34 17.5 16 17.5 25 10 12.5 25 25 25 37.5 25 17.5 33 25 40 32.5 33 
1 RRT 1.10932 0.344 0.50922 186.34 112.98 16 17.5 25 10 34 17.5 12.5 25 25 25 37.5 25 17.5 33 25 40 32.5 33 
1 RRT 10.0659 0.35668 9.4407 306.07 185.43 25 25 16 17.5 25 10 34 17.5 12.5 25 37.5 25 17.5 33 25 40 32.5 33 
1 RRT 3.66108 0.35971 3.0366 261.63 175.8 32.5 33 16 17.5 25 10 34 17.5 12.5 25 25 25 37.5 25 17.5 33 25 40 
1 RRT 5.84681 0.35264 5.2298 321.41 209.2 25 10 16 17.5 34 17.5 12.5 25 25 25 37.5 25 17.5 33 25 40 32.5 33 
1 RRT 4.86478 0.47043 4.0525 310.81 213.64 25 40 16 17.5 25 10 34 17.5 12.5 25 25 25 37.5 25 17.5 33 32.5 33 
1 RRT 3.45949 0.36418 2.82 336.71 222.09 37.5 25 16 17.5 25 10 34 17.5 12.5 25 25 25 17.5 33 25 40 32.5 33 
1 RRT 2.13572 0.36119 1.506 309.97 201.27 25 25 16 17.5 25 10 34 17.5 12.5 25 37.5 25 17.5 33 25 40 32.5 33 
1 RRT 1.54067 0.35298 0.92509 297.77 201.77 34 17.5 16 17.5 25 10 12.5 25 25 25 37.5 25 17.5 33 25 40 32.5 33 
1 RRT 7.83885 0.35402 7.2221 303.57 209.98 25 10 16 17.5 34 17.5 12.5 25 25 25 37.5 25 17.5 33 25 40 32.5 33 
1 RRT 1.49497 0.34278 0.89248 333.34 248.75 32.5 33 16 17.5 25 10 34 17.5 12.5 25 25 25 37.5 25 17.5 33 25 40 
1 RRT 1.70562 0.34654 1.0989 239.4 165.35 17.5 33 16 17.5 25 10 34 17.5 12.5 25 25 25 37.5 25 25 40 32.5 33 
1 RRT 8.06219 0.34922 7.4505 226.36 166.6 34 17.5 16 17.5 25 10 12.5 25 25 25 37.5 25 17.5 33 25 40 32.5 33 
1 RRT 2.87802 0.35859 2.2556 287.59 187.99 37.5 25 16 17.5 25 10 34 17.5 12.5 25 25 25 17.5 33 25 40 32.5 33 
1 RRT 2.01253 0.37982 1.3399 234.6 164.79 37.5 25 16 17.5 25 10 34 17.5 12.5 25 25 25 17.5 33 25 40 32.5 33 
1 RRT 5.50602 0.34373 4.9043 257.95 161.09 34 17.5 16 17.5 25 10 12.5 25 25 25 37.5 25 17.5 33 25 40 32.5 33 
1 RRT 6.41512 0.37451 5.7562 352.98 248.84 12.5 25 16 17.5 25 10 34 17.5 25 25 37.5 25 17.5 33 25 40 32.5 33 
1 RRT 2.60338 0.45936 1.8114 373.73 244.15 32.5 33 16 17.5 25 10 34 17.5 12.5 25 25 25 37.5 25 17.5 33 25 40 
1 RRT 2.45356 0.35935 1.8269 317.18 190.75 25 25 16 17.5 25 10 34 17.5 12.5 25 37.5 25 17.5 33 25 40 32.5 33 
1 RRT 2.49242 0.35608 1.8713 220.87 173.78 16 17.5 25 10 34 17.5 12.5 25 25 25 37.5 25 17.5 33 25 40 32.5 33 
1 RRT 6.78268 0.37203 6.1303 334.1 225.38 25 25 16 17.5 25 10 34 17.5 12.5 25 37.5 25 17.5 33 25 40 32.5 33 
1 RRT 3.52513 0.35274 2.9072 294.67 188.71 25 25 16 17.5 25 10 34 17.5 12.5 25 37.5 25 17.5 33 25 40 32.5 33 
1 RRT 6.60688 0.34817 5.9986 276.54 181.29 32.5 33 16 17.5 25 10 34 17.5 12.5 25 25 25 37.5 25 17.5 33 25 40 
1 RRT 3.74235 0.34789 3.1322 345.44 241.72 12.5 25 16 17.5 25 10 34 17.5 25 25 37.5 25 17.5 33 25 40 32.5 33 
1 RRT 2.27801 0.36255 1.6473 284.2 178.75 32.5 33 16 17.5 25 10 34 17.5 12.5 25 25 25 37.5 25 17.5 33 25 40 
1 RRT 3.50152 0.35867 2.8773 388.09 243.14 25 25 16 17.5 25 10 34 17.5 12.5 25 37.5 25 17.5 33 25 40 32.5 33 
1 RRT 2.15746 0.43153 1.4118 243.49 158.8 25 10 16 17.5 34 17.5 12.5 25 25 25 37.5 25 17.5 33 25 40 32.5 33 
1 RRT 5.17943 0.46285 4.3797 316.93 217.31 25 25 16 17.5 25 10 34 17.5 12.5 25 37.5 25 17.5 33 25 40 32.5 33 
1 RRT 1.81959 0.46385 1.0143 229.83 149.87 32.5 33 16 17.5 25 10 34 17.5 12.5 25 25 25 37.5 25 17.5 33 25 40 
1 RRT 1.48709 0.35602 0.86691 234.17 143.52 17.5 33 16 17.5 25 10 34 17.5 12.5 25 25 25 37.5 25 25 40 32.5 33 
1 RRT 2.54586 0.35373 1.9327 534.17 335.26 34 17.5 16 17.5 25 10 12.5 25 25 25 37.5 25 17.5 33 25 40 32.5 33 
1 RRT 2.06241 0.35167 1.4502 291.23 210.73 12.5 25 16 17.5 25 10 34 17.5 25 25 37.5 25 17.5 33 25 40 32.5 33 
0 RRT 10.6604 0.35767 10.041 0 -1 37.5 25 16 17.5 25 10 34 17.5 12.5 25 25 25 17.5 33 25 40 32.5 33 
1 RRT 4.9892 0.34758 4.3821 310.25 206.24 25 40 16 17.5 25 10 34 17.5 12.5 25 25 25 37.5 25 17.5 33 32.5 33 
1 RRT 1.35145 0.34882 0.7435 242.1 186.07 25 40 16 17.5 25 10 34 17.5 12.5 25 25 25 37.5 25 17.5 33 32.5 33 
1 RRT 2.2841 0.36315 1.6541 346.67 207.02 17.5 33 16 17.5 25 10 34 17.5 12.5 25 25 25 37.5 25 25 40 32.5 33 
1 RRT 1.9474 0.34958 1.3381 396.71 249.3 25 40 16 17.5 25 10 34 17.5 12.5 25 25 25 37.5 25 17.5 33 32.5 33 
1 RRT 4.23027 0.35008 3.6197 262.97 177.78 25 10 16 17.5 34 17.5 12.5 25 25 25 37.5 25 17.5 33 25 40 32.5 33 
1 RRT 2.21631 0.35025 1.6065 450.14 277.96 25 25 16 17.5 25 10 34 17.5 12.5 25 37.5 25 17.5 33 25 40 32.5 33 
1 RRT 2.88081 0.35633 2.2601 206.75 125.56 17.5 33 16 17.5 25 10 34 17.5 12.5 25 25 25 37.5 25 25 40 32.5 33 
1 RRT 1.48087 0.3469 0.87516 189.61 116.02 37.5 25 16 17.5 25 10 34 17.5 12.5 25 25 25 17.5 33 25 40 32.5 33 
1 RRT 2.74513 0.35583 2.1252 314.85 204.76 25 25 16 17.5 25 10 34 17.5 12.5 25 37.5 25 17.5 33 25 40 32.5 33 
1 RRT 1.80529 0.34901 1.1974 309.36 206.51 25 10 16 17.5 34 17.5 12.5 25 25 25 37.5 25 17.5 33 25 40 32.5 33 
1 RRT 1.44213 0.35773 0.8135 336.15 203.84 25 40 16 17.5 25 10 34 17.5 12.5 25 25 25 37.5 25 17.5 33 32.5 33 
1 RRT 6.52644 0.35985 5.8983 302.77 204.51 25 25 16 17.5 25 10 34 17.5 12.5 25 37.5 25 17.5 33 25 40 32.5 33 
1 RRT 1.00539 0.3379 0.41359 237.89 165.3 34 17.5 16 17.5 25 10 12.5 25 25 25 37.5 25 17.5 33 25 40 32.5 33 
1 RRT 2.76921 0.358 2.1452 337.44 209.82 32.5 33 16 17.5 25 10 34 17.5 12.5 25 25 25 37.5 25 17.5 33 25 40 
1 RRT 6.99091 0.34969 6.3898 314.29 208.28 34 17.5 16 17.5 25 10 12.5 25 25 25 37.5 25 17.5 33 25 40 32.5 33 
1 RRT 5.23053 0.35776 4.6082 277.72 183.66 12.5 25 16 17.5 25 10 34 17.5 25 25 37.5 25 17.5 33 25 40 32.5 33 
1 RRT 4.00064 0.36025 3.3725 296.39 178.73 17.5 33 16 17.5 25 10 34 17.5 12.5 25 25 25 37.5 25 25 40 32.5 33 
1 RRT 5.81953 0.35124 5.2063 244.96 171.72 25 10 16 17.5 34 17.5 12.5 25 25 25 37.5 25 17.5 33 25 40 32.5 33 
1 RRT 4.50468 0.34078 3.9109 264.63 200.81 32.5 33 16 17.5 25 10 34 17.5 12.5 25 25 25 37.5 25 17.5 33 25 40 
1 RRT 1.06776 0.3509 0.45324 252.52 174.69 25 10 16 17.5 34 17.5 12.5 25 25 25 37.5 25 17.5 33 25 40 32.5 33 
1 RRT 2.56759 0.35076 1.9555 251.79 150.58 12.5 25 16 17.5 25 10 34 17.5 25 25 37.5 25 17.5 33 25 40 32.5 33 
1 RRT 3.1399 0.3529 2.5236 249.16 170.49 25 25 16 17.5 25 10 34 17.5 12.5 25 37.5 25 17.5 33 25 40 32.5 33 
1 RRT 4.55065 0.35369 3.9374 385.62 271.76 37.5 25 16 17.5 25 10 34 17.5 12.5 25 25 25 17.5 33 25 40 32.5 33 
1 RRT 1.78474 0.35026 1.1716 285.07 184.42 16 17.5 25 10 34 17.5 12.5 25 25 25 37.5 25 17.5 33 25 40 32.5 33 
1 RRT 1.32712 0.34354 0.72834 279.74 173.05 17.5 33 16 17.5 25 10 34 17.5 12.5 25 25 25 37.5 25 25 40 32.5 33 
1 RRT 3.54806 0.35922 2.9226 237.76 159.38 34 17.5 16 17.5 25 10 12.5 25 25 25 37.5 25 17.5 33 25 40 32.5 33 
1 RRT 3.75582 0.35943 3.1349 343.95 237.8 37.5 25 16 17.5 25 10 34 17.5 12.5 25 25 25 17.5 33 25 40 32.5 33 
1 RRT 3.28937 0.34121 2.6941 369.89 269.21 16 17.5 25 10 34 17.5 12.5 25 25 25 37.5 25 17.5 33 25 40 32.5 33 
1 RRT 3.01535 0.35592 2.3933 234.82 170.26 16 17.5 25 10 34 17.5 12.5 25 25 25 37.5 25 17.5 33 25 40 32.5 33 
1 RRT 2.18485 0.33956 1.5878 250.5 169.8 32.5 33 16 17.5 25 10 34 17.5 12.5 25 25 25 37.5 25 17.5 33 25 40 
0 RRT 10.6682 0.34538 10.064 0 -1 37.5 25 16 17.5 25 10 34 17.5 12.5 25 25 25 17.5 33 25 40 32.5 33 
1 RRT 3.02733 0.34295 2.4264 374.26 268.52 37.5 25 16 17.5 25 10 34 17.5 12.5 25 25 25 17.5 33 25 40 32.5 33 
1 RRT 2.76444 0.35741 2.1406 255.37 168.24 37.5 25 16 17.5 25 10 34 17.5 12.5 25 25 25 17.5 33 25 40 32.5 33 
1 RRT 3.8897 0.34977 3.2805 283.88 194.04 32.5 33 16 17.5 25 10 34 17.5 12.5 25 25 25 37.5 25 17.5 33 25 40 
1 RRT 3.21003 0.35743 2.5878 381.42 235.63 32.5 33 16 17.5 25 10 34 17.5 12.5 25 25 25 37.5 25 17.5 33 25 40 
1 RRT 3.71708 0.3552 3.1001 316.47 191.89 25 40 16 17.5 25 10 34 17.5 12.5 25 25 25 37.5 25 17.5 33 32.5 33 
1 RRT 2.3529 0.35755 1.7293 348.77 224.67 25 25 16 17.5 25 10 34 17.5 12.5 25 37.5 25 17.5 33 25 40 32.5 33 
1 RRT 3.44761 0.35847 2.8209 288.85 174.27 25 25 16 17.5 25 10 34 17.5 12.5 25 37.5 25 17.5 33 25 40 32.5 33 
1 RRT 6.55651 0.37402 5.91 282.01 205.28 25 25 16 17.5 25 10 34 17.5 12.5 25 37.5 25 17.5 33 25 40 32.5 33 
1 RRT 3.84982 0.35929 3.2256 355.93 260.78 12.5 25 16 17.5 25 10 34 17.5 25 25 37.5 25 17.5 33 25 40 32.5 33 
1 RRT 7.8797 0.36226 7.2526 267.81 158.28 25 25 16 17.5 25 10 34 17.5 12.5 25 37.5 25 17.5 33 25 40 32.5 33 
1 RRT 1.43383 0.33299 0.85093 339.52 208.23 12.5 25 16 17.5 25 10 34 17.5 25 25 37.5 25 17.5 33 25 40 32.5 33 
1 RRT 2.16446 0.34035 1.5695 240.53 187.62 37.5 25 16 17.5 25 10 34 17.5 12.5 25 25 25 17.5 33 25 40 32.5 33 
1 RRT 3.55997 0.44775 2.7851 306.59 204.5 25 40 16 17.5 25 10 34 17.5 12.5 25 25 25 37.5 25 17.5 33 32.5 33 
1 RRT 1.73605 0.34405 1.1345 282.13 174.71 16 17.5 25 10 34 17.5 12.5 25 25 25 37.5 25 17.5 33 25 40 32.5 33 
1 RRT 5.5498 0.35946 4.9291 336.68 228.08 32.5 33 16 17.5 25 10 34 17.5 12.5 25 25 25 37.5 25 17.5 33 25 40 
1 RRT 2.48663 0.35151 1.8712 387.15 263.84 17.5 33 16 17.5 25 10 34 17.5 12.5 25 25 25 37.5 25 25 40 32.5 33 
1 RRT 5.65968 0.361 5.0311 322.71 194.3 25 25 16 17.5 25 10 34 17.5 12.5 25 37.5 25 17.5 33 25 40 32.5 33 
1 RRT 2.67507 0.35501 2.057 326.93 243.2 34 17.5 16 17.5 25 10 12.5 25 25 25 37.5 25 17.5 33 25 40 32.5 33 
1 RRT 3.38716 0.45923 2.5978 279.87 204.14 25 25 16 17.5 25 10 34 17.5 12.5 25 37.5 25 17.5 33 25 40 32.5 33 
1 RRT 7.25963 0.34648 6.651 251.71 155.26 37.5 25 16 17.5 25 10 34 17.5 12.5 25 25 25 17.5 33 25 40 32.5 33 
1 RRT 4.55525 0.366 3.9119 227.81 167.12 25 10 16 17.5 34 17.5 12.5 25 25 25 37.5 25 17.5 33 25 40 32.5 33 
1 RRT 3.86881 0.34109 3.2716 363.86 232.77 17.5 33 16 17.5 25 10 34 17.5 12.5 25 25 25 37.5 25 25 40 32.5 33 
1 RRT 2.1168 0.35721 1.4959 352.83 241.28 17.5 33 16 17.5 25 10 34 17.5 12.5 25 25 25 37.5 25 25 40 32.5 33 
1 RRT 4.32601 0.34695 3.7208 306.83 206.38 37.5 25 16 17.5 25 10 34 17.5 12.5 25 25 25 17.5 33 25 40 32.5 33 
1 RRT 4.55031 0.34835 3.9431 299 191.06 25 25 16 17.5 25 10 34 17.5 12.5 25 37.5 25 17.5 33 25 40 32.5 33 
1 RRT 4.13225 0.34853 3.5222 396.15 270.3 25 40 16 17.5 25 10 34 17.5 12.5 25 25 25 37.5 25 17.5 33 32.5 33 
1 RRT 1.90108 0.35577 1.2817 413.66 256.12 25 10 16 17.5 34 17.5 12.5 25 25 25 37.5 25 17.5 33 25 40 32.5 33 
1 RRT 2.463 0.36371 1.8314 331.42 234.23 12.5 25 16 17.5 25 10 34 17.5 25 25 37.5 25 17.5 33 25 40 32.5 33 
1 RRT 7.11794 0.3654 6.4783 256.19 175 32.5 33 16 17.5 25 10 34 17.5 12.5 25 25 25 37.5 25 17.5 33 25 40 
1 RRT 3.87904 0.35931 3.2506 271.7 171.03 25 10 16 17.5 34 17.5 12.5 25 25 25 37.5 25 17.5 33 25 40 32.5 33 
1 RRT 4.87559 0.3696 4.233 297.47 195.56 17.5 33 16 17.5 25 10 34 17.5 12.5 25 25 25 37.5 25 25 40 32.5 33 
1 RRT 1.78487 0.45315 1.0021 249.11 170.48 12.5 25 16 17.5 25 10 34 17.5 25 25 37.5 25 17.5 33 25 40 32.5 33 
1 RRT 3.75936 0.34077 3.1638 389.24 274.71 34 17.5 16 17.5 25 10 12.5 25 25 25 37.5 25 17.5 33 25 40 32.5 33 
1 RRT 1.99837 0.34507 1.4017 258.22 166.12 25 25 16 17.5 25 10 34 17.5 12.5 25 37.5 25 17.5 33 25 40 32.5 33 
1 RRT 1.65156 0.35038 1.0386 252.85 145.8 34 17.5 16 17.5 25 10 12.5 25 25 25 37.5 25 17.5 33 25 40 32.5 33 
1 RRT 3.50311 0.35019 2.8955 243.65 160.28 34 17.5 16 17.5 25 10 12.5 25 25 25 37.5 25 17.5 33 25 40 32.5 33 
0 RRT 10.7623 0.36154 10.134 0 -1 25 25 16 17.5 25 10 34 17.5 12.5 25 37.5 25 17.5 33 25 40 32.5 33 
1 RRT 1.29944 0.3437 0.69493 295.27 195.03 12.5 25 16 17.5 25 10 34 17.5 25 25 37.5 25 17.5 33 25 40 32.5 33 
1 RRT 4.55144 0.35309 3.9369 337.92 203.19 25 40 16 17.5 25 10 34 17.5 12.5 25 25 25 37.5 25 17.5 33 32.5 33 
1 RRT 5.0769 0.3675 4.4357 399.8 292.05 25 10 16 17.5 34 17.5 12.5 25 25 25 37.5 25 17.5 33 25 40 32.5 33 
1 RRT 8.51503 0.36495 7.8871 392.97 245.04 25 40 16 17.5 25 10 34 17.5 12.5 25 25 25 37.5 25 17.5 33 32.5 33 
1 RRT 3.71271 0.35869 3.0855 271.29 186.1 12.5 25 16 17.5 25 10 34 17.5 25 25 37.5 25 17.5 33 25 40 32.5 33 
1 RRT 7.5695 0.37311 6.9236 304.17 224.54 25 25 16 17.5 25 10 34 17.5 12.5 25 37.5 25 17.5 33 25 40 32.5 33 
1 RRT 2.20677 0.44499 1.4222 301.92 182.55 16 17.5 25 10 34 17.5 12.5 25 25 25 37.5 25 17.5 33 25 40 32.5 33 
1 RRT 1.41104 0.34816 0.80041 319.62 210.09 32.5 33 16 17.5 25 10 34 17.5 12.5 25 25 25 37.5 25 17.5 33 25 40 
1 RRT 3.56815 0.34623 2.9645 238.79 155.15 34 17.5 16 17.5 25 10 12.5 25 25 25 37.5 25 17.5 33 25 40 32.5 33 
0 RRT 10.6139 0.35122 10.001 0 -1 25 40 16 17.5 25 10 34 17.5 12.5 25 25 25 37.5 25 17.5 33 32.5 33 
1 RRT 2.48016 0.36365 1.8455 320.41 206.9 34 17.5 16 17.5 25 10 12.5 25 25 25 37.5 25 17.5 33 25 40 32.5 33 
1 RRT 1.77429 0.3517 1.159 261.62 175.26 12.5 25 16 17.5 25 10 34 17.5 25 25 37.5 25 17.5 33 25 40 32.5 33 
1 RRT 1.989 0.40601 1.2674 289.83 196.75 37.5 25 16 17.5 25 10 34 17.5 12.5 25 25 25 17.5 33 25 40 32.5 33 
1 RRT 2.93506 0.34734 2.3288 347.72 252.69 37.5 25 16 17.5 25 10 34 17.5 12.5 25 25 25 17.5 33 25 40 32.5 33 
1 RRT 2.06827 0.39404 1.3677 324.74 223.75 25 10 16 17.5 34 17.5 12.5 25 25 25 37.5 25 17.5 33 25 40 32.5 33 
1 RRT 1.3068 0.36125 0.67547 277.83 181.99 25 25 16 17.5 25 10 34 17.5 12.5 25 37.5 25 17.5 33 25 40 32.5 33 
1 RRT 3.16744 0.35847 2.5429 237.8 154.7 16 17.5 25 10 34 17.5 12.5 25 25 25 37.5 25 17.5 33 25 40 32.5 33 
1 RRT 1.99333 0.36343 1.3495 285.28 197 34 17.5 16 17.5 25 10 12.5 25 25 25 37.5 25 17.5 33 25 40 32.5 33 
1 RRT 2.40867 0.40914 1.6838 217.72 136.25 16 17.5 25 10 34 17.5 12.5 25 25 25 37.5 25 17.5 33 25 40 32.5 33 
1 RRT 3.36884 0.34726 2.7617 267.24 215.01 32.5 33 16 17.5 25 10 34 17.5 12.5 25 25 25 37.5 25 17.5 33 25 40 
1 RRT 2.80157 0.34138 2.2038 226.03 142.79 17.5 33 16 17.5 25 10 34 17.5 12.5 25 25 25 37.5 25 25 40 32.5 33 
1 RRT 5.25198 0.45982 4.4604 388.97 266.58 25 40 16 17.5 25 10 34 17.5 12.5 25 25 25 37.5 25 17.5 33 32.5 33 
1 RRT 4.02069 0.34767 3.4132 338.35 209.92 25 10 16 17.5 34 17.5 12.5 25 25 25 37.5 25 17.5 33 25 40 32.5 33 
1 RRT 4.35852 0.34821 3.7512 325.95 235.57 37.5 25 16 17.5 25 10 34 17.5 12.5 25 25 25 17.5 33 25 40 32.5 33 
1 RRT 2.29475 0.47393 1.4753 244 181.6 25 10 16 17.5 34 17.5 12.5 25 25 25 37.5 25 17.5 33 25 40 32.5 33 
1 RRT 3.70776 0.48264 2.8727 251.69 164 34 17.5 16 17.5 25 10 12.5 25 25 25 37.5 25 17.5 33 25 40 32.5 33 
1 RRT 3.90087 0.35265 3.284 222.01 157.08 34 17.5 16 17.5 25 10 12.5 25 25 25 37.5 25 17.5 33 25 40 32.5 33 
1 RRT 4.89302 0.35607 4.2743 220.56 152.9 25 10 16 17.5 34 17.5 12.5 25 25 25 37.5 25 17.5 33 25 40 32.5 33 
1 RRT 7.73827 0.34888 7.1311 300.98 191.3 25 25 16 17.5 25 10 34 17.5 12.5 25 37.5 25 17.5 33 25 40 32.5 33 
1 RRT 5.84572 0.37175 5.2008 345.38 230.11 25 25 16 17.5 25 10 34 17.5 12.5 25 37.5 25 17.5 33 25 40 32.5 33 
1 RRT 1.79775 0.35189 1.1807 195.56 114.15 34 17.5 16 17.5 25 10 12.5 25 25 25 37.5 25 17.5 33 25 40 32.5 33 
1 RRT 5.07247 0.3635 4.4376 256.29 179.32 25 40 16 17.5 25 10 34 17.5 12.5 25 25 25 37.5 25 17.5 33 32.5 33 
1 RRT 9.22454 0.36273 8.5904 304.16 206.83 37.5 25 16 17.5 25 10 34 17.5 12.5 25 25 25 17.5 33 25 40 32.5 33 
0 RRT 10.6917 0.3597 10.064 0 -1 25 10 16 17.5 34 17.5 12.5 25 25 25 37.5 25 17.5 33 25 40 32.5 33 
1 RRT 2.56828 0.3629 1.9353 369.41 260.12 17.5 33 16 17.5 25 10 34 17.5 12.5 25 25 25 37.5 25 25 40 32.5 33 
1 RRT 3.04293 0.35193 2.432 240.95 164.3 16 17.5 25 10 34 17.5 12.5 25 25 25 37.5 25 17.5 33 25 40 32.5 33 
1 RRT 2.33144 0.3445 1.7299 212.99 155.5 34 17.5 16 17.5 25 10 12.5 25 25 25 37.5 25 17.5 33 25 40 32.5 33 
1 RRT 2.41526 0.35608 1.7923 269.59 181.2 25 10 16 17.5 34 17.5 12.5 25 25 25 37.5 25 17.5 33 25 40 32.5 33 
1 RRT 3.59775 0.3547 2.9748 253.53 168.33 32.5 33 16 17.5 25 10 34 17.5 12.5 25 25 25 37.5 25 17.5 33 25 40 
1 RRT 3.0157 0.34188 2.4197 509.49 326.46 25 10 16 17.5 34 17.5 12.5 25 25 25 37.5 25 17.5 33 25 40 32.5 33 
1 RRT 4.29599 0.34801 3.6895 295.31 187.6 37.5 25 16 17.5 25 10 34 17.5 12.5 25 25 25 17.5 33 25 40 32.5 33 
1 RRT 10.2508 0.35259 9.6361 273.66 185.41 34 17.5 16 17.5 25 10 12.5 25 25 25 37.5 25 17.5 33 25 40 32.5 33 
1 RRT 5.43983 0.3465 4.8385 245.25 154.53 34 17.5 16 17.5 25 10 12.5 25 25 25 37.5 25 17.5 33 25 40 32.5 33 
1 RRT 6.65021 0.40096 5.9434 469.87 326.67 25 10 16 17.5 34 17.5 12.5 25 25 25 37.5 25 17.5 33 25 40 32.5 33 
1 RRT 1.83747 0.39589 1.1347 235.13 173.84 34 17.5 16 17.5 25 10 12.5 25 25 25 37.5 25 17.5 33 25 40 32.5 33 
1 RRT 5.90811 0.4465 5.137 220.5 149.63 34 17.5 16 17.5 25 10 12.5 25 25 25 37.5 25 17.5 33 25 40 32.5 33 
1 RRT 1.97408 0.3631 1.3426 231.9 162.14 16 17.5 25 10 34 17.5 12.5 25 25 25 37.5 25 17.5 33 25 40 32.5 33 
0 RRT 10.7536 0.34397 10.152 0 -1 25 10 16 17.5 34 17.5 12.5 25 25 25 37.5 25 17.5 33 25 40 32.5 33 
1 RRT 3.01907 0.34907 2.4093 273.06 193.68 12.5 25 16 17.5 25 10 34 17.5 25 25 37.5 25 17.5 33 25 40 32.5 33 
1 RRT 2.01363 0.35421 1.3977 295.15 202.15 25 25 16 17.5 25 10 34 17.5 12.5 25 37.5 25 17.5 33 25 40 32.5 33 
1 RRT 5.8962 0.34941 5.2864 287.63 184.93 25 25 16 17.5 25 10 34 17.5 12.5 25 37.5 25 17.5 33 25 40 32.5 33 
1 RRT 4.64897 0.35632 4.0254 317.14 199.3 37.5 25 16 17.5 25 10 34 17.5 12.5 25 25 25 17.5 33 25 40 32.5 33 
1 RRT 3.58054 0.35704 2.9611 455.71 300.08 32.5 33 16 17.5 25 10 34 17.5 12.5 25 25 25 37.5 25 17.5 33 25 40 
1 RRT 4.79753 0.34547 4.1941 260.14 174.13 17.5 33 16 17.5 25 10 34 17.5 12.5 25 25 25 37.5 25 25 40 32.5 33 
1 RRT 1.5071 0.34802 0.89651 213.59 153.2 37.5 25 16 17.5 25 10 34 17.5 12.5 25 25 25 17.5 33 25 40 32.5 33 
1 RRT 3.56772 0.37666 2.914 350.27 248.89 16 17.5 25 10 34 17.5 12.5 25 25 25 37.5 25 17.5 33 25 40 32.5 33 
1 RRT 1.40606 0.36395 0.76937 204.17 128.04 17.5 33 16 17.5 25 10 34 17.5 12.5 25 25 25 37.5 25 25 40 32.5 33 
1 RRT 3.41882 0.34688 2.8127 231.26 170.43 37.5 25 16 17.5 25 10 34 17.5 12.5 25 25 25 17.5 33 25 40 32.5 33 
1 RRT 7.95949 0.3604 7.3292 228.45 140.19 37.5 25 16 17.5 25 10 34 17.5 12.5 25 25 25 17.5 33 25 40 32.5 33 
1 RRT 3.03062 0.34986 2.4212 338.43 198.65 16 17.5 25 10 34 17.5 12.5 25 25 25 37.5 25 17.5 33 25 40 32.5 33 
1 RRT 3.2039 0.33908 2.6085 238.91 171.63 37.5 25 16 17.5 25 10 34 17.5 12.5 25 25 25 17.5 33 25 40 32.5 33 
1 RRT 6.44848 0.3509 5.8334 360.82 230.07 17.5 33 16 17.5 25 10 34 17.5 12.5 25 25 25 37.5 25 25 40 32.5 33 
1 RRT 2.48926 0.35567 1.8665 284.82 195.98 25 40 16 17.5 25 10 34 17.5 12.5 25 25 25 37.5 25 17.5 33 32.5 33 
0 RRT 10.6879 0.36104 10.061 0 -1 25 40 16 17.5 25 10 34 17.5 12.5 25 25 25 37.5 25 17.5 33 32.5 33 
1 RRT 5.62413 0.36274 4.9943 404.75 253.38 37.5 25 16 17.5 25 10 34 17.5 12.5 25 25 25 17.5 33 25 40 32.5 33 
1 RRT 4.44479 0.34606 3.8395 382.15 264.67 12.5 25 16 17.5 25 10 34 17.5 25 25 37.5 25 17.5 33 25 40 32.5 33 
1 RRT 7.36393 0.36476 6.7292 287.19 197.83 17.5 33 16 17.5 25 10 34 17.5 12.5 25 25 25 37.5 25 25 40 32.5 33 
1 RRT 3.4514 0.35159 2.8373 335.55 212.13 12.5 25 16 17.5 25 10 34 17.5 25 25 37.5 25 17.5 33 25 40 32.5 33 
0 RRT 10.6476 0.37149 10.002 0 -1 34 17.5 16 17.5 25 10 12.5 25 25 25 37.5 25 17.5 33 25 40 32.5 33 
1 RRT 1.74562 0.41208 1.0317 265.63 176.91 25 10 16 17.5 34 17.5 12.5 25 25 25 37.5 25 17.5 33 25 40 32.5 33 
1 RRT 1.43849 0.34272 0.83857 309.14 201.69 32.5 33 16 17.5 25 10 34 17.5 12.5 25 25 25 37.5 25 17.5 33 25 40 
1 RRT 3.54934 0.36479 2.9139 258.69 164.39 25 10 16 17.5 34 17.5 12.5 25 25 25 37.5 25 17.5 33 25 40 32.5 33 
1 RRT 4.54554 0.41511 3.8076 281.49 199.97 32.5 33 16 17.5 25 10 34 17.5 12.5 25 25 25 37.5 25 17.5 33 25 40 
1 RRT 1.76276 0.34394 1.1607 331.65 235.6 25 10 16 17.5 34 17.5 12.5 25 25 25 37.5 25 17.5 33 25 40 32.5 33 
1 RRT 8.88012 0.41767 8.1377 254.44 168.14 16 17.5 25 10 34 17.5 12.5 25 25 25 37.5 25 17.5 33 25 40 32.5 33 
1 RRT 5.24098 0.35876 4.6151 328.96 238.04 12.5 25 16 17.5 25 10 34 17.5 25 25 37.5 25 17.5 33 25 40 32.5 33 
1 RRT 8.38957 0.34187 7.7913 342.62 220.63 12.5 25 16 17.5 25 10 34 17.5 25 25 37.5 25 17.5 33 25 40 32.5 33 
1 RRT 1.82003 0.34756 1.2123 227.07 142.37 25 25 16 17.5 25 10 34 17.5 12.5 25 37.5 25 17.5 33 25 40 32.5 33 
1 RRT 4.17864 0.34938 3.5657 287.56 197.31 25 25 16 17.5 25 10 34 17.5 12.5 25 37.5 25 17.5 33 25 40 32.5 33 
1 RRT 1.18293 0.3405 0.58495 290.57 167.92 17.5 33 16 17.5 25 10 34 17.5 12.5 25 25 25 37.5 25 25 40 32.5 33 
1 RRT 2.72934 0.35603 2.11 406.49 299.78 17.5 33 16 17.5 25 10 34 17.5 12.5 25 25 25 37.5 25 25 40 32.5 33 
1 RRT 4.76644 0.34565 4.1626 304.74 202.38 12.5 25 16 17.5 25 10 34 17.5 25 25 37.5 25 17.5 33 25 40 32.5 33 
1 RRT 1.18402 0.35139 0.57011 234.45 164.2 32.5 33 16 17.5 25 10 34 17.5 12.5 25 25 25 37.5 25 17.5 33 25 40 
1 RRT 1.74864 0.34026 1.157 272.62 168.44 25 10 16 17.5 34 17.5 12.5 25 25 25 37.5 25 17.5 33 25 40 32.5 33 
1 RRT 10.3842 0.34905 9.7744 237.72 150.18 25 40 16 17.5 25 10 34 17.5 12.5 25 25 25 37.5 25 17.5 33 32.5 33 
1 RRT 4.99274 0.36691 4.3558 236.63 163.22 17.5 33 16 17.5 25 10 34 17.5 12.5 25 25 25 37.5 25 25 40 32.5 33 
1 RRT 1.42102 0.35257 0.80393 279.44 186.16 25 10 16 17.5 34 17.5 12.5 25 25 25 37.5 25 17.5 33 25 40 32.5 33 
1 RRT 3.68078 0.35262 3.0675 316.38 212.26 12.5 25 16 17.5 25 10 34 17.5 25 25 37.5 25 17.5 33 25 40 32.5 33 
1 RRT 1.24957 0.34055 0.65401 285.56 179.15 16 17.5 25 10 34 17.5 12.5 25 25 25 37.5 25 17.5 33 25 40 32.5 33 
1 RRT 4.81802 0.44999 4.041 295.84 198.64 25 10 16 17.5 34 17.5 12.5 25 25 25 37.5 25 17.5 33 25 40 32.5 33 
1 RRT 1.71733 0.34831 1.1078 208.12 121.71 16 17.5 25 10 34 17.5 12.5 25 25 25 37.5 25 17.5 33 25 40 32.5 33 
1 RRT 3.49349 0.35736 2.8711 275.09 187.75 25 10 16 17.5 34 17.5 12.5 25 25 25 37.5 25 17.5 33 25 40 32.5 33 
0 RRT 10.798 0.36103 10.167 0 -1 17.5 33 16 17.5 25 10 34 17.5 12.5 25 25 25 37.5 25 25 40 32.5 33 
1 RRT 1.99233 0.35499 1.3715 324.78 227.96 32.5 33 16 17.5 25 10 34 17.5 12.5 25 25 25 37.5 25 17.5 33 25 40 
1 RRT 2.54933 0.33695 1.9574 206.98 125.65 32.5 33 16 17.5 25 10 34 17.5 12.5 25 25 25 37.5 25 17.5 33 25 40 
1 RRT 3.85911 0.36321 3.2274 339.84 222.29 25 10 16 17.5 34 17.5 12.5 25 25 25 37.5 25 17.5 33 25 40 32.5 33 
1 RRT 1.99423 0.3522 1.3763 278.11 148.77 17.5 33 16 17.5 25 10 34 17.5 12.5 25 25 25 37.5 25 25 40 32.5 33 
0 RRT 10.7623 0.35843 10.137 0 -1 16 17.5 25 10 34 17.5 12.5 25 25 25 37.5 25 17.5 33 25 40 32.5 33 
1 RRT 3.80475 0.35627 3.1876 214.42 143 25 10 16 17.5 34 17.5 12.5 25 25 25 37.5 25 17.5 33 25 40 32.5 33 
1 RRT 4.30487 0.34859 3.6986 304.32 191.72 16 17.5 25 10 34 17.5 12.5 25 25 25 37.5 25 17.5 33 25 40 32.5 33 
1 RRT 2.13278 0.35148 1.5189 244.97 178.29 32.5 33 16 17.5 25 10 34 17.5 12.5 25 25 25 37.5 25 17.5 33 25 40 
1 RRT 6.5514 0.36578 5.9165 351.12 235.76 16 17.5 25 10 34 17.5 12.5 25 25 25 37.5 25 17.5 33 25 40 32.5 33 
1 RRT 2.77602 0.34899 2.1675 262.11 169.99 37.5 25 16 17.5 25 10 34 17.5 12.5 25 25 25 17.5 33 25 40 32.5 33 
1 RRT 4.52628 0.36431 3.8911 295.82 201.9 32.5 33 16 17.5 25 10 34 17.5 12.5 25 25 25 37.5 25 17.5 33 25 40 
1 RRT 1.30086 0.34681 0.69294 264.64 166.7 25 25 16 17.5 25 10 34 17.5 12.5 25 37.5 25 17.5 33 25 40 32.5 33 
1 RRT 2.51366 0.35485 1.8944 368.33 235.61 25 40 16 17.5 25 10 34 17.5 12.5 25 25 25 37.5 25 17.5 33 32.5 33 
1 RRT 4.35484 0.34672 3.7496 302.65 197.29 32.5 33 16 17.5 25 10 34 17.5 12.5 25 25 25 37.5 25 17.5 33 25 40 
1 RRT 5.19314 0.3604 4.5643 257.57 163.17 17.5 33 16 17.5 25 10 34 17.5 12.5 25 25 25 37.5 25 25 40 32.5 33 
1 RRT 3.29456 0.3592 2.6694 288.91 195.84 12.5 25 16 17.5 25 10 34 17.5 25 25 37.5 25 17.5 33 25 40 32.5 33 
1 RRT 1.68208 0.34368 1.0797 261.52 172.49 17.5 33 16 17.5 25 10 34 17.5 12.5 25 25 25 37.5 25 25 40 32.5 33 
1 RRT 3.63454 0.35167 3.021 261.49 195.29 25 10 16 17.5 34 17.5 12.5 25 25 25 37.5 25 17.5 33 25 40 32.5 33 
1 RRT 3.09397 0.35985 2.4682 310.1 204.13 25 25 16 17.5 25 10 34 17.5 12.5 25 37.5 25 17.5 33 25 40 32.5 33 
1 RRT 1.96281 0.34699 1.3554 301.67 185.43 16 17.5 25 10 34 17.5 12.5 25 25 25 37.5 25 17.5 33 25 40 32.5 33 
1 RRT 2.66206 0.34573 2.0597 365.46 257.54 25 40 16 17.5 25 10 34 17.5 12.5 25 25 25 37.5 25 17.5 33 32.5 33 
1 RRT 1.9918 0.36479 1.3554 231.71 166.45 17.5 33 16 17.5 25 10 34 17.5 12.5 25 25 25 37.5 25 25 40 32.5 33 
1 RRT 8.30626 0.34787 7.7001 418.12 285.01 32.5 33 16 17.5 25 10 34 17.5 12.5 25 25 25 37.5 25 17.5 33 25 40 
1 RRT 3.40116 0.35955 2.7735 553.08 378.11 34 17.5 16 17.5 25 10 12.5 25 25 25 37.5 25 17.5 33 25 40 32.5 33 
1 RRT 1.32559 0.34394 0.7235 231.39 186.8 37.5 25 16 17.5 25 10 34 17.5 12.5 25 25 25 17.5 33 25 40 32.5 33 
1 RRT 1.80119 0.34836 1.1957 272.9 166.62 25 25 16 17.5 25 10 34 17.5 12.5 25 37.5 25 17.5 33 25 40 32.5 33 
1 RRT 3.24254 0.35584 2.6209 248.5 170.15 37.5 25 16 17.5 25 10 34 17.5 12.5 25 25 25 17.5 33 25 40 32.5 33 
1 RRT 2.00711 0.37008 1.3638 335.96 208.76 25 25 16 17.5 25 10 34 17.5 12.5 25 37.5 25 17.5 33 25 40 32.5 33 
1 RRT 6.40288 0.36936 5.7626 302.66 210.68 12.5 25 16 17.5 25 10 34 17.5 25 25 37.5 25 17.5 33 25 40 32.5 33 
1 RRT 4.03929 0.36789 3.396 344.11 220.61 32.5 33 16 17.5 25 10 34 17.5 12.5 25 25 25 37.5 25 17.5 33 25 40 
1 RRT 2.36767 0.34771 1.7593 391.73 255.95 25 10 16 17.5 34 17.5 12.5 25 25 25 37.5 25 17.5 33 25 40 32.5 33 
1 RRT 1.55582 0.33832 0.96467 282.48 191.9 17.5 33 16 17.5 25 10 34 17.5 12.5 25 25 25 37.5 25 25 40 32.5 33 
1 RRT 1.70958 0.3532 1.0949 274.55 176.79 37.5 25 16 17.5 25 10 34 17.5 12.5 25 25 25 17.5 33 25 40 32.5 33 
1 RRT 2.19977 0.35374 1.5824 337.69 240.15 16 17.5 25 10 34 17.5 12.5 25 25 25 37.5 25 17.5 33 25 40 32.5 33 
1 RRT 10.0437 0.36996 9.4034 364.88 256.65 25 25 16 17.5 25 10 34 17.5 12.5 25 37.5 25 17.5 33 25 40 32.5 33 
1 RRT 2.14027 0.34381 1.5406 297.2 212.67 37.5 25 16 17.5 25 10 34 17.5 12.5 25 25 25 17.5 33 25 40 32.5 33 
1 RRT 7.31266 0.35301 6.6984 272.92 198.66 34 17.5 16 17.5 25 10 12.5 25 25 25 37.5 25 17.5 33 25 40 32.5 33 
1 RRT 4.71988 0.35085 4.1069 328.56 215.39 17.5 33 16 17.5 25 10 34 17.5 12.5 25 25 25 37.5 25 25 40 32.5 33 
1 RRT 1.84256 0.3473 1.2374 365 209.32 25 40 16 17.5 25 10 34 17.5 12.5 25 25 25 37.5 25 17.5 33 32.5 33 
1 RRT 3.17326 0.35154 2.5592 286 219.42 25 40 16 17.5 25 10 34 17.5 12.5 25 25 25 37.5 25 17.5 33 32.5 33 
1 RRT 4.03933 0.34411 3.4379 308.79 198.51 12.5 25 16 17.5 25 10 34 17.5 25 25 37.5 25 17.5 33 25 40 32.5 33 
1 RRT 1.24838 0.35314 0.63092 273.89 186.31 32.5 33 16 17.5 25 10 34 17.5 12.5 25 25 25 37.5 25 17.5 33 25 40 
1 RRT 3.34551 0.35483 2.7265 416.97 270.76 16 17.5 25 10 34 17.5 12.5 25 25 25 37.5 25 17.5 33 25 40 32.5 33 
1 RRT 2.24561 0.35417 1.6281 329.04 177.29 16 17.5 25 10 34 17.5 12.5 25 25 25 37.5 25 17.5 33 25 40 32.5 33 
1 RRT 4.43924 0.3507 3.8258 256.93 183.57 32.5 33 16 17.5 25 10 34 17.5 12.5 25 25 25 37.5 25 17.5 33 25 40 
1 RRT 2.05649 0.34014 1.4607 479.64 289.97 12.5 25 16 17.5 25 10 34 17.5 25 25 37.5 25 17.5 33 25 40 32.5 33 
1 RRT 3.8112 0.34423 3.2105 227.36 153.55 25 10 16 17.5 34 17.5 12.5 25 25 25 37.5 25 17.5 33 25 40 32.5 33 
1 RRT 6.19026 0.35504 5.572 362.81 268.61 25 40 16 17.5 25 10 34 17.5 12.5 25 25 25 37.5 25 17.5 33 32.5 33 
1 RRT 3.05149 0.36266 2.4143 319.57 209.43 34 17.5 16 17.5 25 10 12.5 25 25 25 37.5 25 17.5 33 25 40 32.5 33 
1 RRT 6.27603 0.35344 5.6578 458.79 282.82 25 25 16 17.5 25 10 34 17.5 12.5 25 37.5 25 17.5 33 25 40 32.5 33 
1 RRT 6.19209 0.35175 5.5773 300.48 191.39 25 10 16 17.5 34 17.5 12.5 25 25 25 37.5 25 17.5 33 25 40 32.5 33 
1 RRT 4.06138 0.37142 3.4068 369.9 256.42 12.5 25 16 17.5 25 10 34 17.5 25 25 37.5 25 17.5 33 25 40 32.5 33 
1 RRT 3.66822 0.38051 3.0004 271.84 170.87 12.5 25 16 17.5 25 10 34 17.5 25 25 37.5 25 17.5 33 25 40 32.5 33 
1 RRT 4.78401 0.36509 4.1535 260.64 176.66 34 17.5 16 17.5 25 10 12.5 25 25 25 37.5 25 17.5 33 25 40 32.5 33 
1 RRT 3.60486 0.35246 2.9896 385.72 271.13 12.5 25 16 17.5 25 10 34 17.5 25 25 37.5 25 17.5 33 25 40 32.5 33 
1 RRT 5.33977 0.34047 4.7444 266.51 174.81 37.5 25 16 17.5 25 10 34 17.5 12.5 25 25 25 17.5 33 25 40 32.5 33 
1 RRT 7.17191 0.35125 6.5599 346.97 235.48 25 40 16 17.5 25 10 34 17.5 12.5 25 25 25 37.5 25 17.5 33 32.5 33 
1 RRT 3.19569 0.35367 2.5801 457.46 290.03 17.5 33 16 17.5 25 10 34 17.5 12.5 25 25 25 37.5 25 25 40 32.5 33 
1 RRT 0.95966 0.32963 0.37946 205.42 112.13 12.5 25 16 17.5 25 10 34 17.5 25 25 37.5 25 17.5 33 25 40 32.5 33 
