NAME: atsp
TYPE: ATSP
DIMENSION: 17
EDGE_WEIGHT_TYPE: EXPLICIT
EDGE_WEIGHT_FORMAT: FULL_MATRIX
EDGE_WEIGHT_SECTION
0 11.67 8.91 20.22 11.19 6.8 13.8 18.48 13.94 11.65 16.35 21.44 25.46 18.19 21.36 33.1 1e+08
1e+08 0 20.48 31.72 12.52 16.24 25.43 30.11 18.37 19.58 27.98 33.07 29.89 26.25 32.04 44.08 0
1e+08 20.48 0 11.31 17.93 13.5 6.75 11.25 20.68 18.12 11.6 15.49 32.2 23.5 18.96 30.7 0
1e+08 31.72 11.31 0 29.24 24.81 16.05 11.96 31.99 29.43 18.9 21.92 43.04 31.43 26.89 38.63 0
1e+08 12.52 17.93 29.24 0 5.02 21.17 25.85 6.02 7.62 22.11 26.75 17.54 14.29 20.08 32.12 0
1e+08 16.24 13.5 24.81 5.02 0 16.56 21.24 7.47 5.07 19.11 23.87 18.99 11.61 17.2 29.24 0
1e+08 25.43 6.75 16.05 21.17 16.56 0 5.12 23.75 19.11 5.13 8.74 28.64 17.03 12.49 24.23 0
1e+08 30.11 11.25 11.96 25.85 21.24 5.12 0 26.64 22 7.39 10.41 31.53 19.92 15.38 27.12 0
1e+08 18.37 20.68 31.99 6.02 7.47 23.75 26.64 0 5.31 19.36 24 11.56 11.26 17.33 29.37 0
1e+08 19.58 18.12 29.43 7.62 5.07 19.11 22 5.31 0 14.72 19.36 15.82 6.7 12.69 24.73 0
1e+08 27.98 11.6 18.9 22.11 19.11 5.13 7.39 19.36 14.72 0 5.11 24.25 12.64 8.06 19.8 0
1e+08 33.07 15.49 21.92 26.75 23.87 8.74 10.41 24 19.36 5.11 0 28.89 17.28 12.7 24.44 0
1e+08 29.89 32.2 43.04 17.54 18.99 28.64 31.53 11.56 15.82 24.25 28.89 0 11.65 20.98 33.07 0
1e+08 26.25 23.5 31.43 14.29 11.61 17.03 19.92 11.26 6.7 12.64 17.28 11.65 0 9.33 21.42 0
1e+08 32.04 18.96 26.89 20.08 17.2 12.49 15.38 17.33 12.69 8.06 12.7 20.98 9.33 0 12.16 0
1e+08 44.08 30.7 38.63 32.12 29.24 24.23 27.12 29.37 24.73 19.8 24.44 33.07 21.42 12.16 0 0
 0 1e+08 1e+08 1e+08 1e+08 1e+08 1e+08 1e+08 1e+08 1e+08 1e+08 1e+08 1e+08 1e+08 1e+08 1e+08 1e+08 
EOF
