60
4
-27.4046 -20.7973 -31.5034 -24.3345 -27.9662 -28.4334 -23.8674 -24.8962 

6
-1.15991 -2.72787 0.497984 0.674147 -1.61931 3.81093 -5.39449 3.5457 -7.05238 0.143677 -4.93509 -2.99311 

6
17.7285 -11.6064 23.6951 -10.4457 22.8639 -6.17306 22.3731 -6.26854 23.1088 -10.0504 17.633 -11.1156 

3
-24.4165 3.41743 -16.645 3.73158 -20.8028 10.3048 

4
-30.6764 26.1811 -28.7998 29.684 -31.6931 31.234 -33.5697 27.7311 

3
17.9928 -23.2446 17.3652 -17.0312 12.2981 -20.6814 

4
-12.3794 13.5865 -14.3382 17.5469 -17.6738 15.8971 -15.7149 11.9367 

3
9.52742 -24.4299 8.24694 -32.8212 16.1542 -29.7345 

4
9.53244 5.11848 5.96888 2.13406 9.00575 -1.49214 12.5693 1.49228 

8
11.0517 19.5085 6.98261 16.61 10.7102 11.377 14.6101 14.155 14.32 14.5622 10.8274 12.0743 7.67995 16.4929 11.3417 19.1013 

4
-0.49631 -15.6495 -1.09004 -19.5077 2.05088 -19.991 2.64461 -16.1329 

6
24.6386 -27.3216 28.8217 -29.2976 32.6244 -26.663 32.2441 -22.0524 28.0611 -20.0764 24.2584 -22.7111 

4
24.7028 27.133 23.8152 24.2581 27.1069 23.2419 27.9945 26.1167 

4
-21.9473 -14.3603 -17.7395 -13.4455 -18.6543 -9.23774 -22.862 -10.1525 

4
-9.99073 -12.8295 -13.7389 -14.6991 -11.8417 -18.5029 -8.09347 -16.6333 

4
-24.3404 22.5688 -19.0745 23.1512 -19.6569 28.4171 -24.9228 27.8347 

4
-4.44676 -32.9388 -2.86878 -29.0794 -6.87561 -27.4411 -8.45359 -31.3005 

8
10.1476 -9.96702 9.60208 -7.19476 7.25603 -5.62024 4.48378 -6.16579 2.90925 -8.51183 3.4548 -11.2841 5.80084 -12.8586 8.5731 -12.3131 

4
17.1414 31.4565 12.9798 32.933 11.5033 28.7714 15.6649 27.2949 

6
6.78783 33.0302 1.44377 35.4063 -1.03671 29.8277 -0.579835 29.6245 1.6975 34.7463 6.58468 32.5733 

4
-4.15181 14.8816 -0.743751 13.1805 0.611543 15.8958 -2.79652 17.5969 

4
30.5946 1.50522 30.1362 -2.00492 34.6855 -2.59908 35.1439 0.91106 

3
-28.8645 -1.70702 -31.7635 2.80246 -34.2193 -1.9629 

6
29.6004 -13.8414 33.8937 -13.5348 33.4524 -7.35516 32.9537 -7.39078 33.3594 -13.0717 29.5647 -13.3427 

6
30.3189 19.1847 29.088 14.4968 33.7219 13.28 33.8489 13.7636 29.6986 14.8534 30.8025 19.0577 

4
-16.5394 -25.4639 -14.3297 -28.6724 -11.0135 -26.3885 -13.2233 -23.18 

4
15.2439 6.79746 18.3055 3.12829 20.8177 5.22453 17.7561 8.8937 

3
-12.2991 28.5809 -5.88057 30.9956 -11.1811 35.3468 

4
-34.6724 14.4913 -32.1204 10.2201 -28.2616 12.5256 -30.8136 16.7969 

4
-18.1148 -30.7507 -22.0517 -31.9998 -20.9793 -35.3799 -17.0423 -34.1308 

4
-29.3801 -8.31176 -33.0965 -10.2121 -31.0796 -14.1564 -27.3632 -12.256 

4
-12.5038 -5.84576 -11.8537 -2.66215 -15.0649 -2.00642 -15.715 -5.19002 

8
4.37616 25.7897 2.03853 25.5397 0.562305 23.71 0.812241 21.3724 2.64193 19.8962 4.97956 20.1461 6.45579 21.9758 6.20585 24.3134 

7
29.1895 30.8003 31.2061 29.031 33.8467 29.5044 35.1229 31.8641 34.0738 34.3332 31.4892 35.0524 29.3155 33.4801 

4
-4.72027 21.819 -6.83422 23.9898 -10.0125 20.8948 -7.89855 18.724 

6
24.6279 2.8553 28.5042 5.12458 26.0954 9.23902 25.664 8.98642 27.82 5.30346 24.3753 3.2868 

6
16.9616 23.1438 15.563 18.7099 20.1412 17.2658 20.2916 17.7427 16.1903 19.0364 17.4385 22.9934 

4
-10.287 8.98058 -8.21802 6.62289 -5.10742 9.35259 -7.1764 11.7103 

4
-9.38367 -9.22692 -5.68613 -10.3592 -4.68627 -7.09403 -8.38381 -5.96176 

4
4.92276 -28.0298 5.31498 -24.277 2.2063 -23.9521 1.81409 -27.7049 

4
-7.59687 -24.4446 -3.83677 -23.8019 -4.39707 -20.5238 -8.15717 -21.1665 

6
-17.2271 32.0432 -20.4335 35.8533 -24.2622 32.6314 -23.9402 32.2488 -20.4941 35.1488 -17.6097 31.7212 

4
2.82065 5.36424 4.42951 9.70805 1.42606 10.8205 -0.182792 6.47665 

4
-31.7682 -31.1105 -32.1691 -34.1397 -27.8161 -34.7158 -27.4152 -31.6866 

4
-19.7465 -1.35477 -24.2188 -2.29629 -23.5218 -5.60694 -19.0495 -4.66542 

4
19.4729 34.8734 20.9577 30.9972 24.3509 32.297 22.8661 36.1732 

6
29.5753 9.21168 32.8342 6.28589 35.9326 9.73704 35.5605 10.0711 32.7962 6.99197 29.9093 9.58374 

4
14.8573 -3.41266 15.0824 -7.99665 18.2221 -7.84245 17.997 -3.25846 

6
29.9552 -34.834 35.5256 -34.3543 35.0974 -29.3821 34.5993 -29.425 34.9845 -33.8991 29.9123 -34.3358 

4
20.4666 -31.412 18.9857 -34.0854 22.405 -35.9796 23.8859 -33.3062 

6
-17.0349 -17.1034 -22.3638 -19.1301 -20.6524 -23.6302 -20.185 -23.4524 -21.7188 -19.4197 -16.8571 -17.5707 

3
-26.6483 15.9151 -21.5463 14.647 -22.9991 19.6995 

6
20.8488 -15.7629 23.832 -18.8413 27.3641 -15.4183 27.0162 -15.0593 23.8431 -18.1342 21.2079 -15.415 

4
2.91794 -35.1038 2.89865 -31.7661 -0.399681 -31.7852 -0.380395 -35.1229 

4
9.94574 -18.6783 9.9413 -15.3495 6.52018 -15.354 6.52462 -18.6828 

4
-12.1948 6.92331 -12.8804 10.2211 -16.2704 9.51637 -15.5848 6.21858 

4
35.4087 22.5449 35.6236 26.4954 31.2555 26.733 31.0406 22.7825 

4
22.5866 16.1717 26.9756 15.0661 27.8108 18.3821 23.4219 19.4876 

4
12.7044 -13.9545 15.8162 -13.5238 15.348 -10.1416 12.2362 -10.5724 

3
25.6916 -7.09044 27.352 -12.3789 31.1018 -8.29665 

